2000.455  156.791
2000.531  148.542
2000.605  153.566
2000.679  154.661
2000.753  158.748
2000.83  155.078
2000.903  154.074
2000.977  157.005
2001.051  159.363
2001.127  162.893
2001.202  160.843
2001.276  155.894
2001.352  159.530
2001.426  160.616
2001.5  161.059
2001.574  159.711
2001.651  157.803
2001.725  155.995
2001.799  158.384
2001.873  158.396
2001.949  159.076
2002.023  157.308
2002.097  160.815
2002.174  158.716
2002.248  158.359
2002.322  159.329
2002.396  158.460
2002.473  160.110
2002.547  153.911
2002.621  154.554
2002.695  157.616
2002.771  157.844
2002.845  154.825
2002.919  156.349
2002.996  158.882
2003.07  156.764
2003.144  158.721
2003.218  155.776
2003.295  157.757
2003.369  156.178
2003.443  154.325
2003.519  156.931
2003.593  157.866
2003.667  159.066
2003.741  160.575
2003.818  145.662
2003.892  152.331
2003.966  156.987
2004.04  157.116
2004.117  162.936
2004.19  164.822
2004.264  166.340
2004.341  167.507
2004.415  166.852
2004.488  166.511
2004.561  163.216
2004.638  167.790
2004.712  167.963
2004.786  170.282
2004.859  165.907
2004.936  166.623
2005.01  160.963
2005.084  166.092
2005.16  168.093
2005.235  168.758
2005.309  165.904
2005.382  167.386
2005.459  169.017
2005.533  165.080
2005.607  166.033
2005.684  161.368
2005.758  169.259
2005.832  170.996
2005.906  170.721
2005.982  171.432
2006.056  173.230
2006.13  175.561
2006.204  176.350
2006.281  176.249
2006.355  176.395
2006.429  176.515
2006.506  175.611
2006.58  176.030
2006.654  175.612
2006.728  177.567
2006.804  177.600
2006.878  175.737
2006.952  174.503
2007.026  176.981
2007.103  176.941
2007.177  178.481
2007.251  180.069
2007.328  180.997
2007.402  180.671
2007.476  180.674
2007.549  180.427
2007.626  180.915
2007.7  181.407
2007.774  181.595
2007.848  180.519
2007.925  181.567
2007.999  180.200
2008.073  179.631
2008.149  180.092
2008.223  180.421
2008.297  180.289
2008.371  180.238
2008.447  180.547
2008.52  180.742
2008.594  181.462
2008.671  182.014
2008.745  182.333
2008.819  182.683
2008.892  182.668
2008.968  183.485
2009.042  183.253
2009.117  184.278
2009.191  185.399
2009.268  185.960
2009.341  185.913
2009.415  185.971
2009.492  185.978
2009.566  185.514
2009.64  185.957
2009.714  187.775
2009.79  185.144
2009.865  185.691
2009.938  185.764
2010.012  185.013
2010.089  181.848
2010.163  181.512
2010.237  179.828
2010.314  179.483
2010.388  180.014
2010.462  179.189
2010.536  178.155
2010.613  179.014
2010.687  178.663
2010.76  179.618
2010.837  178.678
2010.911  177.816
2010.985  178.444
2011.059  179.364
2011.136  177.500
2011.21  175.471
2011.284  174.568
2011.358  175.348
2011.435  170.413
2011.508  172.417
2011.582  172.435
2011.659  173.435
2011.733  171.495
2011.807  173.314
2011.881  175.691
2011.957  176.257
2012.032  170.754
2012.106  171.707
2012.179  167.681
2012.256  173.777
2012.33  173.793
2012.404  171.142
2012.479  168.817
2012.553  165.186
2012.627  168.038
2012.701  170.373
2012.778  170.497
2012.851  170.076
2012.925  170.853
2012.999  171.962
2013.075  172.220
2013.149  171.400
2013.224  171.202
2013.3  170.069
2013.374  163.539
2013.448  166.174
2013.522  166.663
2013.599  167.570
2013.673  168.163
2013.747  170.874
2013.823  170.475
2013.897  167.853
2013.971  168.862
2014.045  167.198
2014.122  165.219
2014.196  168.925
2014.27  168.422
2014.344  168.785
2014.421  166.354
2014.495  166.877
2014.569  168.738
2014.645  166.983
2014.719  168.636
2014.793  166.884
2014.867  165.876
2014.944  163.895
2015.018  164.856
2015.092  164.723
2015.166  163.553
2015.243  164.771
2015.317  166.295
2015.391  169.152
2015.467  165.264
2015.541  168.561
2015.615  167.830
2015.689  167.879
2015.766  169.553
2015.84  170.084
2015.914  170.093
2015.988  171.743
2016.064  174.677
2016.138  175.126
2016.212  175.827
2016.289  174.497
2016.363  175.734
2016.436  174.994
2016.509  174.658
2016.586  175.468
2016.66  176.302
2016.734  177.059
2016.811  178.008
2016.884  178.524
2016.957  178.825
2017.032  178.592
2017.108  180.935
2017.183  182.036
2017.257  180.833
2017.33  180.968
2017.407  181.485
2017.481  179.775
2017.555  177.434
2017.632  176.260
2017.706  176.141
2017.78  178.921
2017.854  180.364
2017.93  179.933
2018.004  179.986
2018.078  178.391
2018.152  178.804
2018.229  181.302
2018.303  181.508
2018.377  181.692
2018.454  181.484
2018.528  181.479
2018.602  181.598
2018.676  182.739
2018.752  183.578
2018.826  181.904
2018.9  181.858
2018.977  180.892
2019.051  178.499
2019.125  184.333
2019.199  183.691
2019.276  183.050
2019.35  182.000
2019.424  182.600
2019.497  181.785
2019.574  181.561
2019.648  181.882
2019.722  183.776
2019.799  182.181
2019.873  182.126
2019.947  181.781
2020.021  183.232
2020.097  184.714
2020.171  184.183
2020.245  185.011
2020.319  184.501
2020.395  182.932
2020.468  183.221
2020.542  182.630
2020.619  182.271
2020.693  183.084
2020.767  182.835
2020.84  182.615
2020.916  180.513
2020.99  179.961
2021.064  177.844
2021.138  181.247
2021.215  183.806
2021.289  183.031
2021.363  182.691
