1960.001  114.020
1961.001  119.570
1962.001  121.452
1963.001  123.121
1964.001  124.389
1965.001  125.762
1966.001  123.295
1967.001  119.384
1968.001  116.492
1969.001  115.560
1970.001  116.504
1971.001  121.692
1972.001  122.464
1973.001  121.872
1974.001  121.063
1975.001  122.952
1976.001  123.216
1977.001  122.793
1978.001  120.510
1979.001  116.233
1980.001  114.379
1981.001  112.600
1982.001  111.126
1983.001  113.087
1984.001  115.172
1985.001  120.620
1986.001  123.447
1987.001  123.338
1988.001  117.701
1989.001  108.469
1990.001  108.024
1991.001  107.385
1992.001  115.059
1993.001  118.571
1994.001  119.431
1995.001  121.148
1996.001  121.472
1997.001  122.425
1998.001  119.617
1999.001  116.682
2000.001  110.998
2001.001  112.283
2002.001  110.499
2003.001  111.711
2004.001  117.013
2005.001  117.389
2006.001  121.883
2007.001  123.880
2008.001  124.284
2009.001  126.535
2010.001  124.150
2011.001  121.739
2012.001  119.994
2013.001  119.339
2014.001  117.864
2015.001  118.075
2016.001  122.300
2017.001  124.089
2018.001  125.225
2019.001  125.551
