1959.908  112.865
1959.982  111.925
1960.056  113.200
1960.133  113.024
1960.206  112.888
1960.281  112.071
1960.354  111.120
1960.43  113.312
1960.504  112.893
1960.578  114.597
1960.655  114.749
1960.729  117.294
1960.802  117.034
1960.875  115.214
1960.952  117.596
1961.026  118.340
1961.1  118.635
1961.174  119.036
1961.251  118.942
1961.325  119.630
1961.399  119.409
1961.476  118.930
1961.549  116.506
1961.623  119.793
1961.698  119.457
1961.774  121.479
1961.848  122.638
1961.922  122.026
1961.996  122.608
1962.073  122.036
1962.147  121.870
1962.221  121.801
1962.298  120.609
1962.371  121.553
1962.446  120.909
1962.519  120.587
1962.596  121.007
1962.67  121.081
1962.744  120.973
1962.818  121.993
1962.895  121.632
1962.968  122.526
1963.042  122.984
1963.119  123.986
1963.194  124.223
1963.268  123.830
1963.341  122.217
1963.418  122.981
1963.492  123.052
1963.566  122.818
1963.643  122.706
1963.717  121.177
1963.79  123.174
1963.865  123.621
1963.941  125.058
1964.015  125.194
1964.089  124.792
1964.163  124.160
1964.239  123.706
1964.313  123.877
1964.387  124.266
1964.611  124.073
1964.685  123.833
1964.761  124.069
1964.834  124.018
1964.908  125.332
1964.982  125.716
1965.059  125.672
1965.133  125.790
1965.207  126.678
1965.284  127.100
1965.358  126.575
1965.432  125.160
1965.506  124.888
1965.582  124.689
1965.656  125.010
1965.73  125.213
1965.804  125.670
1965.881  126.330
1965.955  126.281
1966.029  125.597
1966.106  125.842
1966.18  124.479
1966.254  124.257
1966.328  125.084
1966.404  123.551
1966.478  122.819
1966.552  123.019
1966.629  121.464
1966.703  119.792
1966.777  121.842
1966.851  122.560
1966.927  121.566
1967.001  120.801
1967.075  120.403
1967.149  121.237
1967.226  120.938
1967.3  119.883
1967.374  119.365
1967.451  118.914
1967.525  119.605
1967.599  118.188
1967.673  118.725
1967.749  119.169
1967.823  117.980
1967.897  117.746
1967.971  118.185
1968.048  118.475
1968.122  118.090
1968.196  117.781
1968.272  118.489
1968.346  117.239
1968.419  116.188
1968.493  116.217
1968.57  116.843
1968.644  116.104
1968.718  116.146
1968.794  113.799
1968.867  113.743
1968.941  114.336
1969.015  116.106
1969.092  116.631
1969.166  115.859
1969.24  116.241
1969.314  112.896
1969.391  113.189
1969.465  112.562
1969.538  114.569
1969.615  116.307
1969.689  116.403
1969.763  117.223
1969.837  116.918
1969.914  116.838
1969.988  116.972
1970.062  116.922
1970.136  117.350
1970.213  117.034
1970.287  116.505
1970.361  115.655
1970.437  114.221
1970.511  114.662
1970.585  115.742
1970.659  116.772
1970.736  117.676
1970.81  116.559
1970.884  117.228
1970.957  119.129
1971.034  118.618
1971.108  119.921
1971.183  120.161
1971.259  120.367
1971.333  120.776
1971.407  122.369
1971.481  122.622
1971.558  122.988
1971.632  122.704
1971.706  122.601
1971.782  123.946
1971.856  122.949
1971.93  123.067
1972.004  122.749
1972.081  122.695
1972.155  123.508
1972.228  124.311
1972.302  123.845
1972.379  122.912
1972.452  122.641
1972.526  121.802
1972.603  119.044
1972.677  122.104
1972.75  122.614
1972.824  121.798
1972.9  122.139
1972.974  122.578
1973.048  122.215
1973.122  121.659
1973.199  121.154
1973.273  119.943
1973.347  118.826
1973.424  120.852
1973.497  121.491
1973.571  121.517
1973.645  123.281
1973.722  122.951
1973.796  123.131
1973.87  123.617
1973.947  123.345
1974.021  123.480
1974.095  123.896
1974.169  123.055
1974.246  122.611
1974.32  121.148
1974.393  120.214
1974.467  118.668
1974.544  119.625
1974.618  120.102
1974.692  118.856
1974.769  119.499
1974.843  120.188
1974.916  121.891
1974.99  121.396
1975.067  122.571
1975.141  122.957
1975.215  123.479
1975.289  123.455
1975.366  123.216
1975.44  123.844
1975.514  123.368
1975.591  122.846
1975.665  122.982
1975.739  123.000
1975.812  122.644
1975.889  122.137
1975.963  123.064
1976.037  122.886
1976.111  123.246
1976.187  122.653
1976.261  123.032
1976.335  123.230
1976.412  123.166
1976.485  123.215
1976.559  123.588
1976.633  123.502
1976.709  123.305
1976.783  123.671
1976.856  123.271
1976.933  123.243
1977.007  123.284
1977.081  122.966
1977.155  123.391
1977.232  123.244
1977.306  123.322
1977.38  123.097
1977.454  121.908
1977.53  121.506
1977.604  121.933
1977.678  121.703
1977.755  123.027
1977.829  123.594
1977.903  123.316
1977.977  122.193
1978.053  122.188
1978.127  120.331
1978.202  121.852
1978.276  116.597
1978.352  119.854
1978.426  119.591
1978.5  119.506
1978.577  121.575
1978.651  122.137
1978.725  120.019
1978.799  120.636
1978.875  121.025
1978.949  119.842
1979.023  119.916
1979.1  118.816
1979.174  117.949
1979.248  116.100
1979.322  117.151
1979.399  114.591
1979.473  114.726
1979.547  115.370
1979.621  112.946
1979.698  113.530
1979.771  115.953
1979.845  115.508
1979.922  117.730
1979.996  116.592
1980.07  116.362
1980.144  117.099
1980.22  115.794
1980.294  116.670
1980.368  115.228
1980.441  113.338
1980.518  113.693
1980.592  114.351
1980.666  114.162
1980.742  112.722
1980.816  111.742
1980.889  110.943
1980.963  112.930
1981.04  113.201
1981.114  112.090
1981.188  112.996
1981.262  110.925
1981.339  109.808
1981.413  112.668
1981.487  113.822
1981.563  112.632
1981.637  114.357
1981.711  113.684
1981.785  110.973
1981.862  111.852
1981.936  114.023
1982.01  115.619
1982.086  112.077
1982.16  114.755
1982.235  115.769
1982.309  115.560
1982.385  114.003
1982.459  110.292
1982.533  106.369
1982.607  108.085
1982.684  105.704
1982.758  108.812
1982.832  109.760
1982.908  108.111
1982.982  108.929
1983.056  110.943
1983.13  112.727
1983.207  114.019
1983.281  112.450
1983.355  110.201
1983.429  112.280
1983.506  113.955
1983.58  113.473
1983.654  114.053
1983.73  114.337
1983.804  114.633
1983.878  115.239
1983.952  115.594
1984.029  117.262
1984.103  116.056
1984.176  115.346
1984.25  114.975
1984.327  111.823
1984.401  112.786
1984.474  114.316
1984.55  114.627
1984.624  115.687
1984.699  116.145
1984.772  115.900
1984.848  115.697
1984.922  116.207
1984.996  116.991
1985.073  117.844
1985.147  118.656
1985.221  119.949
1985.295  119.028
1985.371  120.635
1985.446  121.726
1985.519  121.431
1985.593  121.656
1985.67  122.311
1985.744  121.990
1985.818  122.316
1985.895  122.351
1985.968  122.086
1986.042  121.560
1986.117  120.551
1986.194  122.198
1986.268  123.622
1986.341  124.022
1986.415  124.356
1986.492  124.378
1986.566  124.435
1986.64  124.174
1986.717  124.604
1986.79  123.592
1986.865  123.556
1986.938  124.538
1987.015  125.427
1987.089  125.950
1987.163  126.051
1987.24  125.539
1987.314  125.287
1987.388  123.973
1987.462  123.383
1987.538  122.878
1987.613  121.992
1987.687  121.458
1987.76  121.484
1987.837  120.205
1987.911  120.141
1987.985  118.703
1988.062  119.605
1988.136  118.588
1988.209  118.748
1988.283  119.495
1988.36  118.834
1988.433  118.754
1988.507  117.283
1988.581  116.968
1988.657  117.178
1988.731  116.713
1988.805  116.511
1988.881  116.386
1988.955  113.173
1989.029  113.233
1989.103  112.845
1989.18  107.490
1989.254  108.978
1989.328  107.468
1989.402  107.342
1989.478  110.095
1989.552  111.521
1989.626  107.206
1989.703  108.191
1989.777  104.080
1989.851  103.891
1989.925  106.060
1990.001  107.555
1990.075  108.225
1990.149  108.315
1990.226  105.051
1990.3  104.933
1990.374  104.010
1990.448  106.631
1990.525  107.489
1990.599  107.629
1990.673  108.797
1990.747  110.927
1990.823  111.340
1990.897  111.777
1990.971  112.786
1991.048  113.530
1991.122  113.271
1991.196  104.250
1991.27  109.158
1991.347  107.750
1991.421  97.675
1991.495  98.513
1991.569  103.942
1991.645  106.673
1991.719  109.667
1991.793  108.119
1991.87  110.142
1991.944  110.248
1992.018  111.291
1992.092  110.295
1992.168  111.801
1992.242  114.712
1992.316  113.626
1992.393  115.138
1992.466  116.577
1992.539  117.196
1992.614  116.978
1992.69  116.348
1992.764  117.235
1992.837  116.780
1992.911  118.033
1992.988  117.874
1993.062  118.063
1993.136  116.427
1993.213  117.562
1993.287  118.383
1993.361  118.448
1993.435  118.777
1993.511  118.866
1993.585  118.832
1993.659  119.615
1993.733  119.152
1993.81  119.395
1993.884  119.581
1993.957  119.523
1994.034  119.305
1994.108  118.360
1994.183  118.601
1994.257  118.331
1994.333  118.813
1994.407  118.706
1994.481  119.340
1994.555  119.711
1994.632  120.331
1994.706  120.473
1994.78  120.145
1994.856  120.303
1994.93  120.186
1995.004  120.832
1995.078  121.072
1995.155  120.730
1995.229  120.914
1995.303  121.349
1995.38  121.076
1995.454  120.914
1995.528  120.822
1995.602  121.025
1995.678  121.290
1995.752  121.614
1995.826  121.567
1995.9  121.830
1995.977  121.095
1996.051  121.831
1996.125  121.907
1996.201  122.057
1996.275  122.095
1996.349  121.663
1996.422  121.557
1996.498  121.548
1996.572  121.438
1996.646  121.183
1996.72  121.075
1996.797  120.582
1996.87  120.959
1996.944  121.393
1997.021  122.462
1997.095  122.735
1997.169  122.809
1997.243  122.523
1997.32  122.784
1997.393  122.664
1997.467  122.150
1997.541  122.535
1997.618  122.830
1997.692  122.255
1997.766  122.210
1997.843  121.883
1997.916  121.933
1997.99  121.602
1998.064  121.308
1998.141  121.823
1998.215  120.539
1998.289  117.877
1998.366  118.702
1998.44  118.012
1998.514  119.371
1998.588  118.101
1998.665  119.651
1998.739  119.845
1998.812  120.071
1998.886  118.953
1998.963  118.595
1999.037  116.936
1999.111  116.932
1999.188  117.450
1999.262  117.724
1999.336  117.454
1999.41  118.932
1999.487  119.146
1999.56  118.400
1999.634  115.203
1999.708  115.441
1999.785  114.484
1999.859  114.157
1999.933  113.885
2000.01  114.510
2000.084  113.778
2000.158  112.306
2000.231  112.270
2000.308  111.737
2000.382  108.910
2000.455  109.924
2000.531  106.032
2000.605  109.628
2000.679  110.226
2000.753  112.753
2000.83  110.360
2000.903  109.983
2000.977  111.964
2001.051  112.915
2001.127  115.223
2001.202  113.239
2001.276  109.892
2001.352  112.140
2001.426  112.906
2001.5  113.279
2001.574  112.148
2001.651  111.263
2001.725  109.806
2001.799  112.089
2001.873  112.174
2001.949  111.640
2002.023  110.219
2002.097  112.898
2002.174  111.237
2002.248  111.210
2002.322  111.356
2002.396  111.077
2002.473  112.018
2002.547  108.359
2002.621  108.832
2002.695  110.456
2002.771  110.641
2002.845  109.040
2002.919  109.599
2002.996  112.896
2003.07  112.364
2003.144  113.032
2003.218  112.563
2003.295  112.399
2003.369  111.163
2003.443  109.768
2003.519  111.933
2003.593  112.492
2003.667  112.968
2003.741  114.093
2003.818  105.377
2003.892  110.262
2003.966  112.825
2004.04  112.792
2004.117  115.782
2004.19  116.658
2004.264  117.141
2004.341  117.896
2004.415  117.702
2004.488  117.608
2004.561  115.712
2004.638  118.411
2004.712  118.443
2004.786  119.514
2004.859  117.765
2004.936  118.240
2005.01  114.265
2005.084  117.492
2005.16  118.069
2005.235  118.420
2005.309  116.952
2005.382  117.612
2005.459  118.142
2005.533  116.061
2005.607  116.729
2005.684  113.940
2005.758  118.351
2005.832  119.555
2005.906  119.759
2005.982  119.907
2006.056  121.064
2006.13  121.887
2006.204  122.346
2006.281  122.267
2006.355  122.171
2006.429  122.356
2006.506  121.586
2006.58  121.835
2006.654  121.593
2006.728  122.556
2006.804  122.590
2006.878  122.272
2006.952  121.835
2007.026  123.407
2007.103  123.339
2007.177  123.647
2007.251  124.253
2007.328  124.212
2007.402  124.051
2007.476  124.076
2007.549  123.761
2007.626  123.729
2007.7  123.982
2007.774  124.094
2007.848  123.779
2007.925  124.205
2007.999  123.864
2008.073  123.913
2008.149  123.881
2008.223  124.043
2008.297  123.982
2008.371  123.884
2008.447  123.941
2008.52  123.944
2008.594  124.392
2008.671  124.405
2008.745  124.603
2008.819  124.933
2008.892  125.109
2008.968  125.685
2009.042  126.037
2009.117  126.556
2009.191  126.612
2009.268  126.776
2009.341  126.874
2009.415  126.632
2009.492  126.562
2009.566  126.466
2009.64  126.388
2009.714  126.467
2009.79  126.564
2009.865  126.796
2009.938  126.750
2010.012  126.584
2010.089  125.532
2010.163  124.753
2010.237  123.938
2010.314  124.063
2010.388  123.967
2010.462  123.729
2010.536  123.430
2010.613  123.828
2010.687  123.442
2010.76  123.873
2010.837  123.456
2010.911  123.141
2010.985  123.929
2011.059  124.333
2011.136  123.507
2011.21  121.419
2011.284  121.570
2011.358  122.099
2011.435  119.426
2011.508  120.726
2011.582  120.862
2011.659  121.125
2011.733  119.855
2011.807  121.276
2011.881  122.208
2011.957  122.714
2012.032  121.471
2012.106  121.225
2012.179  118.420
2012.256  121.706
2012.33  121.568
2012.404  120.169
2012.479  118.980
2012.553  117.142
2012.627  118.926
2012.701  119.815
2012.778  119.508
2012.851  119.659
2012.925  120.406
2012.999  121.283
2013.075  121.372
2013.149  120.188
2013.224  120.059
2013.3  119.257
2013.374  116.461
2013.448  118.119
2013.522  118.351
2013.599  118.897
2013.673  118.905
2013.747  120.010
2013.823  119.797
2013.897  118.786
2013.971  118.999
2014.045  118.481
2014.122  116.758
2014.196  118.477
2014.27  118.513
2014.344  119.050
2014.421  117.463
2014.495  117.933
2014.569  118.744
2014.645  117.874
2014.719  118.160
2014.793  116.659
2014.867  117.118
2014.944  115.853
2015.018  117.536
2015.092  117.500
2015.166  115.999
2015.243  116.599
2015.317  117.448
2015.391  118.976
2015.467  117.105
2015.541  119.118
2015.615  118.745
2015.689  118.440
2015.766  118.920
2015.84  119.065
2015.914  119.730
2015.988  120.592
2016.064  122.174
2016.138  122.061
2016.212  121.867
2016.289  121.227
2016.363  122.051
2016.436  121.740
2016.509  121.699
2016.586  122.262
2016.66  122.497
2016.734  123.196
2016.811  123.500
2016.884  124.172
2016.957  124.043
2017.032  124.694
2017.108  124.979
2017.183  125.150
2017.257  124.286
2017.33  124.287
2017.407  124.446
2017.481  123.843
2017.555  122.908
2017.632  122.675
2017.706  122.750
2017.78  123.698
2017.854  124.522
2017.93  124.850
2018.004  125.141
2018.078  125.242
2018.152  125.119
2018.229  125.167
2018.303  125.105
2018.377  125.063
2018.454  124.971
2018.528  125.237
2018.602  125.253
2018.676  125.281
2018.752  125.348
2018.826  125.390
2018.9  125.340
2018.977  125.479
2019.051  125.598
2019.125  125.818
2019.199  125.854
2019.276  125.419
2019.35  125.551
2019.497  125.000
2019.574  124.637
2019.648  125.273
2019.722  126.238
2019.799  125.127
2019.873  125.049
2019.947  125.375
2020.097  125.954
2020.245  126.141
2020.319  125.830
