1960.001  152.337
1961.001  160.425
1962.001  164.490
1963.001  160.851
1964.001  164.098
1965.001  169.825
1966.001  165.799
1967.001  159.421
1968.001  156.489
1969.001  157.992
1970.001  158.767
1971.001  166.526
1972.001  167.637
1973.001  166.542
1974.001  163.668
1975.001  167.455
1976.001  166.150
1977.001  162.862
1978.001  161.870
1979.001  153.952
1980.001  149.192
1981.001  143.848
1982.001  141.500
1983.001  146.441
1984.001  149.554
1985.001  156.159
1986.001  160.106
1987.001  159.640
1988.001  151.228
1989.001  138.401
1990.001  137.438
1991.001  137.557
1992.001  149.366
1993.001  155.286
1994.001  156.513
1995.001  159.484
1996.001  160.784
1997.001  161.581
1998.001  159.244
1999.001  154.602
2000.001  144.959
2001.001  147.379
2002.001  145.067
2003.001  144.266
2004.001  152.692
2005.001  153.921
2006.001  160.937
2007.001  163.900
2008.001  164.848
2009.001  168.106
2010.001  164.143
2011.001  159.955
2012.001  156.942
2013.001  155.996
2014.001  153.922
2015.001  153.888
2016.001  160.667
2017.001  163.320
2018.001  164.960
2019.001  165.588
