1959.908  156.361
1959.982  152.930
1960.056  151.951
1960.133  153.571
1960.206  150.144
1960.281  151.489
1960.354  149.469
1960.43  153.754
1960.504  152.399
1960.578  156.395
1960.655  154.301
1960.729  153.833
1960.802  151.675
1960.875  149.463
1960.952  154.722
1961.026  160.403
1961.1  159.371
1961.174  161.630
1961.251  159.833
1961.325  160.738
1961.399  161.055
1961.476  159.800
1961.549  155.847
1961.623  159.981
1961.698  158.518
1961.774  162.304
1961.848  162.925
1961.922  163.175
1961.996  164.420
1962.073  163.576
1962.147  165.344
1962.221  165.318
1962.298  162.453
1962.371  163.936
1962.446  164.810
1962.519  165.265
1962.596  165.487
1962.67  164.320
1962.744  164.739
1962.818  164.634
1962.895  163.891
1962.968  166.221
1963.042  166.097
1963.119  166.285
1963.194  165.152
1963.268  157.053
1963.341  157.936
1963.418  159.600
1963.492  160.052
1963.566  160.060
1963.643  160.010
1963.717  158.527
1963.79  161.365
1963.865  159.385
1963.941  161.492
1964.015  165.318
1964.089  162.692
1964.163  162.322
1964.239  163.657
1964.313  163.016
1964.387  165.665
1964.463  163.172
1964.537  162.569
1964.611  160.213
1964.685  160.906
1964.761  161.680
1964.834  167.506
1964.908  171.825
1964.982  171.419
1965.059  169.674
1965.133  171.179
1965.207  171.246
1965.284  171.672
1965.358  171.700
1965.432  166.832
1965.506  170.170
1965.582  169.566
1965.656  167.564
1965.73  168.401
1965.804  170.364
1965.881  168.467
1965.955  169.289
1966.029  170.697
1966.106  168.740
1966.18  167.736
1966.254  170.509
1966.328  170.170
1966.404  168.085
1966.478  164.921
1966.552  161.831
1966.629  158.785
1966.703  160.154
1966.777  165.688
1966.851  167.203
1966.927  159.138
1967.001  157.822
1967.075  162.760
1967.149  161.951
1967.226  160.698
1967.3  158.956
1967.374  156.843
1967.451  159.216
1967.525  161.173
1967.599  159.317
1967.673  158.970
1967.749  159.951
1967.823  157.205
1967.897  158.246
1967.971  157.350
1968.048  158.369
1968.122  156.006
1968.196  155.658
1968.272  156.884
1968.346  152.595
1968.419  154.803
1968.493  154.317
1968.57  156.441
1968.644  159.649
1968.718  157.017
1968.794  156.281
1968.867  157.335
1968.941  158.881
1969.015  160.751
1969.092  159.003
1969.166  157.335
1969.24  157.415
1969.314  151.625
1969.391  154.340
1969.465  153.819
1969.538  158.913
1969.615  159.811
1969.689  160.405
1969.763  160.891
1969.837  159.597
1969.914  159.010
1969.988  159.745
1970.062  159.400
1970.136  158.922
1970.213  158.449
1970.287  155.437
1970.361  155.859
1970.437  156.410
1970.511  158.383
1970.585  160.752
1970.659  160.206
1970.736  160.227
1970.81  158.282
1970.884  159.546
1970.957  163.145
1971.034  162.510
1971.108  164.587
1971.183  164.399
1971.259  164.475
1971.333  165.503
1971.407  167.879
1971.481  168.163
1971.558  169.103
1971.632  168.335
1971.706  167.933
1971.782  170.010
1971.856  166.705
1971.93  166.991
1972.004  168.058
1972.081  169.615
1972.155  171.547
1972.228  171.786
1972.302  170.723
1972.379  167.960
1972.452  167.805
1972.526  169.063
1972.603  157.670
1972.677  161.239
1972.75  168.649
1972.824  168.307
1972.9  167.507
1972.974  166.969
1973.048  165.828
1973.122  163.130
1973.199  164.447
1973.273  160.761
1973.347  163.699
1973.424  167.643
1973.497  169.091
1973.571  168.329
1973.645  171.161
1973.722  168.091
1973.796  167.806
1973.87  168.257
1973.947  166.149
1974.021  164.543
1974.095  165.198
1974.169  165.475
1974.246  168.096
1974.32  164.292
1974.393  164.128
1974.467  161.971
1974.544  164.206
1974.618  164.496
1974.692  160.981
1974.769  159.648
1974.843  161.501
1974.916  162.975
1974.99  162.596
1975.067  164.552
1975.141  166.379
1975.215  165.306
1975.289  167.731
1975.366  168.573
1975.44  169.799
1975.514  169.457
1975.591  169.029
1975.665  169.405
1975.739  167.974
1975.812  167.658
1975.889  167.003
1975.963  167.750
1976.037  167.616
1976.111  168.159
1976.187  167.500
1976.261  167.788
1976.335  168.548
1976.412  168.730
1976.485  169.758
1976.559  168.215
1976.633  167.217
1976.709  164.888
1976.783  161.377
1976.856  159.615
1976.933  159.861
1977.007  157.334
1977.081  158.275
1977.155  159.194
1977.232  161.501
1977.306  162.628
1977.38  165.095
1977.454  164.632
1977.53  164.277
1977.604  164.182
1977.678  164.187
1977.755  164.449
1977.829  165.435
1977.903  165.265
1977.977  162.200
1978.053  162.679
1978.127  159.530
1978.202  161.763
1978.276  153.777
1978.352  161.164
1978.426  161.405
1978.5  160.946
1978.577  164.924
1978.651  165.589
1978.725  162.157
1978.799  163.501
1978.875  164.173
1978.949  161.363
1979.023  160.274
1979.1  158.207
1979.174  155.322
1979.248  153.995
1979.322  155.683
1979.399  152.297
1979.473  153.079
1979.547  154.381
1979.621  149.849
1979.698  151.491
1979.771  152.661
1979.845  149.899
1979.922  153.096
1979.996  151.296
1980.07  151.842
1980.144  153.775
1980.22  151.013
1980.294  151.809
1980.368  150.725
1980.441  147.793
1980.518  149.238
1980.592  151.057
1980.666  151.466
1980.742  148.379
1980.816  144.371
1980.889  141.203
1980.963  142.688
1981.04  144.007
1981.114  143.695
1981.188  144.019
1981.262  139.591
1981.339  138.149
1981.413  145.181
1981.487  146.859
1981.563  144.690
1981.637  148.415
1981.711  147.366
1981.785  141.475
1981.862  142.093
1981.936  144.516
1982.01  147.804
1982.086  143.185
1982.16  147.751
1982.235  149.347
1982.309  148.860
1982.385  145.770
1982.459  140.291
1982.533  135.205
1982.607  137.217
1982.684  134.142
1982.758  136.857
1982.832  139.558
1982.908  135.321
1982.982  136.663
1983.056  141.704
1983.13  145.495
1983.207  145.865
1983.281  145.419
1983.355  141.762
1983.429  147.416
1983.506  151.287
1983.58  150.167
1983.654  149.934
1983.73  147.761
1983.804  147.704
1983.878  148.365
1983.952  148.957
1984.029  152.630
1984.103  151.438
1984.176  151.011
1984.25  149.642
1984.327  145.261
1984.401  146.966
1984.474  147.407
1984.55  147.847
1984.624  150.464
1984.699  150.413
1984.772  150.694
1984.848  149.472
1984.922  150.433
1984.996  151.617
1985.073  151.002
1985.147  152.549
1985.221  154.209
1985.295  153.134
1985.371  156.630
1985.446  156.771
1985.519  156.615
1985.593  157.097
1985.67  158.507
1985.744  158.919
1985.818  160.424
1985.895  160.550
1985.968  159.936
1986.042  157.993
1986.117  156.123
1986.194  158.039
1986.268  159.261
1986.341  160.651
1986.415  161.223
1986.492  160.976
1986.566  161.523
1986.64  161.237
1986.717  162.034
1986.79  160.727
1986.865  160.643
1986.938  160.846
1987.015  162.647
1987.089  164.445
1987.163  162.966
1987.24  162.857
1987.314  163.404
1987.388  160.597
1987.462  159.617
1987.538  159.060
1987.613  157.892
1987.687  157.484
1987.76  155.807
1987.837  154.938
1987.911  154.772
1987.985  152.000
1988.062  153.380
1988.136  153.226
1988.209  152.876
1988.283  154.023
1988.36  152.795
1988.433  152.982
1988.507  150.634
1988.581  150.419
1988.657  150.644
1988.731  148.735
1988.805  149.518
1988.881  148.643
1988.955  144.923
1989.029  145.944
1989.103  144.900
1989.18  137.330
1989.254  138.917
1989.328  137.011
1989.402  137.098
1989.478  140.959
1989.552  142.952
1989.626  136.484
1989.703  138.178
1989.777  131.535
1989.851  131.678
1989.925  134.599
1990.001  137.345
1990.075  138.137
1990.149  138.181
1990.226  133.140
1990.3  133.052
1990.374  130.917
1990.448  134.434
1990.525  136.699
1990.599  136.700
1990.673  138.462
1990.747  141.826
1990.823  142.236
1990.897  143.398
1990.971  144.691
1991.048  147.507
1991.122  146.764
1991.196  132.615
1991.27  140.416
1991.347  137.675
1991.421  121.353
1991.495  123.078
1991.569  131.827
1991.645  136.532
1991.719  140.596
1991.793  139.443
1991.87  142.596
1991.944  141.736
1992.018  143.497
1992.092  141.971
1992.168  143.564
1992.242  148.367
1992.316  147.419
1992.393  150.035
1992.466  151.760
1992.539  153.283
1992.614  152.661
1992.69  151.928
1992.764  153.274
1992.837  151.593
1992.911  154.396
1992.988  154.394
1993.062  154.132
1993.136  152.012
1993.213  153.651
1993.287  154.737
1993.361  155.554
1993.435  155.816
1993.511  156.226
1993.585  156.464
1993.659  157.328
1993.733  155.117
1993.81  156.357
1993.884  156.735
1993.957  155.908
1994.034  155.584
1994.108  154.507
1994.183  154.706
1994.257  154.577
1994.333  155.445
1994.407  155.046
1994.481  157.254
1994.555  157.691
1994.632  158.420
1994.706  158.320
1994.78  157.961
1994.856  157.643
1994.93  157.856
1995.004  158.482
1995.078  158.933
1995.155  158.656
1995.229  158.898
1995.303  159.541
1995.38  159.690
1995.454  160.050
1995.528  160.151
1995.602  159.934
1995.678  159.590
1995.752  160.102
1995.826  159.743
1995.9  159.853
1995.977  159.467
1996.051  161.445
1996.125  160.816
1996.201  161.350
1996.275  161.069
1996.349  160.310
1996.422  161.170
1996.498  161.047
1996.572  161.590
1996.646  161.384
1996.72  160.838
1996.797  159.211
1996.87  159.453
1996.944  160.929
1997.021  161.862
1997.095  161.836
1997.169  162.161
1997.243  162.091
1997.32  162.247
1997.393  162.488
1997.467  161.191
1997.541  161.006
1997.618  162.471
1997.692  161.872
1997.766  160.355
1997.843  160.838
1997.916  160.556
1997.99  160.890
1998.064  161.976
1998.141  163.030
1998.215  161.105
1998.289  156.919
1998.366  158.301
1998.44  157.127
1998.514  158.968
1998.588  157.513
1998.665  159.399
1998.739  159.388
1998.812  159.346
1998.886  157.798
1998.963  157.572
1999.037  154.860
1999.111  154.610
1999.188  156.011
1999.262  156.506
1999.336  155.223
1999.41  157.896
1999.487  158.798
1999.56  157.989
1999.634  152.895
1999.708  152.750
1999.785  150.984
1999.859  150.356
1999.933  149.569
2000.01  150.710
2000.084  148.672
2000.158  147.116
2000.231  147.290
2000.308  146.021
2000.382  142.067
2000.455  143.379
2000.531  136.954
2000.605  143.364
2000.679  144.149
2000.753  147.405
2000.83  143.665
2000.903  142.832
2000.977  146.643
2001.051  147.833
2001.127  151.700
2001.202  148.852
2001.276  142.940
2001.352  147.442
2001.426  148.121
2001.5  149.632
2001.574  147.968
2001.651  145.256
2001.725  143.770
2001.799  147.531
2001.873  146.814
2001.949  146.900
2002.023  144.994
2002.097  148.876
2002.174  146.328
2002.248  146.695
2002.322  146.377
2002.396  146.047
2002.473  147.974
2002.547  141.598
2002.621  142.899
2002.695  145.382
2002.771  144.980
2002.845  141.793
2002.919  142.837
2002.996  145.546
2003.07  144.444
2003.144  146.100
2003.218  145.768
2003.295  145.030
2003.369  143.585
2003.443  141.581
2003.519  145.235
2003.593  145.988
2003.667  146.567
2003.741  148.126
2003.818  134.541
2003.892  141.322
2003.966  145.556
2004.04  145.233
2004.117  151.374
2004.19  152.381
2004.264  153.279
2004.341  154.286
2004.415  153.523
2004.488  153.880
2004.561  151.131
2004.638  155.370
2004.712  154.112
2004.786  156.477
2004.859  153.861
2004.936  154.615
2005.01  148.138
2005.084  153.524
2005.16  154.585
2005.235  155.293
2005.309  152.686
2005.382  154.531
2005.459  155.558
2005.533  152.123
2005.607  153.009
2005.684  149.050
2005.758  155.998
2005.832  157.841
2005.906  157.589
2005.982  158.013
2006.056  159.515
2006.13  161.256
2006.204  161.854
2006.281  161.683
2006.355  161.203
2006.429  162.033
2006.506  161.067
2006.58  161.151
2006.654  160.318
2006.728  162.196
2006.804  161.384
2006.878  161.012
2006.952  159.899
2007.026  162.407
2007.103  162.848
2007.177  163.588
2007.251  164.316
2007.328  164.044
2007.402  164.214
2007.476  164.298
2007.549  164.108
2007.626  164.226
2007.7  164.796
2007.774  164.886
2007.848  163.548
2007.925  164.092
2007.999  163.370
2008.073  164.167
2008.149  164.122
2008.223  164.360
2008.297  163.664
2008.371  163.569
2008.447  164.333
2008.52  164.748
2008.594  165.454
2008.671  166.002
2008.745  166.247
2008.819  166.199
2008.892  166.304
2008.968  166.408
2009.042  167.638
2009.117  167.138
2009.191  167.257
2009.268  167.985
2009.341  167.743
2009.415  168.215
2009.492  168.423
2009.566  168.518
2009.64  168.629
2009.714  168.623
2009.79  168.795
2009.865  168.651
2009.938  168.449
2010.012  168.327
2010.089  166.817
2010.163  164.973
2010.237  163.894
2010.314  163.826
2010.388  163.621
2010.462  163.874
2010.536  163.330
2010.613  163.469
2010.687  162.970
2010.76  163.651
2010.837  162.855
2010.911  162.044
2010.985  163.097
2011.059  164.305
2011.136  162.353
2011.21  158.954
2011.284  159.892
2011.358  160.398
2011.435  156.472
2011.508  158.937
2011.582  158.978
2011.659  159.758
2011.733  156.707
2011.807  159.226
2011.881  160.599
2011.957  160.035
2012.032  158.632
2012.106  158.353
2012.179  154.147
2012.256  159.365
2012.33  159.301
2012.404  157.466
2012.479  155.832
2012.553  152.909
2012.627  155.623
2012.701  157.034
2012.778  156.748
2012.851  156.750
2012.925  157.084
2012.999  159.042
2013.075  158.760
2013.149  157.178
2013.224  156.810
2013.3  155.517
2013.374  150.730
2013.448  153.924
2013.522  154.745
2013.599  155.525
2013.673  155.772
2013.747  157.631
2013.823  157.002
2013.897  155.372
2013.971  155.561
2014.045  154.416
2014.122  151.922
2014.196  154.745
2014.27  154.665
2014.344  155.427
2014.421  153.814
2014.495  153.964
2014.569  156.172
2014.645  154.776
2014.719  154.885
2014.793  152.100
2014.867  152.574
2014.944  149.631
2015.018  152.441
2015.092  152.560
2015.166  150.127
2015.243  150.819
2015.317  152.857
2015.391  155.782
2015.467  152.699
2015.541  156.224
2015.615  155.576
2015.689  154.989
2015.766  155.628
2015.84  155.205
2015.914  156.285
2015.988  157.882
2016.064  159.926
2016.138  160.096
2016.212  159.904
2016.289  158.826
2016.363  159.928
2016.436  159.795
2016.509  159.932
2016.586  160.942
2016.66  161.379
2016.734  162.755
2016.811  162.906
2016.884  162.878
2016.957  162.721
2017.032  164.097
2017.108  164.327
2017.183  164.359
2017.257  163.507
2017.33  163.381
2017.407  164.348
2017.481  163.643
2017.555  161.587
2017.632  161.851
2017.706  161.095
2017.78  162.749
2017.854  164.079
2017.93  164.187
2018.004  163.487
2018.078  163.968
2018.152  164.822
2018.229  163.935
2018.303  164.576
2018.377  165.096
2018.454  165.592
2018.528  165.831
2018.602  166.010
2018.676  166.020
2018.752  165.646
2018.826  164.889
2018.9  164.647
2018.977  164.349
2019.051  165.925
2019.125  165.890
2019.199  166.300
2019.276  165.924
2019.35  164.395
2019.424  165.587
2019.497  165.851
2019.574  165.492
2019.648  166.336
2019.722  166.077
2019.799  165.436
2019.873  165.398
2019.947  164.918
2020.021  166.154
2020.097  166.117
2020.171  167.059
2020.245  167.568
2020.319  166.847
2020.395  166.728
2020.468  166.754
2020.542  166.895
2020.619  166.616
2020.693  167.072
2020.767  166.020
2020.84  166.535
2020.916  166.143
