1960.001  151.324
1960.086  152.787
1960.165  153.576
1960.25  150.537
1960.332  148.869
1960.416  153.363
1960.498  152.671
1960.583  156.501
1960.668  155.157
1960.75  151.618
1960.834  149.207
1960.916  152.837
1961.001  160.011
1961.086  159.332
1961.163  161.445
1961.248  159.876
1961.33  161.095
1961.415  160.930
1961.497  156.288
1961.582  159.315
1961.667  158.907
1961.749  161.658
1961.834  162.836
1961.916  163.094
1962.001  164.321
1962.086  163.683
1962.163  165.632
1962.248  163.232
1962.33  163.783
1962.415  164.551
1962.497  165.400
1962.582  165.402
1962.667  164.356
1962.749  165.128
1962.834  163.679
1962.916  164.442
1963.001  166.208
1963.086  165.807
1963.163  166.613
1963.248  158.293
1963.33  157.576
1963.415  159.583
1963.497  160.315
1963.582  159.346
1963.667  158.730
1963.749  161.647
1963.834  159.961
1963.916  160.578
1964.001  165.204
1964.086  162.656
1964.165  162.276
1964.25  163.268
1964.332  165.621
1964.416  164.281
1964.498  161.984
1964.583  161.641
1964.668  160.161
1964.75  162.206
1964.834  168.421
1964.916  171.554
1965.001  170.442
1965.086  170.692
1965.163  170.544
1965.248  172.373
1965.33  171.690
1965.415  166.955
1965.497  170.245
1965.582  169.117
1965.667  167.672
1965.749  169.229
1965.834  169.791
1965.916  169.023
1966.001  170.540
1966.086  168.590
1966.163  167.883
1966.248  170.333
1966.33  170.345
1966.415  166.866
1966.497  164.536
1966.582  160.920
1966.667  156.749
1966.749  165.850
1966.834  166.441
1966.916  160.071
1967.001  158.398
1967.086  163.538
1967.163  161.956
1967.248  159.302
1967.33  156.779
1967.415  159.543
1967.497  160.598
1967.582  159.309
1967.667  159.068
1967.749  159.744
1967.834  157.338
1967.916  157.915
1968.001  157.763
1968.086  156.882
1968.165  155.354
1968.25  157.173
1968.332  153.148
1968.416  154.862
1968.498  154.986
1968.583  156.291
1968.668  159.564
1968.75  156.971
1968.834  156.267
1968.916  158.482
1969.001  160.795
1969.086  158.968
1969.163  157.402
1969.248  156.351
1969.33  152.057
1969.415  153.680
1969.497  156.765
1969.582  159.582
1969.667  160.834
1969.749  160.479
1969.834  159.731
1969.916  159.284
1970.001  159.447
1970.086  159.931
1970.163  158.697
1970.248  157.085
1970.33  155.074
1970.415  155.981
1970.497  158.131
1970.582  160.868
1970.667  160.453
1970.749  159.757
1970.834  157.533
1970.916  162.227
1971.001  161.980
1971.086  164.639
1971.163  164.399
1971.248  164.559
1971.33  165.771
1971.415  168.177
1971.497  168.450
1971.582  168.623
1971.667  168.293
1971.749  169.021
1971.834  167.596
1971.916  166.796
1972.001  168.222
1972.086  169.790
1972.165  172.293
1972.25  171.207
1972.332  169.273
1972.416  166.955
1972.498  171.063
1972.583  157.787
1972.668  161.432
1972.75  168.551
1972.834  168.443
1972.916  166.829
1973.001  166.082
1973.086  164.677
1973.163  164.419
1973.248  161.045
1973.33  163.365
1973.415  167.747
1973.497  168.709
1973.582  169.575
1973.667  170.182
1973.749  167.754
1973.834  167.862
1973.916  166.938
1974.001  164.675
1974.086  165.280
1974.163  165.486
1974.248  167.996
1974.33  164.121
1974.415  163.114
1974.497  162.691
1974.582  164.892
1974.667  161.854
1974.749  159.930
1974.834  161.398
1974.916  162.656
1975.001  163.234
1975.086  165.273
1975.163  165.641
1975.248  166.239
1975.33  168.931
1975.415  169.384
1975.497  169.447
1975.582  169.155
1975.667  169.260
1975.749  167.853
1975.834  167.128
1975.916  168.050
1976.001  167.159
1976.086  167.751
1976.165  168.332
1976.25  167.317
1976.332  168.391
1976.416  168.910
1976.498  169.525
1976.583  167.772
1976.668  165.865
1976.75  162.640
1976.834  159.883
1976.916  160.274
1977.001  157.204
1977.086  158.509
1977.163  159.257
1977.248  162.096
1977.33  163.656
1977.415  165.363
1977.497  164.369
1977.582  164.072
1977.667  164.388
1977.749  164.373
1977.834  165.423
1977.916  164.503
1978.001  162.204
1978.086  161.415
1978.163  160.747
1978.248  158.348
1978.33  157.953
1978.415  160.987
1978.497  161.383
1978.582  165.248
1978.667  164.560
1978.749  161.998
1978.834  164.213
1978.916  163.360
1979.001  159.704
1979.086  158.483
1979.163  155.540
1979.248  154.046
1979.33  155.105
1979.415  152.440
1979.497  153.535
1979.582  149.982
1979.667  152.152
1979.749  153.142
1979.834  150.252
1979.916  152.766
1980.001  151.953
1980.086  151.676
1980.165  154.520
1980.25  150.266
1980.332  151.486
1980.416  147.606
1980.498  148.941
1980.583  151.006
1980.668  151.800
1980.75  147.189
1980.834  143.351
1980.916  140.949
1981.001  144.635
1981.086  144.245
1981.163  143.273
1981.248  139.972
1981.33  138.366
1981.415  144.792
1981.497  145.539
1981.582  147.662
1981.667  148.542
1981.749  142.580
1981.834  142.232
1981.916  144.442
1982.001  147.143
1982.086  143.463
1982.163  148.106
1982.248  148.786
1982.33  149.523
1982.415  141.320
1982.497  136.887
1982.582  137.141
1982.667  134.632
1982.749  136.838
1982.834  139.677
1982.916  134.657
1983.001  139.120
1983.086  143.192
1983.163  145.641
1983.248  145.963
1983.33  141.852
1983.415  146.973
1983.497  151.113
1983.582  150.441
1983.667  149.266
1983.749  147.419
1983.834  148.195
1983.916  147.859
1984.001  152.485
1984.086  151.739
1984.165  150.716
1984.25  148.970
1984.332  145.399
1984.416  147.298
1984.498  147.588
1984.583  149.785
1984.668  150.232
1984.75  150.656
1984.834  149.652
1984.916  150.247
1985.001  151.327
1985.086  151.797
1985.163  152.687
1985.248  154.273
1985.33  154.675
1985.415  157.024
1985.497  156.725
1985.582  156.921
1985.667  158.543
1985.749  159.103
1985.834  160.775
1985.916  159.955
1986.001  159.131
1986.086  156.475
1986.163  157.626
1986.248  158.888
1986.33  160.670
1986.415  161.233
1986.497  161.130
1986.582  161.402
1986.667  161.251
1986.749  162.251
1986.834  159.854
1986.916  161.024
1987.001  162.296
1987.086  164.432
1987.163  163.058
1987.248  162.933
1987.33  162.657
1987.415  159.466
1987.497  159.913
1987.582  158.211
1987.667  157.401
1987.749  156.053
1987.834  155.034
1987.916  154.836
1988.001  151.757
1988.086  153.036
1988.165  153.561
1988.25  153.271
1988.332  153.410
1988.416  152.896
1988.498  150.596
1988.583  150.189
1988.668  150.742
1988.75  148.696
1988.834  149.334
1988.916  146.322
1989.001  145.668
1989.086  145.248
1989.163  138.350
1989.248  139.056
1989.33  136.680
1989.415  138.350
1989.497  141.954
1989.582  139.318
1989.667  137.246
1989.749  133.120
1989.834  132.034
1989.916  134.270
1990.001  137.493
1990.086  138.159
1990.163  136.657
1990.248  132.843
1990.33  132.143
1990.415  132.469
1990.497  137.071
1990.582  136.370
1990.667  138.493
1990.749  141.489
1990.834  142.970
1990.916  143.213
1991.001  146.757
1991.086  147.817
1991.163  137.014
1991.248  138.556
1991.33  138.745
1991.415  121.975
1991.497  123.836
1991.582  132.753
1991.667  139.000
1991.749  140.341
1991.834  140.977
1991.916  142.246
1992.001  143.024
1992.086  142.008
1992.165  144.121
1992.25  148.306
1992.332  147.688
1992.416  150.788
1992.498  153.086
1992.583  152.950
1992.668  151.548
1992.75  153.389
1992.834  151.863
1992.916  154.849
1993.001  153.846
1993.086  153.853
1993.163  152.607
1993.248  154.130
1993.33  155.259
1993.415  155.783
1993.497  156.065
1993.582  156.415
1993.667  156.629
1993.749  155.706
1993.834  157.065
1993.916  156.027
1994.001  155.819
1994.086  155.022
1994.163  154.254
1994.248  154.625
1994.33  155.379
1994.415  155.504
1994.497  157.472
1994.582  157.793
1994.667  158.448
1994.749  158.421
1994.834  157.467
1994.916  157.841
1995.001  158.411
1995.086  159.095
1995.163  158.494
1995.248  158.893
1995.33  159.966
1995.415  159.846
1995.497  160.029
1995.582  160.081
1995.667  159.679
1995.749  160.117
1995.834  159.492
1995.916  159.666
1996.001  160.399
1996.086  161.113
1996.165  161.212
1996.25  161.225
1996.332  160.463
1996.416  161.147
1996.498  161.127
1996.583  161.756
1996.668  161.352
1996.75  159.922
1996.834  159.409
1996.916  160.288
1997.001  161.470
1997.086  161.919
1997.163  162.058
1997.248  161.955
1997.33  162.277
1997.415  162.408
1997.497  160.589
1997.582  162.259
1997.667  162.142
1997.749  160.373
1997.834  160.910
1997.916  160.522
1998.001  161.033
1998.086  162.415
1998.163  162.846
1998.248  158.867
1998.33  157.385
1998.415  157.320
1998.497  158.690
1998.582  157.565
1998.667  159.031
1998.749  159.947
1998.834  159.154
1998.916  157.380
1999.001  155.267
1999.086  154.636
1999.163  156.020
1999.248  156.605
1999.33  155.304
1999.415  157.610
1999.497  159.121
1999.582  155.484
1999.667  153.030
1999.749  151.656
1999.834  151.011
1999.916  149.505
2000.001  150.574
2000.086  148.597
2000.165  146.854
2000.25  147.466
2000.332  144.286
2000.416  141.918
2000.498  138.742
2000.583  142.563
2000.668  144.280
2000.75  146.943
2000.834  142.788
2000.916  144.579
2001.001  146.925
2001.086  149.797
2001.163  151.745
2001.248  143.010
2001.33  146.919
2001.415  148.003
2001.497  149.571
2001.582  146.608
2001.667  145.462
2001.749  145.093
2001.834  147.614
2001.916  147.863
2002.001  144.297
2002.086  148.436
2002.163  146.504
2002.248  146.687
2002.33  146.074
2002.415  147.102
2002.497  145.059
2002.582  141.977
2002.667  144.666
2002.749  145.439
2002.834  141.885
2002.916  143.012
2003.001  145.054
2003.086  145.288
2003.163  146.368
2003.248  145.441
2003.33  144.260
2003.415  141.429
2003.497  144.667
2003.582  145.984
2003.667  146.937
2003.749  144.259
2003.834  136.019
2003.916  145.349
2004.001  144.366
2004.086  149.460
2004.165  152.080
2004.25  153.029
2004.332  154.220
2004.416  153.554
2004.498  152.394
2004.583  153.523
2004.668  153.620
2004.75  157.257
2004.834  153.533
2004.916  155.163
2005.001  148.565
2005.086  153.648
2005.163  154.407
2005.248  155.433
2005.33  152.460
2005.415  155.259
2005.497  153.922
2005.582  152.420
2005.667  149.432
2005.749  155.921
2005.834  158.058
2005.916  157.541
2006.001  158.231
2006.086  160.689
2006.163  161.387
2006.248  161.830
2006.33  161.367
2006.415  161.827
2006.497  161.202
2006.582  160.861
2006.667  160.849
2006.749  162.210
2006.834  161.383
2006.916  159.456
2007.001  162.132
2007.086  162.918
2007.163  163.380
2007.248  164.353
2007.33  163.894
2007.415  164.471
2007.497  163.977
2007.582  164.199
2007.667  164.599
2007.749  164.815
2007.834  163.855
2007.916  164.136
2008.001  163.579
2008.086  164.204
2008.165  164.144
2008.25  163.964
2008.332  163.484
2008.416  164.053
2008.498  164.673
2008.583  165.447
2008.668  166.043
2008.75  166.203
2008.834  166.272
2008.916  166.109
2009.001  167.306
2009.086  167.313
2009.163  167.081
2009.248  167.960
2009.33  167.779
2009.415  168.210
2009.497  168.533
2009.582  168.560
2009.667  168.723
2009.749  168.577
2009.834  168.604
2009.916  168.582
2010.001  168.335
2010.086  166.794
2010.163  164.907
2010.248  163.705
2010.33  163.913
2010.415  163.452
2010.497  163.934
2010.582  163.156
2010.667  163.097
2010.749  163.666
2010.834  162.795
2010.916  162.111
2011.001  163.525
2011.086  163.717
2011.163  161.335
2011.248  158.719
2011.33  160.591
2011.415  156.772
2011.497  158.918
2011.582  159.220
2011.667  159.095
2011.749  157.665
2011.834  159.500
2011.916  160.591
2012.001  159.124
2012.086  158.275
2012.165  154.505
2012.25  159.289
2012.332  159.232
2012.416  157.610
2012.498  153.539
2012.583  154.551
2012.668  156.655
2012.75  156.561
2012.834  157.086
2012.916  157.018
2013.001  158.788
2013.086  158.904
2013.163  156.728
2013.248  156.788
2013.33  152.478
2013.415  152.779
2013.497  154.780
2013.582  155.352
2013.667  155.848
2013.749  157.618
2013.834  156.869
2013.916  155.255
2014.001  155.070
2014.086  152.503
2014.163  153.717
2014.248  154.573
2014.33  155.612
2014.415  153.785
2014.497  154.450
2014.582  156.571
2014.667  154.611
2014.749  153.850
2014.834  152.730
2014.916  149.470
2015.001  151.802
2015.086  152.396
2015.163  149.984
2015.248  151.534
2015.33  153.719
2015.415  153.343
2015.497  155.820
2015.582  155.819
2015.667  155.236
2015.749  155.493
2015.834  155.232
2015.916  156.570
2016.001  158.405
2016.086  159.872
2016.165  159.920
2016.25  159.171
2016.332  159.443
2016.416  160.154
2016.498  160.056
2016.583  161.170
2016.668  161.287
2016.75  162.686
2016.834  162.858
2016.916  162.953
2017.001  163.820
2017.086  164.273
2017.163  164.375
2017.248  163.534
2017.33  163.312
2017.415  164.286
2017.497  163.019
2017.582  161.634
2017.667  161.576
2017.749  161.962
2017.834  164.133
2017.916  164.036
2018.001  163.362
2018.086  164.228
2018.163  164.410
2018.248  164.332
2018.33  164.387
2018.415  165.835
2018.497  165.855
2018.582  165.914
2018.667  166.047
2018.749  165.573
2018.834  165.153
2018.916  164.389
2019.001  165.185
2019.086  165.621
2019.163  165.840
2019.248  166.345
2019.33  164.554
2019.415  165.588
2019.497  165.770
2019.582  165.783
2019.667  166.442
2019.749  165.496
2019.834  165.437
2019.916  165.046
2020.001  166.143
2020.086  165.878
2020.165  167.115
2020.25  167.601
2020.332  166.715
2020.416  166.650
2020.498  166.653
