1960.001  207.459
1961.001  219.683
1962.001  224.284
1963.001  229.283
1964.001  235.350
1965.001  239.570
1966.001  231.671
1967.001  223.340
1968.001  216.733
1969.001  213.263
1970.001  215.440
1971.001  227.769
1972.001  231.779
1973.001  230.712
1974.001  228.594
1975.001  231.105
1976.001  232.621
1977.001  235.842
1978.001  227.992
1979.001  215.928
1980.001  210.980
1981.001  202.208
1982.001  201.782
1983.001  209.234
1984.001  213.228
1985.001  225.549
1986.001  233.355
1987.001  233.030
1988.001  218.635
1989.001  197.830
1990.001  196.307
1991.001  196.557
1992.001  213.255
1993.001  222.618
1994.001  225.196
1995.001  229.763
1996.001  231.524
1997.001  231.854
1998.001  226.965
1999.001  218.823
2000.001  206.404
2001.001  210.058
2002.001  208.630
2003.001  205.191
2004.001  215.045
2005.001  216.810
2006.001  232.090
2007.001  236.408
2008.001  237.797
2009.001  241.620
2010.001  242.063
2011.001  245.553
2012.001  242.988
2013.001  240.547
2014.001  238.073
2015.001  238.583
2016.001  249.809
2017.001  255.116
2018.001  257.082
2019.001  259.342
