1964.463  97.073
1964.537  97.169
1964.611  97.558
1964.685  97.814
1964.761  98.131
1964.834  98.258
1964.908  99.507
1964.982  99.342
1965.059  99.076
1965.133  99.661
1965.207  99.876
1965.284  100.160
1965.358  100.222
1965.432  99.016
1965.506  98.375
1965.582  98.411
1965.656  98.594
1965.73  98.653
1965.804  99.386
1965.881  99.729
1965.955  99.646
1966.029  99.155
1966.106  99.512
1966.18  98.226
1966.254  97.835
1966.328  98.366
1966.404  97.052
1966.478  96.263
1966.552  96.084
1966.629  94.790
1966.703  93.160
1966.777  95.075
1966.851  95.887
1966.927  94.667
1967.001  93.708
1967.075  93.446
1967.149  94.505
1967.226  94.907
1967.3  94.416
1967.374  93.088
1967.451  93.240
1967.525  93.725
1967.599  92.733
1967.673  92.792
1967.749  93.406
1967.823  92.359
1967.897  92.113
1967.971  92.337
1968.048  93.128
1968.122  92.883
1968.196  92.189
1968.272  92.895
1968.346  91.667
1968.419  90.207
1968.493  90.250
1968.57  90.867
1968.644  90.224
1968.718  89.896
1968.794  87.724
1968.867  87.586
1968.941  88.263
1969.015  90.071
1969.092  90.318
1969.166  89.775
1969.24  89.842
1969.314  86.655
1969.391  86.710
1969.465  85.896
1969.538  87.133
1969.615  88.797
1969.689  88.887
1969.763  90.005
1969.837  89.815
1969.914  89.729
1969.988  89.708
1970.062  90.379
1970.136  90.562
1970.213  89.908
1970.287  89.059
1970.361  88.632
1970.437  87.104
1970.511  87.187
1970.585  88.372
1970.659  89.497
1970.736  90.423
1970.81  89.630
1970.884  90.284
1970.957  92.235
1971.034  92.043
1971.108  93.148
1971.183  93.481
1971.259  93.654
1971.333  93.881
1971.407  95.366
1971.481  95.793
1971.558  96.313
1971.632  96.130
1971.706  95.758
1971.782  97.597
1971.856  97.106
1971.93  96.880
1972.004  96.436
1972.081  96.454
1972.155  97.487
1972.228  98.339
1972.302  97.948
1972.379  96.775
1972.452  95.910
1972.526  95.775
1972.603  93.609
1972.677  96.589
1972.75  97.484
1972.824  96.725
1972.9  97.323
1972.974  97.463
1973.048  97.369
1973.122  96.616
1973.199  95.689
1973.273  94.445
1973.347  93.317
1973.424  95.036
1973.497  95.920
1973.571  95.969
1973.645  97.478
1973.722  97.382
1973.796  98.047
1973.87  98.283
1973.947  98.204
1974.021  98.273
1974.095  98.731
1974.169  97.693
1974.246  97.391
1974.32  95.756
1974.393  95.336
1974.467  93.642
1974.544  94.447
1974.618  94.645
1974.692  93.648
1974.769  94.117
1974.843  94.784
1974.916  96.490
1974.99  95.846
1975.067  97.192
1975.141  97.566
1975.215  98.136
1975.289  97.993
1975.366  97.805
1975.44  98.541
1975.514  98.110
1975.591  97.704
1975.665  97.812
1975.739  97.620
1975.812  97.426
1975.889  97.030
1975.963  97.883
1976.037  97.963
1976.111  98.186
1976.187  97.363
1976.261  97.752
1976.335  97.916
1976.412  98.035
1976.485  98.189
1976.559  98.711
1976.633  98.624
1976.709  98.334
1976.783  98.786
1976.856  98.581
1976.933  98.523
1977.007  98.533
1977.081  98.487
1977.155  98.684
1977.232  98.417
1977.306  98.405
1977.38  98.468
1977.454  97.026
1977.53  96.754
1977.604  96.876
1977.678  96.544
1977.755  97.740
1977.829  98.369
1977.903  98.148
1977.977  97.189
1978.053  97.114
1978.127  95.567
1978.202  96.176
1978.276  91.067
1978.352  94.138
1978.426  94.262
1978.5  93.905
1978.577  96.222
1978.651  96.618
1978.725  94.643
1978.799  94.780
1978.875  95.018
1978.949  94.377
1979.023  94.871
1979.1  93.847
1979.174  92.986
1979.248  90.736
1979.322  91.718
1979.399  89.843
1979.473  89.853
1979.547  90.190
1979.621  87.316
1979.698  87.925
1979.771  90.482
1979.845  90.205
1979.922  92.341
1979.996  91.626
1980.07  91.437
1980.144  91.981
1980.22  90.735
1980.294  91.818
1980.368  90.041
1980.441  87.991
1980.518  87.968
1980.592  88.517
1980.666  88.440
1980.742  87.225
1980.816  86.141
1980.889  85.518
1980.963  87.165
1981.04  87.704
1981.114  86.838
1981.188  87.771
1981.262  85.551
1981.339  84.436
1981.413  87.112
1981.487  87.967
1981.563  86.482
1981.637  88.250
1981.711  88.439
1981.785  85.838
1981.862  86.845
1981.936  88.930
1982.01  90.821
1982.086  86.880
1982.16  89.516
1982.235  90.705
1982.309  90.651
1982.385  88.880
1982.459  85.351
1982.533  81.394
1982.607  83.014
1982.684  80.570
1982.758  83.368
1982.832  84.095
1982.908  82.835
1982.982  84.338
1983.056  86.597
1983.13  88.380
1983.207  89.881
1983.281  88.632
1983.355  86.501
1983.429  88.289
1983.506  90.086
1983.58  89.612
1983.654  90.483
1983.73  90.779
1983.804  90.656
1983.878  91.176
1983.952  91.362
1984.029  92.103
1984.103  91.310
1984.176  90.416
1984.25  89.749
1984.327  87.049
1984.401  87.673
1984.474  89.044
1984.55  89.265
1984.624  90.604
1984.699  90.991
1984.772  90.663
1984.848  90.813
1984.922  91.262
1984.996  92.213
1985.073  92.998
1985.147  94.109
1985.221  95.208
1985.295  93.852
1985.371  95.332
1985.446  95.735
1985.519  94.524
1985.593  94.823
1985.67  95.742
1985.744  95.780
1985.818  96.667
1985.895  96.815
1985.968  96.896
1986.042  95.831
1986.117  94.833
1986.194  96.644
1986.268  98.423
1986.341  98.498
1986.415  98.344
1986.492  97.954
1986.566  97.870
1986.64  98.179
1986.717  98.587
1986.79  98.138
1986.865  98.263
1986.938  99.266
1987.015  100.205
1987.089  100.957
1987.163  101.480
1987.24  100.754
1987.314  100.385
1987.388  98.605
1987.462  97.739
1987.538  96.971
1987.613  96.259
1987.687  95.796
1987.76  96.302
1987.837  95.198
1987.911  95.391
1987.985  93.349
1988.062  94.475
1988.136  94.038
1988.209  94.035
1988.283  94.625
1988.36  93.641
1988.433  93.428
1988.507  91.735
1988.581  91.405
1988.657  91.725
1988.731  91.117
1988.805  91.274
1988.881  90.782
1988.955  88.040
1989.029  88.531
1989.103  88.479
1989.18  83.360
1989.254  84.841
1989.328  83.377
1989.402  82.574
1989.478  85.061
1989.552  86.360
1989.626  82.161
1989.703  83.277
1989.777  80.086
1989.851  79.485
1989.925  80.952
1990.001  82.675
1990.075  83.324
1990.149  83.561
1990.226  80.574
1990.3  80.438
1990.374  79.094
1990.448  80.793
1990.525  81.718
1990.599  81.566
1990.673  82.979
1990.747  84.689
1990.823  85.738
1990.897  86.318
1990.971  87.026
1991.048  88.458
1991.122  88.521
1991.196  80.388
1991.27  84.576
1991.347  83.306
1991.421  74.401
1991.495  74.848
1991.569  79.294
1991.645  81.880
1991.719  84.859
1991.793  84.008
1991.87  86.032
1991.944  86.345
1992.018  86.978
1992.092  85.840
1992.168  87.434
1992.242  90.196
1992.316  89.177
1992.393  90.469
1992.466  91.544
1992.539  92.210
1992.614  92.187
1992.69  91.805
1992.764  93.071
1992.837  92.490
1992.911  94.054
1992.988  93.747
1993.062  94.051
1993.136  92.290
1993.213  93.215
1993.287  94.300
1993.361  94.412
1993.435  94.437
1993.511  95.024
1993.585  94.881
1993.659  95.621
1993.733  95.503
1993.81  95.626
1993.884  96.003
1993.957  96.085
1994.034  95.417
1994.108  92.954
1994.183  95.085
1994.257  94.991
1994.333  95.006
1994.407  94.747
1994.481  95.430
1994.555  95.754
1994.632  96.690
1994.706  96.703
1994.78  96.571
1994.856  96.797
1994.93  96.832
1995.004  97.499
1995.078  97.588
1995.155  97.252
1995.229  97.582
1995.303  97.698
1995.38  97.339
1995.454  97.434
1995.528  97.192
1995.602  97.653
1995.678  97.846
1995.752  97.871
1995.826  98.208
1995.9  98.301
1995.977  97.596
1996.051  99.035
1996.125  98.948
1996.201  99.179
1996.275  99.010
1996.349  98.501
1996.422  98.337
1996.498  98.432
1996.572  98.385
1996.646  98.219
1996.72  98.202
1996.797  97.911
1996.87  98.409
1996.944  98.548
1997.021  99.329
1997.095  99.174
1997.169  99.337
1997.243  99.165
1997.32  99.420
1997.393  99.172
1997.467  98.711
1997.541  99.044
1997.618  99.382
1997.692  98.764
1997.766  98.780
1997.843  98.487
1997.916  98.838
1997.99  99.057
1998.064  99.054
1998.141  99.514
1998.215  98.252
1998.289  95.211
1998.366  96.034
1998.44  95.395
1998.514  96.510
1998.588  95.227
1998.665  96.655
1998.739  96.797
1998.812  97.292
1998.886  96.303
1998.963  96.055
1999.037  94.413
1999.111  94.579
1999.188  94.974
1999.262  95.329
1999.336  94.813
1999.41  95.919
1999.487  96.021
1999.56  95.595
1999.634  92.353
1999.708  92.397
1999.785  91.409
1999.859  91.208
1999.933  90.938
2000.01  91.460
2000.084  90.502
2000.158  89.546
2000.231  89.077
2000.308  88.683
2000.382  85.829
2000.455  86.901
2000.531  83.064
2000.605  86.165
2000.679  86.803
2000.753  89.102
2000.83  87.353
2000.903  87.162
2000.977  89.132
2001.051  89.556
2001.127  91.869
2001.202  90.320
2001.276  87.435
2001.352  89.449
2001.426  89.875
2001.5  90.442
2001.574  89.452
2001.651  88.657
2001.725  87.386
2001.799  89.154
2001.873  89.456
2001.949  89.467
2002.023  88.081
2002.097  90.823
2002.174  89.230
2002.248  88.928
2002.322  89.235
2002.396  88.820
2002.473  89.901
2002.547  86.310
2002.621  86.695
2002.695  88.106
2002.771  88.542
2002.845  87.166
2002.919  87.430
2002.996  89.425
2003.07  88.174
2003.144  89.185
2003.218  88.602
2003.295  88.315
2003.369  87.306
2003.443  85.955
2003.519  87.724
2003.593  88.174
2003.667  88.743
2003.741  89.989
2003.818  82.066
2003.892  85.995
2003.966  88.969
2004.04  88.450
2004.117  91.966
2004.19  92.734
2004.264  93.221
2004.341  93.701
2004.415  93.513
2004.488  93.507
2004.561  91.115
2004.638  94.115
2004.712  94.391
2004.786  95.398
2004.859  93.548
2004.936  94.231
2005.01  90.081
2005.084  93.155
2005.16  94.195
2005.235  94.603
2005.309  92.954
2005.382  93.581
2005.459  94.309
2005.533  92.359
2005.607  92.861
2005.684  90.265
2005.758  94.693
2005.832  95.808
2005.906  96.032
2005.982  96.182
2006.056  97.293
2006.13  98.262
2006.204  98.803
2006.281  98.695
2006.355  98.668
2006.429  98.618
2006.506  97.787
2006.58  98.069
2006.654  97.870
2006.728  98.765
2006.804  98.979
2006.878  98.603
2006.952  97.689
2007.026  99.562
2007.103  99.297
2007.177  99.545
2007.251  100.486
2007.328  100.514
2007.402  100.140
2007.476  100.322
2007.549  99.946
2007.626  99.887
2007.7  100.122
2007.774  99.969
2007.848  99.908
2007.925  100.706
2007.999  100.452
2008.073  100.436
2008.149  100.531
2008.223  100.292
2008.297  99.986
2008.371  99.653
2008.447  99.845
2008.52  100.067
2008.594  100.591
2008.671  100.813
2008.745  101.221
2008.819  101.570
2008.892  101.807
2008.968  102.012
2009.042  102.375
2009.117  102.710
2009.191  102.728
2009.268  102.913
2009.341  102.688
2009.415  102.546
2009.492  102.630
2009.566  102.170
2009.64  102.357
2009.714  102.848
2009.79  102.918
2009.865  103.266
2009.938  103.286
2010.012  103.143
2010.089  101.040
2010.163  101.310
2010.237  100.170
2010.314  100.080
2010.388  99.825
2010.462  99.136
2010.536  98.177
2010.613  98.450
2010.687  98.092
2010.76  98.470
2010.837  98.115
2010.911  98.132
2010.985  98.603
2011.059  98.169
2011.136  97.838
2011.21  96.095
2011.284  95.954
2011.358  96.354
2011.435  94.069
2011.508  94.988
2011.582  95.170
2011.659  95.481
2011.733  94.217
2011.807  95.684
2011.881  96.499
2011.957  97.127
2012.032  95.674
2012.106  95.564
2012.179  92.422
2012.256  95.785
2012.33  95.697
2012.404  94.376
2012.479  94.091
2012.553  92.199
2012.627  93.914
2012.701  94.959
2012.778  94.906
2012.851  95.021
2012.925  95.600
2012.999  96.288
2013.075  96.557
2013.149  95.635
2013.224  95.206
2013.3  94.661
2013.374  91.438
2013.448  92.758
2013.522  93.036
2013.599  93.484
2013.673  94.071
2013.747  95.108
2013.823  94.904
2013.897  93.737
2013.971  94.178
2014.045  93.971
2014.122  92.087
2014.196  93.709
2014.27  93.565
2014.344  94.106
2014.421  92.783
2014.495  93.214
2014.569  94.150
2014.645  93.328
2014.719  93.871
2014.793  92.784
2014.867  93.178
2014.944  91.638
2015.018  93.133
2015.092  92.999
2015.166  91.151
2015.243  91.698
2015.317  92.571
2015.391  93.907
2015.467  92.165
2015.541  94.221
2015.615  94.000
2015.689  93.871
2015.766  94.441
2015.84  94.532
2015.914  95.115
2015.988  96.197
2016.064  97.585
2016.138  97.636
2016.212  97.581
2016.289  97.003
2016.363  97.627
2016.436  97.415
2016.509  97.047
2016.586  97.639
2016.66  98.071
2016.734  98.703
2016.811  99.264
2016.884  99.529
2016.957  99.620
2017.032  100.324
2017.108  100.591
2017.183  101.582
2017.257  99.583
2017.33  99.270
2017.407  99.391
2017.481  99.195
2017.555  98.840
2017.632  98.601
2017.706  97.833
2017.78  99.030
2017.854  100.009
2017.93  100.326
2018.004  100.715
2018.078  100.497
2018.152  100.486
2018.229  100.776
2018.303  100.544
2018.377  100.406
2018.454  100.186
2018.528  100.381
2018.602  100.470
2018.676  100.607
2018.752  100.830
2018.826  100.901
2018.9  100.903
2018.977  100.916
2019.051  101.071
2019.125  101.256
2019.199  101.384
2019.276  101.024
2019.35  100.064
2019.424  100.785
2019.497  100.668
2019.574  100.595
2019.648  100.958
2019.722  101.118
2019.799  101.136
2019.873  101.560
2019.947  101.103
2020.021  100.747
2020.097  100.901
2020.171  100.947
2020.245  101.139
2020.319  100.899
2020.395  100.606
2020.468  99.324
2020.542  100.434
2020.619  100.037
2020.693  100.437
2020.767  100.114
2020.84  100.366
2020.916  99.854
