1964.498  97.096
1964.583  97.386
1964.668  97.813
1964.75  98.143
1964.834  98.282
1964.916  99.634
1965.001  99.246
1965.086  99.256
1965.163  99.709
1965.248  99.988
1965.33  100.396
1965.415  99.177
1965.497  98.415
1965.582  98.410
1965.667  98.645
1965.749  98.901
1965.834  99.582
1965.916  99.662
1966.001  99.307
1966.086  99.368
1966.163  98.569
1966.248  97.783
1966.33  98.188
1966.415  96.931
1966.497  96.097
1966.582  96.113
1966.667  92.950
1966.749  94.691
1966.834  95.735
1966.916  94.818
1967.001  93.964
1967.086  93.449
1967.163  94.727
1967.248  94.880
1967.33  93.647
1967.415  92.967
1967.497  93.673
1967.582  92.737
1967.667  92.815
1967.749  93.087
1967.834  92.340
1967.916  92.276
1968.001  92.658
1968.086  92.944
1968.165  92.494
1968.25  92.726
1968.332  91.928
1968.416  90.257
1968.498  90.474
1968.583  90.889
1968.668  90.139
1968.75  89.116
1968.834  86.882
1968.916  87.869
1969.001  90.065
1969.086  90.288
1969.163  89.899
1969.248  89.176
1969.33  86.823
1969.415  85.731
1969.497  86.732
1969.582  88.236
1969.667  89.094
1969.749  89.680
1969.834  89.859
1969.916  89.589
1970.001  90.022
1970.086  90.747
1970.163  90.389
1970.248  89.132
1970.33  89.127
1970.415  87.085
1970.497  87.102
1970.582  88.419
1970.667  89.838
1970.749  90.326
1970.834  89.208
1970.916  91.719
1971.001  91.775
1971.086  93.169
1971.163  93.372
1971.248  93.692
1971.33  94.058
1971.415  95.552
1971.497  95.890
1971.582  96.285
1971.667  95.940
1971.749  96.891
1971.834  97.200
1971.916  96.879
1972.001  96.436
1972.086  96.543
1972.165  97.812
1972.25  98.311
1972.332  97.532
1972.416  95.691
1972.498  97.093
1972.583  92.933
1972.668  96.509
1972.75  97.227
1972.834  97.002
1972.916  97.146
1973.001  97.332
1973.086  97.324
1973.163  96.279
1973.248  94.551
1973.33  93.358
1973.415  95.114
1973.497  95.886
1973.582  96.456
1973.667  97.407
1973.749  97.805
1973.834  98.090
1973.916  98.272
1974.001  98.125
1974.086  98.768
1974.163  97.742
1974.248  97.316
1974.33  95.334
1974.415  95.103
1974.497  93.491
1974.582  94.757
1974.667  93.780
1974.749  94.190
1974.834  94.772
1974.916  96.393
1975.001  96.287
1975.086  97.195
1975.163  97.564
1975.248  98.134
1975.33  97.954
1975.415  98.353
1975.497  98.263
1975.582  97.771
1975.667  97.781
1975.749  97.714
1975.834  97.008
1975.916  97.719
1976.001  97.809
1976.086  97.969
1976.165  98.019
1976.25  97.312
1976.332  97.843
1976.416  97.976
1976.498  98.363
1976.583  98.564
1976.668  98.562
1976.75  98.605
1976.834  98.773
1976.916  98.579
1977.001  98.446
1977.086  98.596
1977.163  98.593
1977.248  98.501
1977.33  98.462
1977.415  97.867
1977.497  96.667
1977.582  96.746
1977.667  96.619
1977.749  97.689
1977.834  98.212
1977.916  98.320
1978.001  96.675
1978.086  96.638
1978.248  94.197
1978.33  92.294
1978.415  93.942
1978.497  94.129
1978.582  96.257
1978.667  96.245
1978.749  94.315
1978.834  94.855
1978.916  95.214
1979.001  94.361
1979.086  93.994
1979.163  93.049
1979.248  90.702
1979.33  91.512
1979.415  89.857
1979.497  89.894
1979.582  87.861
1979.667  88.250
1979.749  90.188
1979.834  90.325
1979.916  92.269
1980.001  91.751
1980.086  91.372
1980.165  92.286
1980.25  90.909
1980.332  90.610
1980.416  88.205
1980.498  88.025
1980.583  88.528
1980.668  88.474
1980.75  86.981
1980.834  85.629
1980.916  85.808
1981.001  88.498
1981.086  87.228
1981.163  87.113
1981.248  85.747
1981.33  84.626
1981.415  87.033
1981.497  87.486
1981.582  87.471
1981.667  88.663
1981.749  86.154
1981.834  86.774
1981.916  88.834
1982.001  90.437
1982.086  87.027
1982.163  89.723
1982.248  90.384
1982.33  91.106
1982.415  86.478
1982.497  82.645
1982.582  82.927
1982.667  80.924
1982.749  83.197
1982.834  84.203
1982.916  82.702
1983.001  85.695
1983.086  87.246
1983.163  89.033
1983.248  89.467
1983.33  86.620
1983.415  88.175
1983.497  89.986
1983.582  89.736
1983.667  90.650
1983.749  90.667
1983.834  90.992
1983.916  91.141
1984.001  92.039
1984.086  91.529
1984.165  90.315
1984.25  89.354
1984.332  87.083
1984.416  88.331
1984.498  88.980
1984.583  90.167
1984.668  90.781
1984.75  90.823
1984.834  90.786
1984.916  91.263
1985.001  92.110
1985.086  93.547
1985.163  94.220
1985.248  94.861
1985.33  94.587
1985.415  95.721
1985.497  94.796
1985.582  94.769
1985.667  95.741
1985.749  95.945
1985.834  96.760
1985.916  96.672
1986.001  96.933
1986.086  94.203
1986.163  96.307
1986.248  98.219
1986.33  98.506
1986.415  98.301
1986.497  97.961
1986.582  97.937
1986.667  98.173
1986.749  98.984
1986.834  97.688
1986.916  99.027
1987.001  100.117
1987.086  100.955
1987.163  101.326
1987.248  100.838
1987.33  99.810
1987.415  98.214
1987.497  97.264
1987.582  96.562
1987.667  95.744
1987.749  96.275
1987.834  95.209
1987.916  95.464
1988.001  93.205
1988.086  94.125
1988.165  94.574
1988.25  94.055
1988.332  93.950
1988.416  93.529
1988.498  91.754
1988.583  91.265
1988.668  91.797
1988.75  91.261
1988.834  90.826
1988.916  89.274
1989.001  88.525
1989.086  88.470
1989.163  84.067
1989.248  84.868
1989.33  83.132
1989.415  83.282
1989.497  85.710
1989.582  84.290
1989.667  82.752
1989.749  80.839
1989.834  79.672
1989.916  80.819
1990.001  82.820
1990.086  83.424
1990.163  82.568
1990.248  80.500
1990.33  79.781
1990.415  79.780
1990.497  82.051
1990.582  81.421
1990.667  82.963
1990.749  84.629
1990.834  86.101
1990.916  86.118
1991.001  88.341
1991.086  88.662
1991.163  82.975
1991.248  83.585
1991.33  83.890
1991.415  74.677
1991.497  75.229
1991.582  79.743
1991.667  83.451
1991.749  84.625
1991.834  85.022
1991.916  86.467
1992.001  86.765
1992.086  85.844
1992.165  87.775
1992.25  90.125
1992.332  89.210
1992.416  90.938
1992.498  92.187
1992.583  92.108
1992.668  91.621
1992.75  93.109
1992.834  92.644
1992.916  94.164
1993.001  93.717
1993.086  93.725
1993.163  92.488
1993.248  93.861
1993.33  94.282
1993.415  94.495
1993.497  94.826
1993.582  94.877
1993.667  95.383
1993.749  95.760
1993.834  95.947
1993.916  96.009
1994.001  95.656
1994.086  93.340
1994.163  94.831
1994.248  94.979
1994.33  95.007
1994.415  94.903
1994.497  95.462
1994.582  96.091
1994.667  96.795
1994.749  96.684
1994.834  96.737
1994.916  96.793
1995.001  97.476
1995.086  97.614
1995.163  97.294
1995.248  97.570
1995.33  97.609
1995.415  97.323
1995.497  97.231
1995.582  97.523
1995.667  97.917
1995.749  97.895
1995.834  98.195
1995.916  97.833
1996.001  98.335
1996.086  99.144
1996.165  99.006
1996.25  99.142
1996.332  98.605
1996.416  98.365
1996.498  98.449
1996.583  98.399
1996.668  98.338
1996.75  98.056
1996.834  98.167
1996.916  98.414
1997.001  99.149
1997.086  99.220
1997.163  99.235
1997.248  99.180
1997.33  99.335
1997.415  99.058
1997.497  98.858
1997.582  99.303
1997.667  98.996
1997.749  98.660
1997.834  98.551
1997.916  98.874
1998.001  98.936
1998.086  99.213
1998.163  99.346
1998.248  96.917
1998.33  95.158
1998.415  95.579
1998.497  96.381
1998.582  95.278
1998.667  96.484
1998.749  97.402
1998.834  96.966
1998.916  96.018
1999.001  94.618
1999.086  94.742
1999.163  95.028
1999.248  95.364
1999.33  94.824
1999.415  95.656
1999.497  96.175
1999.582  94.202
1999.667  92.414
1999.749  91.737
1999.834  91.508
1999.916  90.979
2000.001  91.384
2000.086  90.445
2000.165  89.319
2000.25  89.390
2000.332  87.262
2000.416  85.873
2000.498  84.279
2000.583  85.797
2000.668  86.826
2000.75  88.865
2000.834  86.897
2000.916  88.083
2001.001  89.105
2001.086  90.739
2001.163  92.061
2001.248  87.202
2001.33  89.354
2001.415  89.815
2001.497  90.419
2001.582  88.652
2001.667  88.864
2001.749  87.929
2001.834  89.480
2001.916  90.069
2002.001  87.814
2002.086  90.542
2002.163  89.288
2002.248  88.949
2002.33  89.023
2002.415  89.407
2002.497  88.183
2002.582  86.419
2002.667  87.805
2002.749  88.499
2002.834  87.224
2002.916  87.624
2003.001  89.169
2003.086  88.417
2003.163  89.196
2003.248  88.520
2003.33  87.888
2003.415  85.827
2003.497  87.478
2003.582  88.154
2003.667  88.959
2003.749  87.739
2003.834  82.988
2003.916  88.424
2004.001  88.086
2004.086  90.986
2004.165  92.481
2004.25  93.129
2004.332  93.648
2004.416  93.569
2004.498  92.333
2004.583  92.910
2004.668  93.699
2004.75  95.899
2004.834  93.473
2004.916  94.466
2005.001  90.331
2005.086  93.278
2005.163  94.096
2005.248  94.790
2005.33  92.640
2005.415  93.954
2005.497  93.363
2005.582  92.614
2005.667  90.445
2005.749  94.651
2005.834  95.868
2005.916  96.070
2006.001  96.476
2006.086  97.820
2006.163  98.572
2006.248  98.674
2006.33  98.789
2006.415  98.552
2006.497  97.879
2006.582  97.984
2006.667  98.095
2006.749  98.939
2006.834  99.005
2006.916  97.438
2007.001  99.446
2007.086  99.216
2007.163  99.580
2007.248  100.459
2007.33  100.398
2007.415  100.308
2007.497  100.085
2007.582  99.896
2007.667  100.083
2007.749  99.937
2007.834  99.930
2007.916  100.736
2008.001  100.589
2008.086  100.393
2008.165  100.485
2008.25  100.129
2008.332  99.779
2008.416  99.624
2008.498  100.001
2008.583  100.594
2008.668  100.844
2008.75  101.270
2008.834  101.731
2008.916  101.830
2009.001  102.169
2009.086  102.679
2009.163  102.606
2009.248  102.970
2009.33  102.694
2009.415  102.544
2009.497  102.582
2009.582  102.172
2009.667  102.584
2009.749  102.950
2009.834  103.068
2009.916  103.268
2010.001  103.199
2010.086  101.080
2010.163  101.248
2010.248  100.014
2010.33  100.067
2010.415  99.617
2010.497  98.546
2010.582  98.150
2010.667  98.166
2010.749  98.508
2010.834  98.069
2010.916  98.242
2011.001  98.255
2011.086  98.353
2011.163  97.405
2011.248  95.444
2011.33  96.497
2011.415  94.294
2011.497  94.994
2011.582  95.288
2011.667  95.042
2011.749  94.811
2011.834  95.865
2011.916  97.040
2012.001  96.359
2012.086  95.448
2012.165  92.700
2012.25  95.769
2012.332  95.579
2012.416  94.503
2012.498  92.814
2012.583  93.294
2012.668  94.632
2012.75  94.690
2012.834  95.224
2012.916  95.491
2013.001  96.268
2013.086  96.584
2013.163  95.361
2013.248  95.206
2013.33  92.744
2013.415  92.344
2013.497  92.973
2013.582  93.458
2013.667  94.054
2013.749  95.158
2013.834  94.821
2013.916  93.708
2014.001  94.142
2014.086  92.582
2014.163  93.210
2014.248  93.441
2014.33  94.220
2014.415  92.786
2014.497  93.475
2014.582  94.343
2014.667  93.478
2014.749  93.522
2014.834  93.273
2014.916  91.451
2015.001  92.823
2015.086  92.881
2015.163  91.223
2015.248  91.969
2015.33  92.950
2015.415  92.506
2015.497  93.716
2015.582  94.060
2015.667  93.998
2015.749  94.362
2015.834  94.614
2015.916  95.183
2016.001  96.706
2016.086  97.585
2016.165  97.371
2016.25  97.310
2016.332  97.409
2016.416  97.583
2016.498  97.140
2016.583  97.795
2016.668  97.991
2016.75  98.802
2016.834  99.395
2016.916  99.624
2017.001  100.200
2017.086  100.533
2017.163  101.570
2017.248  99.545
2017.33  99.154
2017.415  99.337
2017.497  99.259
2017.582  98.705
2017.667  98.078
2017.749  98.646
2017.834  99.904
2017.916  100.238
2018.001  100.644
2018.086  100.451
2018.163  100.478
2018.248  100.825
2018.33  100.270
2018.415  100.310
2018.497  100.512
2018.582  100.453
2018.667  100.604
2018.749  100.901
2018.834  100.995
2018.916  100.908
2019.001  101.030
2019.086  100.940
2019.163  101.314
2019.248  101.271
2019.33  100.081
2019.415  100.792
2019.497  100.675
2019.582  100.691
2019.667  101.037
2019.749  101.050
2019.834  101.447
2019.916  101.362
2020.001  100.693
2020.086  100.853
2020.165  100.947
2020.25  101.184
2020.332  100.712
2020.416  100.637
2020.498  99.325
2020.583  100.201
