1964.25  106.883
1964.332  107.062
1964.416  107.115
1964.498  107.676
1964.583  107.730
1964.668  108.178
1964.75  107.893
1964.834  107.790
1964.916  108.529
1965.001  108.421
1965.086  107.770
1965.163  108.862
1965.248  109.872
1965.33  110.318
1965.415  108.534
1965.497  107.872
1965.582  107.558
1965.667  107.840
1965.749  108.467
1965.834  109.305
1965.916  108.458
1966.001  107.051
1966.086  106.267
1966.163  106.835
1966.248  106.608
1966.33  107.241
1966.415  105.757
1966.497  105.062
1966.582  104.612
1966.667  100.669
1966.749  102.693
1966.834  103.661
1966.916  102.582
1967.001  100.355
1967.086  99.351
1967.163  101.235
1967.248  102.523
1967.33  100.674
1967.415  99.932
1967.497  100.785
1967.582  99.690
1967.667  100.617
1967.749  101.150
1967.834  100.161
1967.916  100.052
1968.001  99.210
1968.086  97.975
1968.165  98.539
1968.25  100.813
1968.332  99.733
1968.416  98.415
1968.498  98.738
1968.583  99.036
1968.668  98.221
1968.75  96.678
1968.834  93.709
1968.916  94.242
1969.001  96.179
1969.086  95.496
1969.163  95.718
1969.248  97.135
1969.33  94.770
1969.415  93.797
1969.497  94.817
1969.582  96.410
1969.667  97.207
1969.749  97.661
1969.834  97.497
1969.916  97.727
1970.001  96.524
1970.086  96.490
1970.163  96.570
1970.248  96.710
1970.33  97.345
1970.415  94.970
1970.497  94.818
1970.582  96.348
1970.667  97.821
1970.749  98.493
1970.834  96.564
1970.916  98.979
1971.001  98.489
1971.086  100.051
1971.163  99.258
1971.248  101.481
1971.33  102.192
1971.415  104.233
1971.497  104.419
1971.582  105.323
1971.667  105.375
1971.749  106.438
1971.834  105.795
1971.916  104.907
1972.001  103.780
1972.086  102.164
1972.165  106.508
1972.25  107.411
1972.332  106.831
1972.416  104.486
1972.498  105.937
1972.583  101.537
1972.668  105.788
1972.75  105.890
1972.834  102.468
1972.916  105.905
1973.001  106.088
1973.086  105.556
1973.163  105.131
1973.248  103.287
1973.33  102.099
1973.415  104.375
1973.497  105.218
1973.582  106.008
1973.667  107.865
1973.749  107.436
1973.834  107.924
1973.916  107.915
1974.001  107.550
1974.086  107.994
1974.163  106.946
1974.248  106.382
1974.33  104.686
1974.415  103.553
1974.497  101.568
1974.582  103.228
1974.667  102.479
1974.749  102.590
1974.834  103.196
1974.916  105.058
1975.001  105.303
1975.086  106.240
1975.163  106.479
1975.248  107.151
1975.33  107.307
1975.415  107.693
1975.497  107.443
1975.582  106.747
1975.667  107.109
1975.749  107.002
1975.834  105.926
1975.916  107.142
1976.001  106.945
1976.086  106.922
1976.165  106.967
1976.25  106.193
1976.332  106.877
1976.416  107.359
1976.498  107.804
1976.583  107.934
1976.668  108.133
1976.75  107.993
1976.834  108.208
1976.916  107.814
1977.001  107.234
1977.086  107.323
1977.163  107.561
1977.248  107.256
1977.33  107.272
1977.415  107.193
1977.497  105.715
1977.582  105.947
1977.667  106.129
1977.749  106.989
1977.834  108.037
1977.916  107.538
1978.001  105.709
1978.086  105.187
1978.163  104.963
1978.248  103.078
1978.33  100.867
1978.415  102.530
1978.497  102.657
1978.582  105.153
1978.667  105.290
1978.749  103.682
1978.834  104.368
1978.916  104.493
1979.001  102.985
1979.086  102.535
1979.163  101.285
1979.248  99.213
1979.33  99.950
1979.415  97.617
1979.497  97.721
1979.582  95.431
1979.667  96.330
1979.749  98.040
1979.834  98.151
1979.916  99.996
1980.001  99.556
1980.086  98.884
1980.165  100.246
1980.25  98.533
1980.332  98.581
1980.416  95.724
1980.498  95.733
1980.583  96.059
1980.668  95.996
1980.75  94.184
1980.834  92.620
1980.916  92.476
1981.001  95.535
1981.086  94.094
1981.163  93.636
1981.248  92.657
1981.33  91.468
1981.415  94.092
1981.497  94.403
1981.582  94.511
1981.667  95.879
1981.749  92.862
1981.834  93.264
1981.916  95.168
1982.001  97.161
1982.086  93.815
1982.163  96.917
1982.248  97.676
1982.33  98.604
1982.415  93.810
1982.497  90.247
1982.582  89.779
1982.667  87.638
1982.749  90.000
1982.834  91.045
1982.916  89.435
1983.001  91.874
1983.086  94.073
1983.163  96.031
1983.248  96.140
1983.33  93.357
1983.415  95.120
1983.497  96.972
1983.582  97.046
1983.667  97.730
1983.749  98.228
1983.834  98.716
1983.916  98.745
1984.001  99.615
1984.086  99.210
1984.165  97.747
1984.25  96.701
1984.332  94.535
1984.416  96.319
1984.498  96.879
1984.583  98.239
1984.668  98.667
1984.75  98.668
1984.834  98.360
1984.916  98.796
1985.001  99.084
1985.086  100.575
1985.163  100.863
1985.248  101.293
1985.33  101.666
1985.415  102.849
1985.497  102.448
1985.582  102.478
1985.667  103.821
1985.749  104.512
1985.834  105.666
1985.916  104.911
1986.001  104.605
1986.086  102.666
1986.163  104.346
1986.248  106.485
1986.33  106.799
1986.415  106.957
1986.497  107.065
1986.582  107.197
1986.667  107.509
1986.749  108.055
1986.834  106.519
1986.916  108.289
1987.001  109.683
1987.086  110.043
1987.163  110.194
1987.248  109.853
1987.33  109.151
1987.415  107.337
1987.497  106.547
1987.582  105.617
1987.667  104.781
1987.749  104.846
1987.834  104.080
1987.916  104.229
1988.001  101.351
1988.086  102.387
1988.165  102.795
1988.25  102.274
1988.332  102.530
1988.416  102.117
1988.498  100.289
1988.583  100.346
1988.668  100.257
1988.75  99.866
1988.834  99.482
1988.916  96.859
1989.001  95.604
1989.086  95.291
1989.163  90.822
1989.248  91.741
1989.33  90.033
1989.415  90.743
1989.497  93.583
1989.582  92.291
1989.667  91.171
1989.749  89.273
1989.834  87.094
1989.916  88.602
1990.001  90.321
1990.086  90.690
1990.163  89.543
1990.248  87.769
1990.33  87.435
1990.415  87.256
1990.497  89.679
1990.582  89.202
1990.667  90.887
1990.749  92.509
1990.834  93.825
1990.916  94.072
1991.001  96.241
1991.086  96.812
1991.163  90.348
1991.248  91.152
1991.33  91.678
1991.415  81.308
1991.497  81.999
1991.582  87.121
1991.667  91.209
1991.749  92.237
1991.834  92.524
1991.916  94.137
1992.001  93.866
1992.086  93.180
1992.165  95.400
1992.25  98.241
1992.332  97.436
1992.416  99.725
1992.498  100.998
1992.583  100.477
1992.668  99.911
1992.75  101.573
1992.834  100.944
1992.916  102.485
1993.001  102.094
1993.086  102.163
1993.163  100.808
1993.248  102.395
1993.33  103.009
1993.415  103.545
1993.497  103.737
1993.582  103.873
1993.667  104.554
1993.749  104.601
1993.834  105.028
1993.916  104.808
1994.001  104.988
1994.086  103.256
1994.163  103.352
1994.248  103.024
1994.33  104.128
1994.415  104.236
1994.497  104.781
1994.582  105.650
1994.667  106.159
1994.749  105.593
1994.834  105.471
1994.916  105.247
1995.001  106.042
1995.086  106.355
1995.163  105.827
1995.248  106.262
1995.33  106.581
1995.415  106.632
1995.497  106.707
1995.582  106.852
1995.667  106.636
1995.749  106.179
1995.834  106.291
1995.916  107.081
1996.001  107.203
1996.086  107.613
1996.165  108.514
1996.25  108.885
1996.332  108.886
1996.416  108.978
1996.498  109.024
1996.583  108.644
1996.668  108.560
1996.75  108.062
1996.834  107.942
1996.916  108.133
1997.001  108.875
1997.086  109.191
1997.163  109.307
1997.248  109.041
1997.33  109.301
1997.415  109.154
1997.497  109.108
1997.582  109.652
1997.667  109.568
1997.749  108.965
1997.834  108.144
1997.916  108.632
1998.001  108.764
1998.086  108.940
1998.163  109.047
1998.248  106.490
1998.33  104.664
1998.415  105.126
1998.497  106.362
1998.582  104.990
1998.667  106.328
1998.749  107.222
1998.834  106.419
1998.916  105.621
1999.001  104.154
1999.086  104.135
1999.163  104.389
1999.248  105.221
1999.33  104.854
1999.415  105.687
1999.497  106.431
1999.582  104.048
1999.667  102.005
1999.749  101.051
1999.834  100.658
1999.916  99.174
2000.001  100.222
2000.086  99.352
2000.165  98.001
2000.25  98.338
2000.332  96.323
2000.416  94.508
2000.498  92.815
2000.583  94.239
2000.668  95.288
2000.75  97.209
2000.834  94.899
2000.916  95.704
2001.001  96.947
2001.086  99.320
2001.163  100.402
2001.248  95.601
2001.33  98.077
2001.415  98.810
2001.497  99.314
2001.582  97.612
2001.667  97.612
2001.749  96.180
2001.834  97.572
2001.916  98.446
2002.001  95.584
2002.086  98.499
2002.163  97.417
2002.248  97.472
2002.33  97.644
2002.415  98.474
2002.497  96.807
2002.582  94.733
2002.667  96.333
2002.749  97.087
2002.834  95.469
2002.916  95.932
2003.001  96.825
2003.086  96.791
2003.163  97.406
2003.248  97.022
2003.33  96.199
2003.415  94.232
2003.497  95.830
2003.582  96.652
2003.667  97.491
2003.749  96.027
2003.834  90.580
2003.916  96.668
2004.001  95.914
2004.086  98.705
2004.165  100.704
2004.25  101.757
2004.332  102.761
2004.416  102.716
2004.498  101.280
2004.583  101.895
2004.668  102.551
2004.75  104.932
2004.834  102.252
2004.916  103.025
2005.001  99.310
2005.086  102.233
2005.163  102.978
2005.248  103.878
2005.33  101.529
2005.415  103.445
2005.497  102.766
2005.582  101.901
2005.667  99.099
2005.749  103.898
2005.834  105.124
2005.916  105.144
2006.001  105.516
2006.086  106.757
2006.163  107.991
2006.248  108.145
2006.33  108.603
2006.415  108.545
2006.497  108.255
2006.582  108.302
2006.667  108.240
2006.749  109.122
2006.834  108.820
2006.916  107.434
2007.001  109.643
2007.086  109.197
2007.163  109.825
2007.248  110.858
2007.33  110.861
2007.415  110.928
2007.497  110.765
2007.582  110.622
2007.667  110.879
2007.749  110.955
2007.834  110.797
2007.916  111.198
2008.001  110.777
2008.086  110.507
2008.165  110.522
2008.25  110.679
2008.332  110.532
2008.416  110.584
2008.498  110.866
2008.583  110.926
2008.668  111.306
2008.75  111.631
2008.834  112.058
2008.916  112.032
2009.001  112.290
2009.086  112.266
2009.163  112.983
2009.248  113.665
2009.33  113.758
2009.415  113.556
2009.497  113.374
2009.582  113.390
2009.667  113.634
2009.749  113.959
2009.834  113.889
2009.916  114.048
2010.001  113.498
2010.086  111.943
2010.163  110.911
2010.248  109.992
2010.33  110.481
2010.415  110.152
2010.497  109.968
2010.582  109.618
2010.667  109.618
2010.749  110.051
2010.834  109.569
2010.916  108.880
2011.001  109.302
2011.086  108.811
2011.163  108.456
2011.248  106.392
2011.33  107.628
2011.415  104.862
2011.497  105.774
2011.582  106.035
2011.667  105.912
2011.749  105.332
2011.834  106.623
2011.916  108.086
2012.001  106.561
2012.086  105.347
2012.165  102.680
2012.25  106.123
2012.332  106.453
2012.416  105.001
2012.498  101.932
2012.583  102.463
2012.668  104.009
2012.75  103.904
2012.834  104.328
2012.916  105.050
2013.001  105.346
2013.086  105.435
2013.163  104.518
2013.248  104.655
2013.33  101.702
2013.415  101.575
2013.497  101.920
2013.582  102.547
2013.667  103.195
2013.749  104.339
2013.834  103.829
2013.916  102.925
2014.001  103.401
2014.086  101.510
2014.163  102.226
2014.248  102.719
2014.33  103.554
2014.415  102.139
2014.497  102.835
2014.582  103.841
2014.667  102.691
2014.749  102.735
2014.834  102.421
2014.916  100.326
2015.001  101.185
2015.086  101.405
2015.163  100.047
2015.248  100.957
2015.33  102.166
2015.415  101.893
2015.497  103.113
2015.582  103.264
2015.667  103.290
2015.749  103.529
2015.834  103.948
2015.916  104.594
2016.001  106.274
2016.086  107.177
2016.165  106.993
2016.25  107.198
2016.332  107.295
2016.416  107.818
2016.498  107.324
2016.583  108.080
2016.668  108.158
2016.75  109.039
2016.834  109.721
2016.916  109.666
2017.001  110.313
2017.086  110.594
2017.163  110.907
2017.248  110.269
2017.33  110.537
2017.415  110.823
2017.497  109.766
2017.582  108.610
2017.667  107.908
2017.749  109.088
2017.834  110.272
2017.916  110.509
2018.001  110.554
2018.086  110.893
2018.163  111.031
2018.248  111.284
2018.33  111.116
2018.415  111.790
2018.497  111.695
2018.582  111.697
2018.667  111.864
2018.749  112.041
2018.834  111.829
2018.916  111.634
2019.001  111.659
2019.086  111.488
2019.163  112.223
2019.248  112.197
2019.33  111.236
2019.415  111.985
2019.497  111.986
2019.582  111.888
2019.667  112.316
2019.749  112.539
2019.834  112.326
2019.916  112.385
2020.001  112.706
2020.086  113.219
2020.165  113.062
2020.25  113.552
2020.332  113.177
2020.416  112.785
2020.498  112.660
