1964.239  106.833
1964.313  106.902
1964.387  107.303
1964.463  107.274
1964.537  107.705
1964.611  107.977
1964.685  108.221
1964.761  107.786
1964.834  107.898
1964.908  108.278
1964.982  108.581
1965.059  107.960
1965.133  108.023
1965.207  109.786
1965.284  110.032
1965.358  110.094
1965.432  108.358
1965.506  107.827
1965.582  107.625
1965.656  107.829
1965.73  108.127
1965.804  109.011
1965.881  109.057
1965.955  107.891
1966.029  106.809
1966.106  106.757
1966.18  106.395
1966.254  106.691
1966.328  107.504
1966.404  105.869
1966.478  105.226
1966.552  104.960
1966.629  102.694
1966.703  101.020
1966.777  103.125
1966.851  103.752
1966.927  102.505
1967.001  100.021
1967.075  99.612
1967.149  100.646
1967.226  102.359
1967.3  101.859
1967.374  99.917
1967.451  100.276
1967.525  100.793
1967.599  99.730
1967.673  100.660
1967.749  101.566
1967.823  100.104
1967.897  100.040
1967.971  99.783
1968.048  98.219
1968.122  98.642
1968.196  98.627
1968.272  101.098
1968.346  99.452
1968.419  98.350
1968.493  98.537
1968.57  99.155
1968.644  98.192
1968.718  97.698
1968.794  95.066
1968.867  94.277
1968.941  94.574
1969.015  96.191
1969.092  95.510
1969.166  95.374
1969.24  97.839
1969.314  94.467
1969.391  94.736
1969.465  94.014
1969.538  95.350
1969.615  96.989
1969.689  96.909
1969.763  98.007
1969.837  97.476
1969.914  97.629
1969.988  96.767
1970.062  96.598
1970.136  96.297
1970.213  96.643
1970.287  97.089
1970.361  96.818
1970.437  94.965
1970.511  94.909
1970.585  96.284
1970.659  97.385
1970.736  98.590
1970.81  97.363
1970.884  97.704
1970.957  99.042
1971.034  98.845
1971.108  100.271
1971.183  99.151
1971.259  101.500
1971.333  102.038
1971.407  103.971
1971.481  104.387
1971.558  105.085
1971.632  105.489
1971.706  105.276
1971.782  107.082
1971.856  105.432
1971.93  104.823
1972.004  103.760
1972.081  102.357
1972.155  105.492
1972.228  107.398
1972.302  107.184
1972.379  105.998
1972.452  104.739
1972.526  104.195
1972.603  102.268
1972.677  105.908
1972.75  106.377
1972.824  102.636
1972.9  104.976
1972.974  106.465
1973.048  105.929
1973.122  104.749
1973.199  104.797
1973.273  103.161
1973.347  101.982
1973.424  104.346
1973.497  105.283
1973.571  105.438
1973.645  107.504
1973.722  107.653
1973.796  107.556
1973.87  108.135
1973.947  107.822
1974.021  107.663
1974.095  107.962
1974.169  106.976
1974.246  106.455
1974.32  104.985
1974.393  104.076
1974.467  101.870
1974.544  102.771
1974.618  103.270
1974.692  102.282
1974.769  102.540
1974.843  103.189
1974.916  105.175
1974.99  104.876
1975.067  106.183
1975.141  106.479
1975.215  107.101
1975.289  107.059
1975.366  107.314
1975.44  107.859
1975.514  107.262
1975.591  106.694
1975.665  107.142
1975.739  106.898
1975.812  106.540
1975.889  106.121
1975.963  107.436
1976.037  106.821
1976.111  107.114
1976.187  106.319
1976.261  106.782
1976.335  106.929
1976.412  107.408
1976.485  107.576
1976.559  108.071
1976.633  108.332
1976.709  107.824
1976.783  108.100
1976.856  108.125
1976.933  107.620
1977.007  107.385
1977.081  107.121
1977.155  107.636
1977.232  107.269
1977.306  107.115
1977.38  107.550
1977.454  106.410
1977.53  105.738
1977.604  106.205
1977.678  106.059
1977.755  107.048
1977.829  108.271
1977.903  107.300
1977.977  106.387
1978.053  105.866
1978.127  103.766
1978.202  105.662
1978.276  99.760
1978.352  102.909
1978.426  102.807
1978.5  102.465
1978.577  105.107
1978.651  105.640
1978.725  103.755
1978.799  104.280
1978.875  104.696
1978.949  103.452
1979.023  103.299
1979.1  102.428
1979.174  101.174
1979.248  99.228
1979.322  100.396
1979.399  97.708
1979.473  97.539
1979.547  98.104
1979.621  95.162
1979.698  95.908
1979.771  98.362
1979.845  97.940
1979.922  100.116
1979.996  99.287
1980.07  99.103
1980.144  99.860
1980.22  98.520
1980.294  99.525
1980.368  97.988
1980.441  95.491
1980.518  95.682
1980.592  96.062
1980.666  95.958
1980.742  94.486
1980.816  93.256
1980.889  92.195
1980.963  94.180
1981.04  94.494
1981.114  93.815
1981.188  94.336
1981.262  92.387
1981.339  91.298
1981.413  94.281
1981.487  94.902
1981.563  93.475
1981.637  95.451
1981.711  95.371
1981.785  92.534
1981.862  93.235
1981.936  95.254
1982.01  97.634
1982.086  93.622
1982.16  96.681
1982.235  98.038
1982.309  98.021
1982.385  96.520
1982.459  92.782
1982.533  88.611
1982.607  89.871
1982.684  87.243
1982.758  90.183
1982.832  90.999
1982.908  89.416
1982.982  90.811
1983.056  93.025
1983.13  95.611
1983.207  96.681
1983.281  95.405
1983.355  93.183
1983.429  95.252
1983.506  97.060
1983.58  96.873
1983.654  97.622
1983.73  98.155
1983.804  98.376
1983.878  98.917
1983.952  98.793
1984.029  99.765
1984.103  99.033
1984.176  97.882
1984.25  97.160
1984.327  94.412
1984.401  95.595
1984.474  96.924
1984.55  97.296
1984.624  98.656
1984.699  98.734
1984.772  98.564
1984.848  98.394
1984.922  98.832
1984.996  99.271
1985.073  99.986
1985.147  100.695
1985.221  101.740
1985.295  100.541
1985.371  102.640
1985.446  102.881
1985.519  102.266
1985.593  102.554
1985.67  103.808
1985.744  104.330
1985.818  105.463
1985.895  105.607
1985.968  104.459
1986.042  104.017
1986.117  102.887
1986.194  104.947
1986.268  106.625
1986.341  106.836
1986.415  106.985
1986.492  107.128
1986.566  107.061
1986.64  107.360
1986.717  107.994
1986.79  107.047
1986.865  107.183
1986.938  108.567
1987.015  109.804
1987.089  110.047
1987.163  110.289
1987.24  109.836
1987.314  109.594
1987.388  107.856
1987.462  107.072
1987.538  106.080
1987.613  105.267
1987.687  104.808
1987.76  104.886
1987.837  104.130
1987.911  104.021
1987.985  101.725
1988.062  102.721
1988.136  102.292
1988.209  102.258
1988.283  102.899
1988.36  102.285
1988.433  102.010
1988.507  100.301
1988.581  100.465
1988.657  100.292
1988.731  99.708
1988.805  99.819
1988.881  99.125
1988.955  95.520
1989.029  95.566
1989.103  95.226
1989.18  90.076
1989.254  91.684
1989.328  90.218
1989.402  89.927
1989.478  92.782
1989.552  94.450
1989.626  90.058
1989.703  91.881
1989.777  88.357
1989.851  86.826
1989.925  88.865
1990.001  90.253
1990.075  90.649
1990.149  90.593
1990.226  87.584
1990.3  87.967
1990.374  86.771
1990.448  88.279
1990.525  89.386
1990.599  89.413
1990.673  90.905
1990.747  92.618
1990.823  93.511
1990.897  94.010
1990.971  95.128
1991.048  96.544
1991.122  96.422
1991.196  87.387
1991.27  92.430
1991.347  91.083
1991.421  81.022
1991.495  81.569
1991.569  86.615
1991.645  89.553
1991.719  92.510
1991.793  91.502
1991.87  93.885
1991.944  93.716
1992.018  94.108
1992.092  93.176
1992.168  95.060
1992.242  98.306
1992.316  97.326
1992.393  99.077
1992.466  100.486
1992.539  100.681
1992.614  100.605
1992.69  100.152
1992.764  101.551
1992.837  100.775
1992.911  102.315
1992.988  102.221
1993.062  102.458
1993.136  100.588
1993.213  101.649
1993.287  102.952
1993.361  103.174
1993.435  103.545
1993.511  103.940
1993.585  103.866
1993.659  104.835
1993.733  104.384
1993.81  104.583
1993.884  104.981
1993.957  104.957
1994.034  104.662
1994.108  103.036
1994.183  103.470
1994.257  103.057
1994.333  104.109
1994.407  104.093
1994.481  104.668
1994.555  105.241
1994.632  106.207
1994.706  105.938
1994.78  105.424
1994.856  105.516
1994.93  105.326
1995.004  106.027
1995.078  106.299
1995.155  105.830
1995.229  106.171
1995.303  106.727
1995.38  106.338
1995.454  106.893
1995.528  106.715
1995.602  106.831
1995.678  106.572
1995.752  106.162
1995.826  106.425
1995.9  106.811
1995.977  107.135
1996.051  107.605
1996.125  107.865
1996.201  108.726
1996.275  108.858
1996.349  108.840
1996.422  108.977
1996.498  109.021
1996.572  108.757
1996.646  108.414
1996.72  108.342
1996.797  107.838
1996.87  107.950
1996.944  108.491
1997.021  109.011
1997.095  109.166
1997.169  109.445
1997.243  108.974
1997.32  109.370
1997.393  109.228
1997.467  108.905
1997.541  109.380
1997.618  109.806
1997.692  109.403
1997.766  109.023
1997.843  108.022
1997.916  108.631
1997.99  108.762
1998.064  108.834
1998.141  109.331
1998.215  108.010
1998.289  104.522
1998.366  105.636
1998.44  105.049
1998.514  106.509
1998.588  104.943
1998.665  106.452
1998.739  106.645
1998.812  106.864
1998.886  105.896
1998.963  105.703
1999.037  103.970
1999.111  103.721
1999.188  104.563
1999.262  105.164
1999.336  104.849
1999.41  106.007
1999.487  106.255
1999.56  105.704
1999.634  101.921
1999.708  101.930
1999.785  100.580
1999.859  100.195
1999.933  99.143
2000.01  100.257
2000.084  99.533
2000.158  98.216
2000.231  97.920
2000.308  97.840
2000.382  94.586
2000.455  95.602
2000.531  91.552
2000.605  94.620
2000.679  95.204
2000.753  97.527
2000.83  95.392
2000.903  94.963
2000.977  96.514
2001.051  97.967
2001.127  100.402
2001.202  98.592
2001.276  95.986
2001.352  98.270
2001.426  98.871
2001.5  99.341
2001.574  98.437
2001.651  97.414
2001.725  95.834
2001.799  97.362
2001.873  97.654
2001.949  97.542
2002.023  95.939
2002.097  98.900
2002.174  97.361
2002.248  97.463
2002.322  97.839
2002.396  97.750
2002.473  98.774
2002.547  94.704
2002.621  95.032
2002.695  96.780
2002.771  97.088
2002.845  95.410
2002.919  95.765
2002.996  97.164
2003.07  96.363
2003.144  97.408
2003.218  96.987
2003.295  96.831
2003.369  95.606
2003.443  94.373
2003.519  96.098
2003.593  96.662
2003.667  97.299
2003.741  98.429
2003.818  89.715
2003.892  94.118
2003.966  96.793
2004.04  96.414
2004.117  99.852
2004.19  100.883
2004.264  101.986
2004.341  102.829
2004.415  102.731
2004.488  102.512
2004.561  100.182
2004.638  103.068
2004.712  103.199
2004.786  104.511
2004.859  102.242
2004.936  102.784
2005.01  99.072
2005.084  102.147
2005.16  103.082
2005.235  103.610
2005.309  101.966
2005.382  102.837
2005.459  103.917
2005.533  101.549
2005.607  102.092
2005.684  98.906
2005.758  103.999
2005.832  104.956
2005.906  105.279
2005.982  105.043
2006.056  106.291
2006.13  107.456
2006.204  108.140
2006.281  108.244
2006.355  108.594
2006.429  108.620
2006.506  108.136
2006.58  108.354
2006.654  108.136
2006.728  108.950
2006.804  108.881
2006.878  108.624
2006.952  107.684
2007.026  109.609
2007.103  109.309
2007.177  109.843
2007.251  110.876
2007.328  110.994
2007.402  110.703
2007.476  110.937
2007.549  110.556
2007.626  110.805
2007.7  110.927
2007.774  111.060
2007.848  110.641
2007.925  111.158
2007.999  110.655
2008.073  110.593
2008.149  110.488
2008.223  110.617
2008.297  110.691
2008.371  110.570
2008.447  110.772
2008.52  110.833
2008.594  110.893
2008.671  111.243
2008.745  111.670
2008.819  111.978
2008.892  111.973
2008.968  112.410
2009.042  112.187
2009.117  112.445
2009.191  113.239
2009.268  113.667
2009.341  113.779
2009.415  113.633
2009.492  113.406
2009.566  113.389
2009.64  113.405
2009.714  113.950
2009.79  113.794
2009.865  114.118
2009.938  114.031
2010.012  113.449
2010.089  111.962
2010.163  110.984
2010.237  110.004
2010.314  110.401
2010.388  110.473
2010.462  110.008
2010.536  109.497
2010.613  110.128
2010.687  109.566
2010.76  110.040
2010.837  109.623
2010.911  108.946
2010.985  109.193
2011.059  109.274
2011.136  108.417
2011.21  107.104
2011.284  107.064
2011.358  107.479
2011.435  104.634
2011.508  105.823
2011.582  105.930
2011.659  106.402
2011.733  104.810
2011.807  106.224
2011.881  107.515
2011.957  107.982
2012.032  105.766
2012.106  105.508
2012.179  102.418
2012.256  106.125
2012.33  106.542
2012.404  104.979
2012.479  103.643
2012.553  101.357
2012.627  103.166
2012.701  104.285
2012.778  104.092
2012.851  104.254
2012.925  105.184
2012.999  105.457
2013.075  105.431
2013.149  104.808
2013.224  104.537
2013.3  103.920
2013.374  100.418
2013.448  101.830
2013.522  102.090
2013.599  102.654
2013.673  103.199
2013.747  104.341
2013.823  103.960
2013.897  102.921
2013.971  103.413
2014.045  103.104
2014.122  100.896
2014.196  102.924
2014.27  102.886
2014.344  103.340
2014.421  102.146
2014.495  102.572
2014.569  103.571
2014.645  102.712
2014.719  103.198
2014.793  101.797
2014.867  102.271
2014.944  100.412
2015.018  101.547
2015.092  101.550
2015.166  100.015
2015.243  100.619
2015.317  101.648
2015.391  103.511
2015.467  101.380
2015.541  103.522
2015.615  103.269
2015.689  103.131
2015.766  103.585
2015.84  103.847
2015.914  104.475
2015.988  105.806
2016.064  107.169
2016.138  107.229
2016.212  107.327
2016.289  106.857
2016.363  107.739
2016.436  107.568
2016.509  107.243
2016.586  107.920
2016.66  108.302
2016.734  108.928
2016.811  109.547
2016.884  109.906
2016.957  109.484
2017.032  110.256
2017.108  110.749
2017.183  110.941
2017.257  110.286
2017.33  110.661
2017.407  110.899
2017.481  110.195
2017.555  108.808
2017.632  108.244
2017.706  108.033
2017.78  109.437
2017.854  110.361
2017.93  110.572
2018.004  110.587
2018.078  110.952
2018.152  111.003
2018.229  111.191
2018.303  111.212
2018.377  111.575
2018.454  111.469
2018.528  111.804
2018.602  111.608
2018.676  111.890
2018.752  111.995
2018.826  111.690
2018.9  111.728
2018.977  111.611
2019.051  111.556
2019.125  112.103
2019.199  112.182
2019.276  112.182
2019.35  111.085
2019.424  111.981
2019.497  111.968
2019.574  111.891
2019.648  112.075
2019.722  112.642
2019.799  112.372
2019.873  112.416
2019.947  112.379
2020.021  112.738
2020.097  113.278
2020.171  113.034
2020.245  113.514
2020.319  113.353
2020.395  112.805
2020.468  112.841
2020.542  112.663
2020.619  112.514
2020.693  112.551
2020.767  112.371
2020.84  112.424
2020.916  111.666
2020.99  111.797
2021.064  110.753
2021.138  111.316
2021.215  112.221
2021.289  112.161
2021.363  112.072
