NEUTRON MONITOR DATA downloaded from HVO:
Selected station: HRMS
column 1 - Date in fraction of year.
column 2 - Time resolution 1 month.

1980.001	116.809
1980.086	116.26
1980.165	117.449
1980.250	115.743
1980.332	115.679
1980.416	113.484
1980.498	113.667
1980.583	114.414
1980.668	114.141
1980.750	112.547
1980.834	111.156
1980.916	111.32
1981.001	114.298
1981.086	112.458
1981.163	112.265
1981.248	111.166
1981.330	109.976
1981.415	112.499
1981.497	113.477
1981.582	113.666
1981.667	114.401
1981.749	111.25
1981.834	111.813
1981.916	113.893
1982.001	115.263
1982.086	112.269
1982.163	114.91
1982.248	115.423
1982.330	116.037
1982.415	111.356
1982.497	107.51
1982.582	107.96
1982.667	106.103
1982.749	108.671
1982.834	109.855
1982.916	107.998
1983.001	109.893
1983.086	111.626
1983.163	113.26
1983.248	113.404
1983.330	110.418
1983.415	112.091
1983.497	113.892
1983.582	113.565
1983.667	114.077
1983.749	114.467
1983.834	115.068
1983.916	115.085
1984.001	117.125
1984.086	116.385
1984.165	115.202
1984.250	114.527
1984.332	111.916
1984.416	113.508
1984.498	114.26
1984.583	115.419
1984.668	115.926
1984.750	116.075
1984.834	115.666
1984.916	116.164
1985.001	116.973
1985.086	118.384
1985.163	118.849
1985.248	119.757
1985.330	119.831
1985.415	121.346
1985.497	121.59
1985.582	121.599
1985.667	122.304
1985.749	122.019
1985.834	122.362
1985.916	122.097
1986.001	122.164
1986.086	120.331
1986.163	121.791
1986.248	123.477
1986.330	124.003
1986.415	124.352
1986.497	124.392
1986.582	124.403
1986.667	124.175
1986.749	124.554
1986.834	123.156
1986.916	124.297
1987.001	125.32
1987.086	125.949
1987.163	125.991
1987.248	125.521
1987.330	124.927
1987.415	123.596
1987.497	123.156
1987.582	122.36
1987.667	121.423
1987.749	121.504
1987.834	120.255
1987.916	120.221
1988.001	118.628
1988.086	118.976
1988.165	119.108
1988.250	118.836
1988.332	119.196
1988.416	118.783
1988.498	117.25
1988.583	116.856
1988.668	117.234
1988.750	116.714
1988.834	116.316
1988.916	114.662
1989.001	113.186
1989.086	113.025
1989.163	108.198
1989.248	109.012
1989.330	107.249
1989.415	108.154
1989.497	110.88
1989.582	109.272
1989.667	107.757
1989.749	105.057
1989.834	104.169
1989.916	105.819
1990.001	107.654
1990.086	108.317
1990.163	107.191
1990.248	104.975
1990.330	104.508
1990.415	105.34
1990.497	107.835
1990.582	107.424
1990.667	108.802
1990.749	110.706
1990.834	111.799
1990.916	111.667
1991.001	113.769
1991.086	113.63
1991.163	107.055
1991.248	107.959
1991.330	108.401
1991.415	98.033
1991.497	98.974
1991.582	104.462
1991.667	108.331
1991.749	109.107
1991.834	109.015
1991.916	110.464
1992.001	110.973
1992.086	110.291
1992.165	112.187
1992.250	114.567
1992.332	113.76
1992.416	115.678
1992.498	117.272
1992.583	116.966
1992.668	116.262
1992.750	117.283
1992.834	116.93
1992.916	118.271
1993.001	117.737
1993.086	117.66
1993.163	116.817
1993.248	118.033
1993.330	118.344
1993.415	118.735
1993.497	118.758
1993.582	118.799
1993.667	119.329
1993.749	119.378
1993.834	119.763
1993.916	119.438
1994.001	119.56
1994.086	118.597
1994.163	118.396
1994.248	118.326
1994.330	118.794
1994.415	118.88
1994.497	119.411
1994.582	119.891
1994.667	120.464
1994.749	120.354
1994.834	120.279
1994.916	120.152
1995.001	120.8
1995.086	121.144
1995.163	120.677
1995.248	121.096
1995.330	121.291
1995.415	120.918
1995.497	120.801
1995.582	120.976
1995.667	121.322
1995.749	121.592
1995.834	121.585
1995.916	121.579
1996.001	121.334
1996.086	121.894
1996.165	122.054
1996.250	122.102
1996.332	121.789
1996.416	121.579
1996.498	121.56
1996.583	121.441
1996.668	121.293
1996.750	120.87
1996.834	120.702
1996.916	121.084
1997.001	122.285
1997.086	122.737
1997.163	122.749
1997.248	122.501
1997.330	122.774
1997.415	122.538
1997.497	122.346
1997.582	122.733
1997.667	122.455
1997.749	122.121
1997.834	121.924
1997.916	121.943
1998.001	121.379
1998.086	121.427
1998.163	121.741
1998.248	119.166
1998.330	118.065
1998.415	118.115
1998.497	119.193
1998.582	118.17
1998.667	119.448
1998.749	120.372
1998.834	119.631
1998.916	118.656
1999.001	117.181
1999.086	117.103
1999.163	117.452
1999.248	117.806
1999.330	117.459
1999.415	118.727
1999.497	119.19
1999.582	116.992
1999.667	115.388
1999.749	114.853
1999.834	114.499
1999.916	113.857
2000.001	114.506
2000.086	113.631
2000.165	112.042
2000.250	112.624
2000.332	110.43
2000.416	108.818
2000.498	107.204
2000.583	109.218
2000.668	110.302
2000.750	112.463
2000.834	109.873
2000.916	110.872
2001.001	112.21
2001.086	114.189
2001.163	115.202
2001.248	109.775
2001.330	111.944
2001.415	112.837
2001.497	113.229
2001.582	111.386
2001.667	111.376
2001.749	110.587
2001.834	112.337
2001.916	112.53
2002.001	109.852
2002.086	112.582
2002.163	111.331
2002.248	111.225
2002.330	111.15
2002.415	111.681
2002.497	110.207
2002.582	108.504
2002.667	110.011
2002.749	110.774
2002.834	109.111
2002.916	109.758
2003.001	112.889
2003.086	112.593
2003.163	113.066
2003.248	112.477
2003.330	111.856
2003.415	109.628
2003.497	111.635
2003.582	112.481
2003.667	113.175
2003.749	111.416
2003.834	106.663
2003.916	112.751
2004.001	112.146
2004.086	114.904
2004.165	116.474
2004.250	116.97
2004.332	117.844
2004.416	117.709
2004.498	116.609
2004.583	117.259
2004.668	117.903
2004.750	119.837
2004.834	117.771
2004.916	118.504
2005.001	114.548
2005.086	117.508
2005.163	118.035
2005.248	118.543
2005.330	116.701
2005.415	117.888
2005.497	117.083
2005.582	116.537
2005.667	114.043
2005.749	118.334
2005.834	119.633
2005.916	119.78
2006.001	120.204
2006.086	121.472
2006.163	122.157
2006.248	122.294
2006.330	122.317
2006.415	122.221
2006.497	121.688
2006.582	121.757
2006.667	121.785
2006.749	122.7
2006.834	122.618
2006.916	121.383
2007.001	123.402
2007.086	123.226
2007.163	123.658
2007.248	124.213
2007.330	124.142
2007.415	124.121
2007.497	123.908
2007.582	123.714
2007.667	123.843
2007.749	124.061
2007.834	123.926
2007.916	124.217
2008.001	123.981
2008.086	123.832
2008.165	123.86
2008.250	124.134
2008.332	123.881
2008.416	123.755
2008.498	124.006
2008.583	124.375
2008.668	124.421
2008.750	124.648
2008.834	124.968
2008.916	125.441
2009.001	125.777
2009.086	126.402
2009.163	126.577
2009.248	126.757
2009.330	126.877
2009.415	126.59
2009.497	126.626
2009.582	126.396
2009.667	126.409
2009.749	126.58
2009.834	126.629
2009.916	126.828
2010.001	126.577
2010.086	125.532
2010.163	124.705
2010.248	123.78
2010.330	124.171
2010.415	123.724
2010.497	123.775
2010.582	123.557
2010.667	123.48
2010.749	123.9
2010.834	123.407
2010.916	123.252
2011.001	124.03
2011.086	124.121
2011.163	122.951
2011.248	121.003
2011.330	122.179
2011.415	119.672
2011.497	120.688
2011.582	120.944
2011.667	120.777
2011.749	120.433
2011.834	121.441
2011.916	122.724
2012.001	122.133
2012.086	121.079
2012.165	118.621
2012.250	121.703
2012.332	121.41
2012.416	120.284
2012.498	117.426
2012.583	118.244
2012.668	119.598
2012.750	119.416
2012.834	119.795
2012.916	120.331
2013.001	121.27
2013.086	121.332
2013.163	119.902
2013.248	119.995
2013.330	117.497
2013.415	117.622
2013.497	118.38
2013.582	118.831
2013.667	118.913
2013.749	120.06
2013.834	119.631
2013.916	118.794
2014.001	118.733
2014.086	117.261
2014.163	117.901
2014.248	118.377
2014.330	119.18
2014.415	117.469
2014.497	118.129
2014.582	119.085
2014.667	117.769
2014.749	117.676
2014.834	117.169
2014.916	115.517
2015.001	117.178
2015.086	117.388
2015.163	116.028
2015.248	116.894
2015.330	117.912
2015.415	117.401
2015.497	118.772
2015.582	118.777
2015.667	118.651
2015.749	118.824
2015.834	119.162
2015.916	119.827
2016.001	121.088
2016.086	122.108
2016.165	121.77
2016.250	121.435
2016.332	121.755
2016.416	122.016
2016.498	121.758
2016.583	122.39
2016.668	122.451
2016.750	123.208
2016.834	123.873
2016.916	124.052
2017.001	124.572
2017.086	124.873
2017.163	125.19
2017.248	124.289
2017.330	124.192
2017.415	124.342
2017.497	123.58
2017.582	122.789
2017.667	122.616
2017.749	123.474
2017.834	124.466
2017.916	124.737
2018.001	125.058
2018.086	125.23
2018.163	125.038
2018.248	125.187
2018.330	125.055
2018.415	125.149
2018.497	125.177
2018.582	125.215
2018.667	125.315
2018.749	125.425
2018.834	125.386
2018.916	125.466
2019.001	125.474
2019.086	125.633
2019.163	125.683
2019.248	125.543
2019.330	125.162
2019.415	125.551
2019.497	125.0
2019.582	124.637
2019.667	125.273
2019.749	126.238
2019.834	125.127
2019.916	125.049
2020.001	125.375
2020.165	125.954
2020.250	126.128
2020.332	125.83
2020.416	125.181
2020.498	125.914
2020.583	125.602
2020.668	124.685
2020.750	125.294
2020.834	125.637
2020.916	126.125
2021.001	125.449
2021.086	125.859
2021.163	125.581
2021.248	125.815
2021.330	125.225
