1976.415     89.000
1976.441     99.000
1976.468    107.000
1976.496    117.000
1976.523    119.000
1976.550    128.000
1976.578    135.000
1976.605    139.000
1976.633    118.000
1976.660    117.000
1976.688    121.000
1976.715    132.000
1976.742    129.000
1976.770    122.000
1976.797    113.000
1976.824    103.000
1976.851     95.000
1976.878     88.000
1976.906     86.000
1976.933     89.000
1976.960     86.000
1976.988     75.000
1977.015     58.000
1977.042     52.000
1977.070     44.000
1977.097     52.000
1977.125     55.000
1977.152     58.000
1977.180     53.000
1977.207     62.000
1977.235     56.000
1977.262     61.000
1977.289     60.000
1977.317     69.000
1977.344     76.000
1977.371     84.000
1977.399     93.000
1977.426     98.000
1977.454     96.000
1977.481    104.000
1977.508    110.000
1977.536    113.000
1977.563    112.000
1977.591    113.000
1977.618    115.000
1977.645    107.000
1977.673    110.000
1977.700    109.000
1977.728    114.000
1977.755    113.000
1977.782    117.000
1977.810    115.000
1977.837    108.000
1977.865    106.000
1977.892    106.000
1977.919    104.000
1977.947     90.000
1977.974     80.000
1978.001     56.000
1978.029     49.000
1978.056     52.000
1978.084     52.000
1978.111     56.000
1978.138     48.000
1978.166     50.000
1978.194     49.000
1978.221     54.000
1978.248     55.000
1978.276     50.000
1978.303     58.000
1978.330     66.000
1978.358     70.000
1978.385     74.000
1978.413     86.000
1978.440     93.000
1978.467     99.000
1978.495    104.000
1978.522    115.000
1978.549    114.000
1978.577    109.000
1978.604    114.000
1978.632    118.000
1978.659    117.000
1978.687    113.000
1978.714    117.000
1978.741    113.000
1978.769    105.000
1978.796    107.000
1978.823    106.000
1978.851    107.000
1978.878     84.000
1978.906     72.000
1978.933     65.000
1978.960     52.000
1978.988     46.000
1979.015     42.000
1979.042     14.000
1979.070     13.000
1979.097     10.000
1979.125      9.000
1979.152     -9.000
1979.180     -6.000
1979.207     -0.000
1979.235     -6.000
1979.262     -4.000
1979.289     -3.000
1979.317     -2.000
1979.344     -1.000
1979.371     27.000
1979.399     37.000
1979.426     43.000
1979.454     58.000
1979.481     77.000
1979.508     82.000
1979.536     91.000
1979.563     99.000
1979.591     95.000
1979.618     82.000
1979.645     70.000
1979.673     70.000
1979.700     66.000
1979.728     68.000
1979.755     69.000
1979.782     62.000
1979.810     49.000
1979.837     43.000
1979.865     46.000
1979.892     18.000
1979.919     -6.000
1979.947    -16.000
1979.974    -32.000
1980.001    -34.000
1980.029    -50.000
1980.056    -48.000
1980.084    -49.000
1980.111    -36.000
1980.138    -42.000
1980.165    -68.000
1980.193    -94.000
1980.220    -81.000
1980.248    -66.000
1980.275    -44.000
1980.302    -48.000
1980.330    -52.000
1980.357    -61.000
1980.384    -65.000
1980.412    -48.000
1980.438    -41.000
1980.466    -41.000
1980.493    -47.000
1980.520    -27.000
1980.548    -30.000
1980.575    -39.000
1980.603    -28.000
1980.630    -22.000
1980.657    -24.000
1980.685    -48.000
1980.712    -41.000
1980.740    -53.000
1980.767    -57.000
1980.794    -69.000
1980.822    -58.000
1980.848    -67.000
1980.875    -71.000
1980.903    -76.000
1980.930    -80.000
1980.957    -76.000
1980.985    -71.000
1981.012    -62.000
1981.040    -54.000
1981.067    -40.000
1981.095    -38.000
1981.122    -34.000
1981.149    -30.000
1981.177    -26.000
1981.204    -16.000
1981.232    -21.000
1981.259    -27.000
1981.287    -21.000
1981.314    -18.000
1981.341    -19.000
1981.369    -32.000
1981.396    -30.000
1981.424    -31.000
1981.451    -32.000
1981.478    -46.000
1981.506    -51.000
1981.533    -54.000
1981.560    -53.000
1981.588    -56.000
1981.615    -61.000
1981.643    -60.000
1981.670    -49.000
1981.698    -50.000
1981.725    -56.000
1981.752    -56.000
1981.780    -50.000
1981.807    -52.000
1981.834    -65.000
1981.862    -60.000
1981.889    -57.000
1981.916    -57.000
1981.944    -62.000
1981.971    -50.000
1981.999    -63.000
1982.026    -59.000
1982.053    -54.000
1982.081    -43.000
1982.108    -41.000
1982.136    -43.000
1982.163    -43.000
1982.191    -44.000
1982.218    -39.000
1982.246    -53.000
1982.273    -63.000
1982.300    -65.000
1982.328    -69.000
1982.355    -75.000
1982.382    -80.000
1982.410    -76.000
1982.437    -86.000
1982.465    -90.000
1982.492    -91.000
1982.519    -89.000
1982.547    -87.000
1982.574    -96.000
1982.602    -95.000
1982.629   -102.000
1982.656   -102.000
1982.684   -104.000
1982.711   -105.000
1982.739   -109.000
1982.766   -111.000
1982.793   -107.000
1982.821   -112.000
1982.848   -112.000
1982.875   -117.000
1982.903    -99.000
1982.930    -89.000
1982.957    -88.000
1982.985    -74.000
1983.012    -70.000
1983.040    -59.000
1983.067    -50.000
1983.095    -63.000
1983.122    -66.000
1983.149    -85.000
1983.177    -54.000
1983.204    -40.000
1983.232    -38.000
1983.259    -40.000
1983.287    -41.000
1983.314    -50.000
1983.341    -57.000
1983.369    -82.000
1983.396    -87.000
1983.424   -102.000
1983.451   -117.000
1983.478   -122.000
1983.506   -129.000
1983.533   -130.000
1983.560   -144.000
1983.588   -143.000
1983.615   -162.000
1983.643   -153.000
1983.670   -156.000
1983.698   -151.000
1983.725   -149.000
1983.752   -137.000
1983.780   -137.000
1983.807   -133.000
1983.834   -134.000
1983.862   -117.000
1983.889   -115.000
1983.916   -117.000
1983.944   -108.000
1983.971    -77.000
1983.999    -88.000
1984.026    -84.000
1984.053    -80.000
1984.081    -70.000
1984.108    -70.000
1984.136    -65.000
1984.163    -63.000
1984.190    -69.000
1984.217    -70.000
1984.245    -71.000
1984.272    -71.000
1984.300    -86.000
1984.327    -87.000
1984.354    -87.000
1984.382    -96.000
1984.409   -107.000
1984.436   -117.000
1984.463   -116.000
1984.490   -126.000
1984.518   -138.000
1984.545   -141.000
1984.572   -141.000
1984.600   -146.000
1984.627   -148.000
1984.655   -156.000
1984.682   -156.000
1984.709   -160.000
1984.737   -156.000
1984.764   -157.000
1984.791   -132.000
1984.819   -128.000
1984.845   -124.000
1984.873   -126.000
1984.900   -119.000
1984.927   -103.000
1984.955    -97.000
1984.982    -95.000
1985.010    -94.000
1985.037    -93.000
1985.064    -80.000
1985.092    -67.000
1985.119    -61.000
1985.147    -64.000
1985.174    -66.000
1985.202    -74.000
1985.229    -70.000
1985.257    -72.000
1985.284    -81.000
1985.311    -92.000
1985.339    -94.000
1985.366    -99.000
1985.393   -107.000
1985.421   -115.000
1985.448   -120.000
1985.476   -124.000
1985.503   -133.000
1985.530   -136.000
1985.558   -142.000
1985.585   -150.000
1985.613   -154.000
1985.640   -154.000
1985.667   -161.000
1985.695   -161.000
1985.722   -156.000
1985.749   -146.000
1985.777   -153.000
1985.804   -152.000
1985.832   -142.000
1985.859   -129.000
1985.886   -122.000
1985.914    -96.000
1985.941    -94.000
1985.968    -95.000
1985.996    -86.000
1986.023    -73.000
1986.051    -70.000
1986.078    -76.000
1986.106    -85.000
1986.133    -80.000
1986.160    -79.000
1986.188    -74.000
1986.215    -77.000
1986.243    -82.000
1986.270    -89.000
1986.298    -93.000
1986.325    -94.000
1986.352   -101.000
1986.380   -107.000
1986.407   -115.000
1986.435   -124.000
1986.462   -128.000
1986.489   -133.000
1986.517   -128.000
1986.544   -137.000
1986.571   -146.000
1986.599   -143.000
1986.626   -132.000
1986.654   -133.000
1986.681   -137.000
1986.708   -147.000
1986.736   -160.000
1986.763   -153.000
1986.790   -146.000
1986.818   -133.000
1986.845   -139.000
1986.873   -136.000
1986.900   -127.000
1986.927   -123.000
1986.955   -109.000
1986.982   -102.000
1987.010    -93.000
1987.037    -98.000
1987.064    -83.000
1987.092    -77.000
1987.119    -79.000
1987.147    -80.000
1987.174    -76.000
1987.202    -83.000
1987.229    -79.000
1987.257    -88.000
1987.284    -89.000
1987.311    -98.000
1987.339    -97.000
1987.366   -102.000
1987.393   -114.000
1987.421   -118.000
1987.448   -121.000
1987.476   -127.000
1987.503   -134.000
1987.530   -138.000
1987.558   -135.000
1987.585   -144.000
1987.613   -140.000
1987.640   -138.000
1987.667   -139.000
1987.695   -144.000
1987.722   -144.000
1987.749   -143.000
1987.777   -139.000
1987.804   -142.000
1987.832   -134.000
1987.859   -131.000
1987.886   -125.000
1987.914   -119.000
1987.941   -104.000
1987.968    -92.000
1987.996    -80.000
1988.023    -62.000
1988.051    -63.000
1988.078    -69.000
1988.106    -70.000
1988.133    -66.000
1988.160    -62.000
1988.187    -65.000
1988.215    -63.000
1988.242    -64.000
1988.270    -61.000
1988.297    -66.000
1988.324    -73.000
1988.352    -77.000
1988.379    -87.000
1988.406   -105.000
1988.433   -111.000
1988.460   -122.000
1988.488   -109.000
1988.515   -104.000
1988.542   -100.000
1988.570   -104.000
1988.597   -119.000
1988.624   -112.000
1988.652   -116.000
1988.679   -115.000
1988.707   -119.000
1988.734   -112.000
1988.761   -108.000
1988.789   -101.000
1988.816   -102.000
1988.843    -99.000
1988.870    -92.000
1988.897    -65.000
1988.925    -63.000
1988.952    -58.000
1988.979    -16.000
1989.007      3.000
1989.034     26.000
1989.062      6.000
1989.089     12.000
1989.117     -2.000
1989.144    -22.000
1989.172    -17.000
1989.199     -2.000
1989.226     19.000
1989.254     31.000
1989.281     33.000
1989.309     35.000
1989.336      7.000
1989.363     -6.000
1989.391    -34.000
1989.418    -46.000
1989.446    -39.000
1989.473    -40.000
1989.500    -42.000
1989.528    -66.000
1989.555    -71.000
1989.582    -74.000
1989.610    -66.000
1989.637    -68.000
1989.665    -86.000
1989.692    -79.000
1989.719    -66.000
1989.747    -39.000
1989.774    -42.000
1989.801    -20.000
1989.829    -27.000
1989.856    -31.000
1989.884    -43.000
1989.911    -25.000
1989.938     -7.000
1989.966     12.000
1989.993     32.000
1990.021     42.000
1990.048      5.000
1990.075     41.000
1990.103     57.000
1990.130     71.000
1990.158     78.000
1990.185     14.000
1990.213    -12.000
1990.240      1.000
1990.268     17.000
1990.295     22.000
1990.322     33.000
1990.350     36.000
1990.377     45.000
1990.404     20.000
1990.432     21.000
1990.459     38.000
1990.487     19.000
1990.514     11.000
1990.541      4.000
1990.569     19.000
1990.596     14.000
1990.623     19.000
1990.651     24.000
1990.678     29.000
1990.706     22.000
1990.733     22.000
1990.760     40.000
1990.788     40.000
1990.815     52.000
1990.843     48.000
1990.870     57.000
1990.897     46.000
1990.925     47.000
1990.952     51.000
1990.979     46.000
1991.007     51.000
1991.034     48.000
1991.062     43.000
1991.089     43.000
1991.117     39.000
1991.144     47.000
1991.172     48.000
1991.199     52.000
1991.226     35.000
1991.254     33.000
1991.281     32.000
1991.309     35.000
1991.336     31.000
1991.363     45.000
1991.391     50.000
1991.418     52.000
1991.446     57.000
1991.473     63.000
1991.500     74.000
1991.528     73.000
1991.555     75.000
1991.582     70.000
1991.610     77.000
1991.637     72.000
1991.665     76.000
1991.692     72.000
1991.719     66.000
1991.747     69.000
1991.774     74.000
1991.801     82.000
1991.829     86.000
1991.856     82.000
1991.884     81.000
1991.911     96.000
1991.938     98.000
1991.966    112.000
1991.993    102.000
1992.021    100.000
1992.048    102.000
1992.075     82.000
1992.103     70.000
1992.130     66.000
1992.158     67.000
1992.185     78.000
1992.212     92.000
1992.239     92.000
1992.267     86.000
1992.294     83.000
1992.322     76.000
1992.349     85.000
1992.376     92.000
1992.404    101.000
1992.430    101.000
1992.457     99.000
1992.485    108.000
1992.512    108.000
1992.539    111.000
1992.567    109.000
1992.594    107.000
1992.622     98.000
1992.649    101.000
1992.677    116.000
1992.704    125.000
1992.731    126.000
1992.759    119.000
1992.786    114.000
1992.813    105.000
1992.840    102.000
1992.867     96.000
1992.895     94.000
1992.922     87.000
1992.949     71.000
1992.977     61.000
1993.004     51.000
1993.032     47.000
1993.059     56.000
1993.086     54.000
1993.114     61.000
1993.141     49.000
1993.169     44.000
1993.196     44.000
1993.224     49.000
1993.251     51.000
1993.279     48.000
1993.306     50.000
1993.333     63.000
1993.361     72.000
1993.388     75.000
1993.415     80.000
1993.443     84.000
1993.470     91.000
1993.497     92.000
1993.525    108.000
1993.552    100.000
1993.580     98.000
1993.607     99.000
1993.634    102.000
1993.662    102.000
1993.689    103.000
1993.717    107.000
1993.744    109.000
1993.771    101.000
1993.799     89.000
1993.826     86.000
1993.854     83.000
1993.881     75.000
1993.908     68.000
1993.936     66.000
1993.963     58.000
1993.990     60.000
1994.018     66.000
1994.045     66.000
1994.073     61.000
1994.100     55.000
1994.127     52.000
1994.155     54.000
1994.183     52.000
1994.210     52.000
1994.237     53.000
1994.265     63.000
1994.292     72.000
1994.320     75.000
1994.347     82.000
1994.374     81.000
1994.402     74.000
1994.429     80.000
1994.456     83.000
1994.484    100.000
1994.511     92.000
1994.538     99.000
1994.566     99.000
1994.593    107.000
1994.621    100.000
1994.648    117.000
1994.676    123.000
1994.703    122.000
1994.730    117.000
1994.758    106.000
1994.785    100.000
1994.812     99.000
1994.840    101.000
1994.867     98.000
1994.895     96.000
1994.922     91.000
1994.949     86.000
1994.977     68.000
1995.004     70.000
1995.032     69.000
1995.059     75.000
1995.086     54.000
1995.114     55.000
1995.141     49.000
1995.169     57.000
1995.196     60.000
1995.224     65.000
1995.251     73.000
1995.279     75.000
1995.306     80.000
1995.333     79.000
1995.361     89.000
1995.388     91.000
1995.415     97.000
1995.443    108.000
1995.470    118.000
1995.497    126.000
1995.525    126.000
1995.552    118.000
1995.580    114.000
1995.607    106.000
1995.634    108.000
1995.662    125.000
1995.689    122.000
1995.717    126.000
1995.744    113.000
1995.771    113.000
1995.799    112.000
1995.826    111.000
1995.854    111.000
1995.881    105.000
1995.908     98.000
1995.936     88.000
1995.963     49.000
1995.990     56.000
1996.018     95.000
1996.045     97.000
1996.073    108.000
1996.100     83.000
1996.127     63.000
1996.155     56.000
1996.182     72.000
1996.209     75.000
1996.237     73.000
1996.264     74.000
1996.291    108.000
1996.319    106.000
1996.346    105.000
1996.373     89.000
1996.401     95.000
1996.427    103.000
1996.455    112.000
1996.482    114.000
1996.509    111.000
1996.537    108.000
1996.564    119.000
1996.592    121.000
1996.619    123.000
1996.646    114.000
1996.674    124.000
1996.701    117.000
1996.729    119.000
1996.756    114.000
1996.783    135.000
1996.811    137.000
1996.837    134.000
1996.865    118.000
1996.892    114.000
1996.919    103.000
1996.947     84.000
1996.974     77.000
1997.001     74.000
1997.029     76.000
1997.056     63.000
1997.084     57.000
1997.111     61.000
1997.138     76.000
1997.166     78.000
1997.194     78.000
1997.221     73.000
1997.248     83.000
1997.276     83.000
1997.303     78.000
1997.330     84.000
1997.358     93.000
1997.385    105.000
1997.413    100.000
1997.440    110.000
1997.467    106.000
1997.495    105.000
1997.522    101.000
1997.549    115.000
1997.577    128.000
1997.604    119.000
1997.632    120.000
1997.659    125.000
1997.687    128.000
1997.714    120.000
1997.741    111.000
1997.769    117.000
1997.796    122.000
1997.823    112.000
1997.851    102.000
1997.878     89.000
1997.906     98.000
1997.933    103.000
1997.960     98.000
1997.988     92.000
1998.015     82.000
1998.042     63.000
1998.070     63.000
1998.097     63.000
1998.125     48.000
1998.152     50.000
1998.180     41.000
1998.207     49.000
1998.235     48.000
1998.262     54.000
1998.289     72.000
1998.317     74.000
1998.344     96.000
1998.371    101.000
1998.399    119.000
1998.426    102.000
1998.454    114.000
1998.481    101.000
1998.508    107.000
1998.536    108.000
1998.563    116.000
1998.591    116.000
1998.618    119.000
1998.645    120.000
1998.673    127.000
1998.700    126.000
1998.728    135.000
1998.755    126.000
1998.782    121.000
1998.810    110.000
1998.837     95.000
1998.865     74.000
1998.892     64.000
1998.919     58.000
1998.947     69.000
1998.974     51.000
1999.001     53.000
1999.029     29.000
1999.056     39.000
1999.084     55.000
1999.111     53.000
1999.138     59.000
1999.166     24.000
1999.194     16.000
1999.221     16.000
1999.248     19.000
1999.276     38.000
1999.303     39.000
1999.330     38.000
1999.358     35.000
1999.385     49.000
1999.413     70.000
1999.440     72.000
1999.467     78.000
1999.495     77.000
1999.522     67.000
1999.549     61.000
1999.577     59.000
1999.604     71.000
1999.632     76.000
1999.659     77.000
1999.687     70.000
1999.714     58.000
1999.741     42.000
1999.769     16.000
1999.796     16.000
1999.823     11.000
1999.851     20.000
1999.878     -0.000
1999.906    -18.000
1999.933      4.000
1999.960      2.000
1999.988     10.000
2000.015     -6.000
2000.042     16.000
2000.070     -5.000
2000.097     -2.000
2000.125    -26.000
2000.152    -38.000
2000.179    -46.000
2000.206    -17.000
2000.234    -15.000
2000.261     -0.000
2000.289    -13.000
2000.316    -24.000
2000.343    -10.000
2000.371     -6.000
2000.398      7.000
2000.425     12.000
2000.452     16.000
2000.479     12.000
2000.507     12.000
2000.534     22.000
2000.561     22.000
2000.589     31.000
2000.616     25.000
2000.644     24.000
2000.671     23.000
2000.699     37.000
2000.726     28.000
2000.753     10.000
2000.781     10.000
2000.808     -6.000
2000.834    -13.000
2000.862    -30.000
2000.889    -48.000
2000.916    -35.000
2000.944    -34.000
2000.971    -47.000
2000.999    -49.000
2001.026    -76.000
2001.053    -75.000
2001.081   -103.000
2001.108   -108.000
2001.136   -103.000
2001.163    -78.000
2001.191    -82.000
2001.218    -84.000
2001.246    -94.000
2001.273   -100.000
2001.300   -105.000
2001.328    -86.000
2001.355    -76.000
2001.382    -73.000
2001.410    -69.000
2001.437    -57.000
2001.465    -44.000
2001.492    -34.000
2001.519    -28.000
2001.547    -30.000
2001.574    -28.000
2001.602    -21.000
2001.629     -7.000
2001.656    -24.000
2001.684    -48.000
2001.711    -60.000
2001.739    -59.000
2001.766    -54.000
2001.793    -53.000
2001.821    -60.000
2001.848    -50.000
2001.875    -48.000
2001.903    -38.000
2001.930    -14.000
2001.957    -13.000
2001.985    -10.000
2002.012     -8.000
2002.040    -21.000
2002.067    -17.000
2002.095    -30.000
2002.122    -29.000
2002.149    -35.000
2002.177    -34.000
2002.204    -35.000
2002.232    -46.000
2002.259    -61.000
2002.287    -53.000
2002.314    -40.000
2002.341    -41.000
2002.369    -34.000
2002.396    -36.000
2002.424    -36.000
2002.451    -49.000
2002.478    -40.000
2002.506    -42.000
2002.533    -32.000
2002.560    -49.000
2002.588    -56.000
2002.615    -63.000
2002.643    -73.000
2002.670    -73.000
2002.698    -75.000
2002.725    -70.000
2002.752    -71.000
2002.780    -69.000
2002.807    -58.000
2002.834    -59.000
2002.862    -48.000
2002.889    -49.000
2002.916    -51.000
2002.944    -63.000
2002.971    -80.000
2002.999    -75.000
2003.026    -74.000
2003.053    -53.000
2003.081    -65.000
2003.108    -48.000
2003.136    -53.000
2003.163    -40.000
2003.191    -20.000
2003.218    -19.000
2003.246     -7.000
2003.273    -43.000
2003.300    -76.000
2003.328    -55.000
2003.355    -54.000
2003.382    -56.000
2003.410    -58.000
2003.437    -53.000
2003.465    -54.000
2003.492    -63.000
2003.519    -69.000
2003.547    -74.000
2003.574    -78.000
2003.602    -88.000
2003.629    -79.000
2003.656    -75.000
2003.684    -81.000
2003.711    -89.000
2003.739    -86.000
2003.766    -79.000
2003.793    -78.000
2003.821    -76.000
2003.848    -78.000
2003.875    -86.000
2003.903    -98.000
2003.930    -68.000
2003.957    -52.000
2003.985    -48.000
2004.012    -54.000
2004.040    -40.000
2004.067    -24.000
2004.095    -14.000
2004.122    -16.000
2004.149     -1.000
2004.176     -7.000
2004.204    -10.000
2004.231    -24.000
2004.259    -25.000
2004.286    -34.000
2004.313    -49.000
2004.341    -45.000
2004.368    -48.000
2004.395    -53.000
2004.422    -64.000
2004.449    -68.000
2004.477    -81.000
2004.504    -83.000
2004.531    -81.000
2004.559    -80.000
2004.586    -84.000
2004.614    -80.000
2004.641    -73.000
2004.668    -72.000
2004.696    -84.000
2004.723    -85.000
2004.750    -76.000
2004.778    -71.000
2004.805    -70.000
2004.833    -76.000
2004.859    -75.000
2004.886    -58.000
2004.914    -60.000
2004.941    -55.000
2004.968    -67.000
2004.996    -58.000
2005.023    -38.000
2005.051    -23.000
2005.078    -32.000
2005.106    -38.000
2005.133    -47.000
2005.160    -10.000
2005.188    -14.000
2005.215    -16.000
2005.243    -23.000
2005.270    -31.000
2005.298    -29.000
2005.325    -28.000
2005.352    -30.000
2005.380    -42.000
2005.407    -54.000
2005.435    -63.000
2005.462    -65.000
2005.489    -64.000
2005.517    -69.000
2005.544    -73.000
2005.571    -76.000
2005.599    -64.000
2005.626    -72.000
2005.654    -61.000
2005.681    -60.000
2005.708    -49.000
2005.736    -64.000
2005.763    -67.000
2005.790    -60.000
2005.818    -63.000
2005.845    -53.000
2005.873    -63.000
2005.900    -60.000
2005.927    -51.000
2005.955    -48.000
2005.982    -21.000
2006.010     -1.000
2006.037    -25.000
2006.064    -50.000
2006.092    -60.000
2006.119    -43.000
2006.147    -35.000
2006.174    -22.000
2006.202    -19.000
2006.229    -17.000
2006.257    -38.000
2006.284    -53.000
2006.311    -46.000
2006.339    -49.000
2006.366    -51.000
2006.393    -55.000
2006.421    -56.000
2006.448    -56.000
2006.476    -76.000
2006.503    -81.000
2006.530    -83.000
2006.558    -84.000
2006.585    -88.000
2006.613    -87.000
2006.640    -88.000
2006.667    -90.000
2006.695    -89.000
2006.722    -86.000
2006.749    -85.000
2006.777    -85.000
2006.804    -79.000
2006.832    -74.000
2006.859    -67.000
2006.886    -70.000
2006.914    -65.000
2006.941    -63.000
2006.968    -56.000
2006.996    -59.000
2007.023    -50.000
2007.051    -47.000
2007.078    -34.000
2007.106    -30.000
2007.133    -31.000
2007.160    -30.000
2007.188    -40.000
2007.215    -42.000
2007.243    -43.000
2007.270    -38.000
2007.298    -40.000
2007.325    -47.000
2007.352    -54.000
2007.380    -59.000
2007.407    -62.000
2007.435    -62.000
2007.462    -64.000
2007.489    -66.000
2007.517    -73.000
2007.544    -77.000
2007.571    -83.000
2007.599    -83.000
2007.626    -85.000
2007.654    -81.000
2007.681    -83.000
2007.708    -80.000
2007.736    -77.000
2007.763    -78.000
2007.790    -71.000
2007.818    -68.000
2007.845    -62.000
2007.873    -64.000
2007.900    -63.000
2007.927    -57.000
2007.955    -52.000
2007.982    -42.000
2008.010    -38.000
2008.037    -36.000
2008.064    -31.000
2008.092    -27.000
2008.119    -29.000
2008.147    -28.000
2008.174    -32.000
2008.201    -30.000
2008.228    -38.000
2008.256    -37.000
2008.283    -36.000
2008.311    -40.000
2008.338    -41.000
2008.365    -46.000
2008.393    -49.000
2008.419    -65.000
2008.447    -63.000
2008.474    -65.000
2008.501    -65.000
2008.529    -73.000
2008.556    -76.000
2008.583    -79.000
2008.611    -81.000
2008.638    -75.000
2008.666    -67.000
2008.693    -71.000
2008.720    -75.000
2008.748    -75.000
2008.775    -72.000
2008.802    -76.000
2008.830    -78.000
2008.856    -68.000
2008.884    -54.000
2008.911    -54.000
2008.938    -50.000
2008.966    -50.000
2008.993    -41.000
2009.021    -34.000
2009.048    -28.000
2009.075    -26.000
2009.103    -24.000
2009.130    -24.000
2009.158    -22.000
2009.185    -16.000
2009.213    -23.000
2009.240    -22.000
2009.268    -32.000
2009.295    -31.000
2009.322    -36.000
2009.350    -36.000
2009.377    -37.000
2009.404    -38.000
2009.432    -47.000
2009.459    -55.000
2009.487    -52.000
2009.514    -54.000
2009.541    -59.000
2009.569    -65.000
2009.596    -65.000
2009.623    -65.000
2009.651    -69.000
2009.678    -70.000
2009.706    -64.000
2009.733    -69.000
2009.760    -73.000
2009.788    -71.000
2009.815    -59.000
2009.843    -53.000
2009.870    -51.000
2009.897    -49.000
2009.925    -55.000
2009.952    -38.000
2009.979    -23.000
2010.007    -18.000
2010.034    -29.000
2010.062    -32.000
2010.089    -23.000
2010.117    -28.000
2010.144    -19.000
2010.172    -17.000
2010.199    -22.000
2010.226    -25.000
2010.254    -32.000
2010.281    -28.000
2010.309    -31.000
2010.336    -30.000
2010.363    -32.000
2010.391    -41.000
2010.418    -45.000
2010.446    -44.000
2010.473    -51.000
2010.500    -49.000
2010.528    -52.000
2010.555    -51.000
2010.582    -58.000
2010.610    -58.000
2010.637    -54.000
2010.665    -53.000
2010.692    -53.000
2010.719    -52.000
2010.747    -51.000
2010.774    -54.000
2010.801    -57.000
2010.829    -51.000
2010.856    -45.000
2010.884    -44.000
2010.911    -28.000
2010.938    -14.000
2010.966     -5.000
2010.993     -4.000
2011.021      8.000
2011.048      1.000
2011.075     12.000
2011.103      9.000
2011.130     11.000
2011.158      3.000
2011.185      7.000
2011.213      5.000
2011.240     -6.000
2011.268     -4.000
2011.295     -0.000
2011.322      0.000
2011.350      1.000
2011.377     -4.000
2011.404    -18.000
2011.432    -23.000
2011.459    -20.000
2011.487    -20.000
2011.514    -25.000
2011.541    -28.000
2011.569    -27.000
2011.596    -34.000
2011.623    -38.000
2011.651    -35.000
2011.678    -31.000
2011.706    -32.000
2011.733    -37.000
2011.760    -32.000
2011.788    -29.000
2011.815    -29.000
2011.843    -30.000
2011.870    -26.000
2011.897    -16.000
2011.925    -13.000
2011.952     -5.000
2011.979     -7.000
2012.007     -7.000
2012.034     -7.000
2012.062      2.000
2012.089      2.000
2012.117      7.000
2012.144      8.000
2012.171     17.000
2012.198      8.000
2012.226      8.000
2012.253     11.000
2012.281      8.000
2012.308      8.000
2012.335      8.000
2012.363      6.000
2012.390      1.000
2012.416     -5.000
2012.444     -2.000
2012.471     -2.000
2012.498     -4.000
2012.526     -5.000
2012.553     -9.000
2012.581     -9.000
2012.608    -15.000
2012.635     -6.000
2012.663     -7.000
2012.690     -5.000
2012.718     -9.000
2012.745     -1.000
2012.772      1.000
2012.800      1.000
2012.827      5.000
2012.854     12.000
2012.881     15.000
2012.908     13.000
2012.936     12.000
2012.963     16.000
2012.990     10.000
2013.018     16.000
2013.045     18.000
2013.073     18.000
2013.100     15.000
2013.127     20.000
2013.155     20.000
2013.183     16.000
2013.210     12.000
2013.237      9.000
2013.265     10.000
2013.292     11.000
2013.320     14.000
2013.347     13.000
2013.374      7.000
2013.402     14.000
2013.429     16.000
2013.456     15.000
2013.484      2.000
2013.511      4.000
2013.538      9.000
2013.566     10.000
2013.593     10.000
2013.621     11.000
2013.648     11.000
2013.676     14.000
2013.703     10.000
2013.730     10.000
2013.758     10.000
2013.785     13.000
2013.812     14.000
2013.840      8.000
2013.867     10.000
2013.895      7.000
2013.922      5.000
2013.949      3.000
2013.977      2.000
2014.004     -3.000
2014.032    -10.000
2014.059    -10.000
2014.086     -8.000
2014.114     -2.000
2014.141      1.000
2014.169     -3.000
2014.196     -8.000
2014.224     -9.000
2014.251     -4.000
2014.279     -4.000
2014.306     -3.000
2014.333     -3.000
2014.361     -2.000
2014.388      0.000
2014.415     -1.000
2014.443     -0.000
2014.470     -6.000
2014.497     -6.000
2014.525     -2.000
2014.552      0.000
2014.580      5.000
2014.607      6.000
2014.634      9.000
2014.662      5.000
2014.689      3.000
2014.717      6.000
2014.744      2.000
2014.771      1.000
2014.799     -1.000
2014.826      5.000
2014.854      3.000
2014.881      6.000
2014.908      6.000
2014.936      0.000
2014.963     -6.000
2014.990     -8.000
2015.018      1.000
2015.045      9.000
2015.073     18.000
2015.100     12.000
2015.127      8.000
2015.155      8.000
2015.183     15.000
2015.210     26.000
2015.237     23.000
2015.265     15.000
2015.292     11.000
2015.320     13.000
2015.347     16.000
2015.374     15.000
2015.402     12.000
2015.429      6.000
2015.456      5.000
2015.484      5.000
2015.511     10.000
2015.538     12.000
2015.566     13.000
2015.593     12.000
2015.621     13.000
2015.648     17.000
2015.676     19.000
2015.703     19.000
2015.730     20.000
2015.758     22.000
2015.785     24.000
2015.812     26.000
2015.840     26.000
2015.867     26.000
2015.895     22.000
2015.922     20.000
2015.949     18.000
2015.977     21.000
2016.004     19.000
2016.032     25.000
2016.059     21.000
2016.086     22.000
2016.114     16.000
2016.141     19.000
2016.168     15.000
2016.196     21.000
2016.223     26.000
2016.250     28.000
2016.278     29.000
2016.305     30.000
2016.332     33.000
2016.360     36.000
2016.387     28.000
2016.415     31.000
2016.441     32.000
2016.468     33.000
2016.496     33.000
2016.523     36.000
2016.550     41.000
2016.578     37.000
2016.605     35.000
2016.633     37.000
2016.660     43.000
2016.688     42.000
2016.715     42.000
2016.742     39.000
2016.770     39.000
2016.797     35.000
2016.824     35.000
2016.851     39.000
2016.878     43.000
2016.906     40.000
2016.933     30.000
2016.960     32.000
2016.988     36.000
2017.015     45.000
2017.042     37.000
2017.070     36.000
2017.097     32.000
2017.125     35.000
2017.152     37.000
2017.180     40.000
2017.207     46.000
2017.235     44.000
2017.262     48.000
2017.289     41.000
2017.317     41.000
2017.344     38.000
2017.371     43.000
2017.399     49.000
2017.426     50.000
2017.454     55.000
2017.481     60.000
2017.508     63.000
2017.536     61.000
2017.563     55.000
2017.591     72.000
2017.618     71.000
2017.645     73.000
2017.673     71.000
2017.700     67.000
2017.728     68.000
2017.755     68.000
2017.782     73.000
2017.810     71.000
2017.837     69.000
2017.865     65.000
2017.892     58.000
2017.919     54.000
2017.947     53.000
2017.974     50.000
2018.001     53.000
2018.029     47.000
2018.056     36.000
2018.084     36.000
2018.111     35.000
2018.138     38.000
2018.166     36.000
2018.194     36.000
2018.221     38.000
2018.248     44.000
2018.276     48.000
2018.303     51.000
2018.330     56.000
2018.358     58.000
2018.385     62.000
2018.413     60.000
2018.440     68.000
2018.467     71.000
2018.495     70.000
2018.522     73.000
2018.549     79.000
2018.577     79.000
2018.604     78.000
2018.632     84.000
2018.659     88.000
2018.687     86.000
2018.714     81.000
2018.741     79.000
2018.769     77.000
2018.796     70.000
2018.823     73.000
2018.851     75.000
2018.878     82.000
2018.906     72.000
2018.933     58.000
2018.960     61.000
2018.988     57.000
2019.015     59.000
2019.042     48.000
2019.070     46.000
2019.097     46.000
2019.125     45.000
2019.152     43.000
2019.180     47.000
2019.207     46.000
2019.235     50.000
2019.262     52.000
2019.289     59.000
2019.317     60.000
2019.344     64.000
2019.371     66.000
2019.399     73.000
2019.426     75.000
2019.454     77.000
2019.481     83.000
2019.508     84.000
2019.536     84.000
2019.563     86.000
2019.591     90.000
2019.618     94.000
2019.645     94.000
2019.673    102.000
2019.700    104.000
2019.728    103.000
2019.755     98.000
2019.782     97.000
2019.810     94.000
2019.837     83.000
2019.865     80.000
2019.892     73.000
2019.919     81.000
2019.947     62.000
2019.974     62.000
2020.001     54.000
2020.084     48.000
2020.111     45.000
2020.138     43.000
2020.165     39.000
2020.193     35.000
2020.220     42.000
2020.248     48.000
2020.275     51.000
2020.302     51.000
2020.330     51.000
2020.357     53.000
2020.384     54.000
2020.412     64.000
2020.438     66.000
2020.466     72.000
2020.493     74.000
