2001.547    -56.000
2001.574    -55.000
2001.602    -54.000
2001.629    -53.000
2001.656    -51.000
2001.684    -50.000
2001.711    -49.000
2001.739    -48.000
2001.766    -46.000
2001.793    -45.000
2001.821    -44.000
2001.848    -43.000
2001.875    -42.000
2001.903    -41.000
2001.930    -40.000
2001.957    -39.000
2001.985    -39.000
2002.012    -38.000
2002.040    -38.000
2002.067    -37.000
2002.095    -37.000
2002.122    -37.000
2002.149    -37.000
2002.177    -37.000
2002.204    -37.000
2002.232    -38.000
2002.259    -38.000
2002.287    -39.000
2002.314    -40.000
2002.341    -40.000
2002.369    -41.000
2002.396    -42.000
2002.424    -43.000
2002.451    -43.000
2002.478    -44.000
2002.506    -45.000
2002.533    -46.000
2002.560    -47.000
2002.588    -48.000
2002.615    -49.000
2002.643    -50.000
2002.670    -51.000
2002.698    -51.000
2002.725    -52.000
2002.752    -53.000
2002.780    -54.000
2002.807    -55.000
2002.834    -55.000
2002.862    -56.000
2002.889    -57.000
2002.916    -57.000
2002.944    -58.000
2002.971    -58.000
2002.999    -59.000
2003.026    -59.000
2003.053    -60.000
2003.081    -60.000
2003.108    -61.000
2003.136    -61.000
2003.163    -61.000
2003.191    -62.000
2003.218    -62.000
2003.246    -62.000
2003.273    -62.000
2003.300    -62.000
2003.328    -62.000
2003.355    -62.000
2003.382    -62.000
2003.410    -62.000
2003.437    -62.000
2003.465    -62.000
2003.492    -62.000
2003.519    -61.000
2003.547    -61.000
2003.574    -61.000
2003.602    -61.000
2003.629    -60.000
2003.656    -60.000
2003.684    -60.000
2003.711    -60.000
2003.739    -59.000
2003.766    -59.000
2003.793    -59.000
2003.821    -59.000
2003.848    -58.000
2003.875    -58.000
2003.903    -58.000
2003.930    -58.000
2003.957    -57.000
2003.985    -57.000
2004.012    -57.000
2004.040    -57.000
2004.067    -57.000
2004.095    -57.000
2004.122    -57.000
2004.149    -57.000
2004.176    -57.000
2004.204    -57.000
2004.231    -57.000
2004.259    -56.000
2004.286    -56.000
2004.313    -56.000
2004.341    -56.000
2004.368    -56.000
2004.395    -56.000
2004.422    -56.000
2004.449    -56.000
2004.477    -56.000
2004.504    -57.000
2004.531    -57.000
2004.559    -57.000
2004.586    -56.000
2004.614    -56.000
2004.641    -56.000
2004.668    -56.000
2004.696    -56.000
2004.723    -56.000
2004.750    -56.000
2004.778    -56.000
2004.805    -56.000
2004.833    -56.000
2004.859    -56.000
2004.886    -56.000
2004.914    -55.000
2004.941    -55.000
2004.968    -55.000
2004.996    -55.000
2005.023    -54.000
2005.051    -54.000
2005.078    -54.000
2005.106    -53.000
2005.133    -53.000
2005.160    -53.000
2005.188    -52.000
2005.215    -52.000
2005.243    -51.000
2005.270    -51.000
2005.298    -50.000
2005.325    -50.000
2005.352    -49.000
2005.380    -49.000
2005.407    -49.000
2005.435    -48.000
2005.462    -48.000
2005.489    -47.000
2005.517    -47.000
2005.544    -47.000
2005.571    -47.000
2005.599    -46.000
2005.626    -46.000
2005.654    -46.000
2005.681    -46.000
2005.708    -46.000
2005.736    -47.000
2005.763    -47.000
2005.790    -47.000
2005.818    -47.000
2005.845    -48.000
2005.873    -48.000
2005.900    -49.000
2005.927    -49.000
2005.955    -50.000
2005.982    -50.000
2006.010    -51.000
2006.037    -52.000
2006.064    -52.000
2006.092    -53.000
2006.119    -53.000
2006.147    -54.000
2006.174    -55.000
2006.202    -55.000
2006.229    -56.000
2006.257    -56.000
2006.284    -57.000
2006.311    -58.000
2006.339    -58.000
2006.366    -59.000
2006.393    -59.000
2006.421    -60.000
2006.448    -60.000
2006.476    -60.000
2006.503    -61.000
2006.530    -61.000
2006.558    -62.000
2006.585    -62.000
2006.613    -62.000
2006.640    -62.000
2006.667    -63.000
2006.695    -63.000
2006.722    -63.000
2006.749    -63.000
2006.777    -63.000
2006.804    -64.000
2006.832    -64.000
2006.859    -64.000
2006.886    -64.000
2006.914    -64.000
2006.941    -64.000
2006.968    -64.000
2006.996    -64.000
2007.023    -64.000
2007.051    -64.000
2007.078    -64.000
2007.106    -63.000
2007.133    -63.000
2007.160    -63.000
2007.188    -63.000
2007.215    -62.000
2007.243    -62.000
2007.270    -62.000
2007.298    -62.000
2007.325    -61.000
2007.352    -61.000
2007.380    -60.000
2007.407    -60.000
2007.435    -60.000
2007.462    -59.000
2007.489    -59.000
2007.517    -59.000
2007.544    -58.000
2007.571    -58.000
2007.599    -58.000
2007.626    -58.000
2007.654    -57.000
2007.681    -57.000
2007.708    -57.000
2007.736    -57.000
2007.763    -57.000
2007.790    -56.000
2007.818    -56.000
2007.845    -56.000
2007.873    -56.000
2007.900    -56.000
2007.927    -56.000
2007.955    -56.000
2007.982    -56.000
2008.010    -56.000
2008.037    -56.000
2008.064    -56.000
2008.092    -56.000
2008.119    -56.000
2008.147    -56.000
2008.174    -56.000
2008.201    -56.000
2008.228    -56.000
2008.256    -56.000
2008.283    -55.000
2008.311    -55.000
2008.338    -55.000
2008.365    -55.000
2008.393    -55.000
2008.419    -55.000
2008.447    -55.000
2008.474    -55.000
2008.501    -54.000
2008.529    -54.000
2008.556    -54.000
2008.583    -54.000
2008.611    -54.000
2008.638    -53.000
2008.666    -53.000
2008.693    -53.000
2008.720    -53.000
2008.748    -53.000
2008.775    -52.000
2008.802    -52.000
2008.830    -52.000
2008.856    -52.000
2008.884    -52.000
2008.911    -51.000
2008.938    -51.000
2008.966    -51.000
2008.993    -51.000
2009.021    -50.000
2009.048    -50.000
2009.075    -50.000
2009.103    -49.000
2009.130    -49.000
2009.158    -49.000
2009.185    -49.000
2009.213    -48.000
2009.240    -48.000
2009.268    -48.000
2009.295    -47.000
2009.322    -47.000
2009.350    -47.000
2009.377    -47.000
2009.404    -46.000
2009.432    -46.000
2009.459    -46.000
2009.487    -46.000
2009.514    -45.000
2009.541    -45.000
2009.569    -45.000
2009.596    -45.000
2009.623    -45.000
2009.651    -45.000
2009.678    -45.000
2009.706    -45.000
2009.733    -45.000
2009.760    -45.000
2009.788    -45.000
2009.815    -45.000
2009.843    -45.000
2009.870    -45.000
2009.897    -45.000
2009.925    -46.000
2009.952    -46.000
2009.979    -46.000
2010.007    -46.000
2010.034    -45.000
2010.062    -45.000
2010.089    -45.000
2010.117    -45.000
2010.144    -45.000
2010.172    -45.000
2010.199    -44.000
2010.226    -44.000
2010.254    -44.000
2010.281    -43.000
2010.309    -43.000
2010.336    -42.000
2010.363    -42.000
2010.391    -41.000
2010.418    -40.000
2010.446    -40.000
2010.473    -39.000
2010.500    -38.000
2010.528    -37.000
2010.555    -36.000
2010.582    -36.000
2010.610    -35.000
2010.637    -34.000
2010.665    -33.000
2010.692    -32.000
2010.719    -31.000
2010.747    -30.000
2010.774    -29.000
2010.801    -29.000
2010.829    -28.000
2010.856    -27.000
2010.884    -26.000
2010.911    -25.000
2010.938    -25.000
2010.966    -24.000
2010.993    -23.000
2011.021    -22.000
2011.048    -22.000
2011.075    -21.000
2011.103    -20.000
2011.130    -20.000
2011.158    -19.000
2011.185    -19.000
2011.213    -18.000
2011.240    -18.000
2011.268    -17.000
2011.295    -17.000
2011.322    -16.000
2011.350    -16.000
2011.377    -16.000
2011.404    -16.000
2011.432    -15.000
2011.459    -15.000
2011.487    -15.000
2011.514    -15.000
2011.541    -14.000
2011.569    -14.000
2011.596    -14.000
2011.623    -14.000
2011.651    -14.000
2011.678    -14.000
2011.706    -14.000
2011.733    -14.000
2011.760    -13.000
2011.788    -13.000
2011.815    -13.000
2011.843    -13.000
2011.870    -12.000
2011.897    -12.000
2011.925    -12.000
2011.952    -11.000
2011.979    -11.000
2012.007    -11.000
2012.034    -10.000
2012.062    -10.000
2012.089     -9.000
2012.117     -8.000
2012.144     -8.000
2012.171     -7.000
2012.198     -6.000
2012.226     -6.000
2012.253     -5.000
2012.281     -4.000
2012.308     -4.000
2012.335     -3.000
2012.363     -2.000
2012.390     -1.000
2012.416     -1.000
2012.444      0.000
2012.471      1.000
2012.498      1.000
2012.526      2.000
2012.553      3.000
2012.581      4.000
2012.608      4.000
2012.635      5.000
2012.663      5.000
2012.690      6.000
2012.718      6.000
2012.745      7.000
2012.772      7.000
2012.800      8.000
2012.827      8.000
2012.854      9.000
2012.881      9.000
2012.908      9.000
2012.936     10.000
2012.963     10.000
2012.990     10.000
2013.018     11.000
2013.045     11.000
2013.073     11.000
2013.100     11.000
2013.127     12.000
2013.155     12.000
2013.183     12.000
2013.210     12.000
2013.237     12.000
2013.265     12.000
2013.292     12.000
2013.320     12.000
2013.347     12.000
2013.374     12.000
2013.402     12.000
2013.429     12.000
2013.456     12.000
2013.484     11.000
2013.511     11.000
2013.538     11.000
2013.566     10.000
2013.593     10.000
2013.621     10.000
2013.648      9.000
2013.676      9.000
2013.703      8.000
2013.730      8.000
2013.758      7.000
2013.785      6.000
2013.812      6.000
2013.840      5.000
2013.867      5.000
2013.895      4.000
2013.922      3.000
2013.949      3.000
2013.977      2.000
2014.004      2.000
2014.032      1.000
2014.059      1.000
2014.086      0.000
2014.114     -0.000
2014.141     -1.000
2014.169     -1.000
2014.196     -1.000
2014.224     -1.000
2014.251     -2.000
2014.279     -2.000
2014.306     -2.000
2014.333     -2.000
2014.361     -2.000
2014.388     -2.000
2014.415     -2.000
2014.443     -2.000
2014.470     -2.000
2014.497     -1.000
2014.525     -1.000
2014.552     -1.000
2014.580     -1.000
2014.607     -1.000
2014.634     -0.000
2014.662      0.000
2014.689      1.000
2014.717      1.000
2014.744      1.000
2014.771      2.000
2014.799      2.000
2014.826      3.000
2014.854      3.000
2014.881      4.000
2014.908      4.000
2014.936      5.000
2014.963      5.000
2014.990      6.000
2015.018      6.000
2015.045      7.000
2015.073      7.000
2015.100      8.000
2015.127      8.000
2015.155      9.000
2015.183      9.000
2015.210     10.000
2015.237     10.000
2015.265     10.000
2015.292     11.000
2015.320     11.000
2015.347     12.000
2015.374     12.000
2015.402     13.000
2015.429     13.000
2015.456     13.000
2015.484     14.000
2015.511     14.000
2015.538     15.000
2015.566     15.000
2015.593     15.000
2015.621     16.000
2015.648     16.000
2015.676     17.000
2015.703     17.000
2015.730     18.000
2015.758     18.000
2015.785     19.000
2015.812     19.000
2015.840     20.000
2015.867     20.000
2015.895     21.000
2015.922     21.000
2015.949     22.000
2015.977     22.000
2016.004     23.000
2016.032     23.000
2016.059     24.000
2016.086     24.000
2016.114     25.000
2016.141     25.000
2016.168     26.000
2016.196     26.000
2016.223     27.000
2016.250     27.000
2016.278     28.000
2016.305     28.000
2016.332     29.000
2016.360     29.000
2016.387     30.000
2016.415     30.000
2016.441     31.000
2016.468     31.000
2016.496     31.000
2016.523     32.000
2016.550     32.000
2016.578     33.000
2016.605     33.000
2016.633     34.000
2016.660     34.000
2016.688     35.000
2016.715     35.000
2016.742     36.000
2016.770     37.000
2016.797     37.000
2016.824     38.000
2016.851     38.000
2016.878     39.000
2016.906     40.000
2016.933     40.000
2016.960     41.000
2016.988     42.000
2017.015     42.000
2017.042     43.000
2017.070     44.000
2017.097     45.000
2017.125     45.000
2017.152     46.000
2017.180     47.000
2017.207     47.000
2017.235     48.000
2017.262     49.000
2017.289     49.000
2017.317     50.000
2017.344     50.000
2017.371     51.000
2017.399     51.000
2017.426     52.000
2017.454     52.000
2017.481     53.000
2017.508     53.000
2017.536     53.000
2017.563     54.000
2017.591     54.000
2017.618     54.000
2017.645     55.000
2017.673     55.000
2017.700     55.000
2017.728     56.000
2017.755     56.000
2017.782     56.000
2017.810     56.000
2017.837     57.000
2017.865     57.000
2017.892     57.000
2017.919     57.000
2017.947     57.000
2017.974     58.000
2018.001     58.000
2018.029     58.000
2018.056     58.000
2018.084     59.000
2018.111     59.000
2018.138     59.000
2018.166     59.000
2018.194     60.000
2018.221     60.000
2018.248     60.000
2018.276     60.000
2018.303     60.000
2018.330     61.000
2018.358     61.000
2018.385     61.000
2018.413     61.000
2018.440     61.000
2018.467     62.000
2018.495     62.000
2018.522     62.000
2018.549     62.000
2018.577     62.000
2018.604     63.000
2018.632     63.000
2018.659     63.000
2018.687     63.000
2018.714     64.000
2018.741     64.000
2018.769     64.000
2018.796     65.000
2018.823     65.000
2018.851     65.000
2018.878     66.000
2018.906     66.000
2018.933     67.000
2018.960     67.000
2018.988     67.000
2019.015     68.000
2019.042     68.000
2019.070     69.000
2019.097     69.000
2019.125     70.000
2019.152     70.000
2019.180     70.000
2019.207     71.000
2019.235     71.000
2019.262     72.000
2019.289     72.000
2019.317     72.000
2019.344     73.000
2019.371     73.000
2019.399     73.000
2019.426     73.000
2019.454     74.000
2019.481     74.000
2019.508     74.000
2019.536     74.000
2019.563     74.000
2019.591     74.000
2019.618     74.000
2019.645     74.000
2019.673     74.000
2019.700     74.000
2019.728     73.000
2019.755     73.000
2019.782     73.000
2019.810     73.000
2019.837     72.000
2019.865     72.000
2019.892     71.000
2019.919     71.000
2019.947     70.000
2019.974     70.000
2020.001     69.000
2020.084     67.000
2020.111     66.000
2020.138     66.000
2020.165     65.000
2020.193     64.000
2020.220     63.000
2020.248     62.000
2020.275     61.000
2020.302     60.000
2020.330     59.000
2020.357     58.000
2020.384     57.000
2020.412     56.000
2020.438     55.000
2020.466     54.000
