2001.547     31.000
2001.574     33.000
2001.602     35.000
2001.629     37.000
2001.656     38.000
2001.684     40.000
2001.711     42.000
2001.739     44.000
2001.766     45.000
2001.793     47.000
2001.821     48.000
2001.848     49.000
2001.875     50.000
2001.903     51.000
2001.930     52.000
2001.957     53.000
2001.985     54.000
2002.012     54.000
2002.040     54.000
2002.067     55.000
2002.095     54.000
2002.122     54.000
2002.149     54.000
2002.177     53.000
2002.204     53.000
2002.232     52.000
2002.259     51.000
2002.287     50.000
2002.314     49.000
2002.341     48.000
2002.369     47.000
2002.396     46.000
2002.424     45.000
2002.451     43.000
2002.478     42.000
2002.506     41.000
2002.533     40.000
2002.560     39.000
2002.588     38.000
2002.615     37.000
2002.643     36.000
2002.670     35.000
2002.698     34.000
2002.725     33.000
2002.752     33.000
2002.780     32.000
2002.807     32.000
2002.834     31.000
2002.862     31.000
2002.889     31.000
2002.916     31.000
2002.944     31.000
2002.971     32.000
2002.999     32.000
2003.026     32.000
2003.053     33.000
2003.081     34.000
2003.108     34.000
2003.136     35.000
2003.163     36.000
2003.191     37.000
2003.218     38.000
2003.246     40.000
2003.273     41.000
2003.300     42.000
2003.328     44.000
2003.355     45.000
2003.382     47.000
2003.410     48.000
2003.437     50.000
2003.465     51.000
2003.492     53.000
2003.519     55.000
2003.547     56.000
2003.574     58.000
2003.602     59.000
2003.629     61.000
2003.656     62.000
2003.684     64.000
2003.711     65.000
2003.739     66.000
2003.766     67.000
2003.793     68.000
2003.821     69.000
2003.848     70.000
2003.875     71.000
2003.903     71.000
2003.930     72.000
2003.957     72.000
2003.985     73.000
2004.012     73.000
2004.040     73.000
2004.067     73.000
2004.095     73.000
2004.122     73.000
2004.149     72.000
2004.176     72.000
2004.204     72.000
2004.231     71.000
2004.259     70.000
2004.286     70.000
2004.313     69.000
2004.341     68.000
2004.368     68.000
2004.395     67.000
2004.422     66.000
2004.449     65.000
2004.477     65.000
2004.504     64.000
2004.531     63.000
2004.559     62.000
2004.586     61.000
2004.614     61.000
2004.641     60.000
2004.668     59.000
2004.696     58.000
2004.723     58.000
2004.750     57.000
2004.778     57.000
2004.805     56.000
2004.833     56.000
2004.859     55.000
2004.886     55.000
2004.914     54.000
2004.941     54.000
2004.968     54.000
2004.996     54.000
2005.023     53.000
2005.051     53.000
2005.078     53.000
2005.106     53.000
2005.133     53.000
2005.160     53.000
2005.188     53.000
2005.215     54.000
2005.243     54.000
2005.270     54.000
2005.298     54.000
2005.325     55.000
2005.352     55.000
2005.380     55.000
2005.407     55.000
2005.435     56.000
2005.462     56.000
2005.489     56.000
2005.517     57.000
2005.544     57.000
2005.571     57.000
2005.599     58.000
2005.626     58.000
2005.654     58.000
2005.681     58.000
2005.708     58.000
2005.736     58.000
2005.763     58.000
2005.790     58.000
2005.818     58.000
2005.845     58.000
2005.873     58.000
2005.900     58.000
2005.927     58.000
2005.955     58.000
2005.982     58.000
2006.010     57.000
2006.037     57.000
2006.064     57.000
2006.092     57.000
2006.119     57.000
2006.147     57.000
2006.174     57.000
2006.202     56.000
2006.229     56.000
2006.257     56.000
2006.284     56.000
2006.311     56.000
2006.339     56.000
2006.366     56.000
2006.393     57.000
2006.421     57.000
2006.448     57.000
2006.476     57.000
2006.503     57.000
2006.530     57.000
2006.558     57.000
2006.585     57.000
2006.613     58.000
2006.640     58.000
2006.667     58.000
2006.695     58.000
2006.722     58.000
2006.749     58.000
2006.777     58.000
2006.804     58.000
2006.832     58.000
2006.859     58.000
2006.886     58.000
2006.914     58.000
2006.941     58.000
2006.968     58.000
2006.996     58.000
2007.023     58.000
2007.051     58.000
2007.078     58.000
2007.106     58.000
2007.133     57.000
2007.160     57.000
2007.188     57.000
2007.215     57.000
2007.243     57.000
2007.270     56.000
2007.298     56.000
2007.325     56.000
2007.352     56.000
2007.380     55.000
2007.407     55.000
2007.435     55.000
2007.462     54.000
2007.489     54.000
2007.517     54.000
2007.544     54.000
2007.571     53.000
2007.599     53.000
2007.626     53.000
2007.654     52.000
2007.681     52.000
2007.708     52.000
2007.736     51.000
2007.763     51.000
2007.790     51.000
2007.818     51.000
2007.845     51.000
2007.873     51.000
2007.900     50.000
2007.927     50.000
2007.955     50.000
2007.982     50.000
2008.010     50.000
2008.037     51.000
2008.064     51.000
2008.092     51.000
2008.119     51.000
2008.147     51.000
2008.174     51.000
2008.201     52.000
2008.228     52.000
2008.256     52.000
2008.283     53.000
2008.311     53.000
2008.338     53.000
2008.365     54.000
2008.393     54.000
2008.419     55.000
2008.447     55.000
2008.474     55.000
2008.501     56.000
2008.529     56.000
2008.556     56.000
2008.583     56.000
2008.611     57.000
2008.638     57.000
2008.666     57.000
2008.693     57.000
2008.720     57.000
2008.748     57.000
2008.775     57.000
2008.802     57.000
2008.830     57.000
2008.856     57.000
2008.884     57.000
2008.911     57.000
2008.938     56.000
2008.966     56.000
2008.993     56.000
2009.021     56.000
2009.048     56.000
2009.075     55.000
2009.103     55.000
2009.130     55.000
2009.158     55.000
2009.185     54.000
2009.213     54.000
2009.240     54.000
2009.268     54.000
2009.295     54.000
2009.322     53.000
2009.350     53.000
2009.377     53.000
2009.404     53.000
2009.432     53.000
2009.459     53.000
2009.487     53.000
2009.514     53.000
2009.541     53.000
2009.569     53.000
2009.596     52.000
2009.623     52.000
2009.651     52.000
2009.678     52.000
2009.706     52.000
2009.733     52.000
2009.760     52.000
2009.788     52.000
2009.815     52.000
2009.843     51.000
2009.870     51.000
2009.897     51.000
2009.925     51.000
2009.952     51.000
2009.979     50.000
2010.007     50.000
2010.034     50.000
2010.062     50.000
2010.089     50.000
2010.117     49.000
2010.144     49.000
2010.172     49.000
2010.199     49.000
2010.226     48.000
2010.254     48.000
2010.281     48.000
2010.309     47.000
2010.336     47.000
2010.363     47.000
2010.391     46.000
2010.418     46.000
2010.446     46.000
2010.473     45.000
2010.500     45.000
2010.528     45.000
2010.555     44.000
2010.582     44.000
2010.610     44.000
2010.637     43.000
2010.665     43.000
2010.692     42.000
2010.719     42.000
2010.747     41.000
2010.774     41.000
2010.801     41.000
2010.829     40.000
2010.856     40.000
2010.884     40.000
2010.911     39.000
2010.938     39.000
2010.966     39.000
2010.993     39.000
2011.021     38.000
2011.048     38.000
2011.075     38.000
2011.103     38.000
2011.130     38.000
2011.158     38.000
2011.185     38.000
2011.213     38.000
2011.240     38.000
2011.268     39.000
2011.295     39.000
2011.322     39.000
2011.350     39.000
2011.377     40.000
2011.404     40.000
2011.432     40.000
2011.459     41.000
2011.487     41.000
2011.514     42.000
2011.541     42.000
2011.569     42.000
2011.596     43.000
2011.623     43.000
2011.651     43.000
2011.678     43.000
2011.706     44.000
2011.733     44.000
2011.760     44.000
2011.788     44.000
2011.815     44.000
2011.843     44.000
2011.870     44.000
2011.897     44.000
2011.925     44.000
2011.952     44.000
2011.979     43.000
2012.007     43.000
2012.034     43.000
2012.062     43.000
2012.089     42.000
2012.117     42.000
2012.144     42.000
2012.171     41.000
2012.198     41.000
2012.226     41.000
2012.253     40.000
2012.281     40.000
2012.308     39.000
2012.335     38.000
2012.363     38.000
2012.390     37.000
2012.416     37.000
2012.444     36.000
2012.471     35.000
2012.498     35.000
2012.526     34.000
2012.553     33.000
2012.581     32.000
2012.608     31.000
2012.635     31.000
2012.663     30.000
2012.690     29.000
2012.718     28.000
2012.745     27.000
2012.772     26.000
2012.800     25.000
2012.827     24.000
2012.854     23.000
2012.881     22.000
2012.908     21.000
2012.936     20.000
2012.963     19.000
2012.990     18.000
2013.018     17.000
2013.045     16.000
2013.073     15.000
2013.100     14.000
2013.127     14.000
2013.155     13.000
2013.183     12.000
2013.210     11.000
2013.237     10.000
2013.265      9.000
2013.292      8.000
2013.320      7.000
2013.347      6.000
2013.374      5.000
2013.402      4.000
2013.429      4.000
2013.456      3.000
2013.484      2.000
2013.511      1.000
2013.538      0.000
2013.566     -1.000
2013.593     -1.000
2013.621     -2.000
2013.648     -3.000
2013.676     -4.000
2013.703     -4.000
2013.730     -5.000
2013.758     -6.000
2013.785     -6.000
2013.812     -7.000
2013.840     -7.000
2013.867     -8.000
2013.895     -9.000
2013.922     -9.000
2013.949    -10.000
2013.977    -10.000
2014.004    -11.000
2014.032    -11.000
2014.059    -11.000
2014.086    -12.000
2014.114    -12.000
2014.141    -13.000
2014.169    -13.000
2014.196    -14.000
2014.224    -14.000
2014.251    -15.000
2014.279    -15.000
2014.306    -16.000
2014.333    -16.000
2014.361    -17.000
2014.388    -18.000
2014.415    -18.000
2014.443    -19.000
2014.470    -20.000
2014.497    -21.000
2014.525    -22.000
2014.552    -23.000
2014.580    -24.000
2014.607    -25.000
2014.634    -26.000
2014.662    -27.000
2014.689    -28.000
2014.717    -29.000
2014.744    -31.000
2014.771    -32.000
2014.799    -33.000
2014.826    -35.000
2014.854    -36.000
2014.881    -38.000
2014.908    -39.000
2014.936    -41.000
2014.963    -42.000
2014.990    -44.000
2015.018    -45.000
2015.045    -47.000
2015.073    -48.000
2015.100    -50.000
2015.127    -51.000
2015.155    -53.000
2015.183    -54.000
2015.210    -56.000
2015.237    -57.000
2015.265    -59.000
2015.292    -60.000
2015.320    -61.000
2015.347    -63.000
2015.374    -64.000
2015.402    -66.000
2015.429    -67.000
2015.456    -69.000
2015.484    -70.000
2015.511    -71.000
2015.538    -72.000
2015.566    -73.000
2015.593    -75.000
2015.621    -76.000
2015.648    -77.000
2015.676    -77.000
2015.703    -78.000
2015.730    -79.000
2015.758    -80.000
2015.785    -80.000
2015.812    -81.000
2015.840    -81.000
2015.867    -82.000
2015.895    -82.000
2015.922    -82.000
2015.949    -82.000
2015.977    -82.000
2016.004    -82.000
2016.032    -82.000
2016.059    -82.000
2016.086    -81.000
2016.114    -81.000
2016.141    -81.000
2016.168    -80.000
2016.196    -80.000
2016.223    -80.000
2016.250    -79.000
2016.278    -79.000
2016.305    -78.000
2016.332    -78.000
2016.360    -77.000
2016.387    -77.000
2016.415    -76.000
2016.441    -75.000
2016.468    -75.000
2016.496    -74.000
2016.523    -74.000
2016.550    -74.000
2016.578    -73.000
2016.605    -73.000
2016.633    -72.000
2016.660    -72.000
2016.688    -72.000
2016.715    -71.000
2016.742    -71.000
2016.770    -71.000
2016.797    -71.000
2016.824    -70.000
2016.851    -70.000
2016.878    -70.000
2016.906    -70.000
2016.933    -70.000
2016.960    -70.000
2016.988    -70.000
2017.015    -70.000
2017.042    -69.000
2017.070    -69.000
2017.097    -69.000
2017.125    -69.000
2017.152    -69.000
2017.180    -69.000
2017.207    -69.000
2017.235    -70.000
2017.262    -70.000
2017.289    -70.000
2017.317    -70.000
2017.344    -70.000
2017.371    -70.000
2017.399    -70.000
2017.426    -70.000
2017.454    -71.000
2017.481    -71.000
2017.508    -71.000
2017.536    -71.000
2017.563    -71.000
2017.591    -71.000
2017.618    -71.000
2017.645    -72.000
2017.673    -72.000
2017.700    -72.000
2017.728    -72.000
2017.755    -72.000
2017.782    -72.000
2017.810    -72.000
2017.837    -72.000
2017.865    -72.000
2017.892    -72.000
2017.919    -71.000
2017.947    -71.000
2017.974    -71.000
2018.001    -71.000
2018.029    -71.000
2018.056    -71.000
2018.084    -70.000
2018.111    -70.000
2018.138    -70.000
2018.166    -70.000
2018.194    -69.000
2018.221    -69.000
2018.248    -69.000
2018.276    -68.000
2018.303    -68.000
2018.330    -68.000
2018.358    -67.000
2018.385    -67.000
2018.413    -67.000
2018.440    -66.000
2018.467    -66.000
2018.495    -66.000
2018.522    -65.000
2018.549    -65.000
2018.577    -65.000
2018.604    -64.000
2018.632    -64.000
2018.659    -63.000
2018.687    -63.000
2018.714    -63.000
2018.741    -62.000
2018.769    -62.000
2018.796    -61.000
2018.823    -61.000
2018.851    -60.000
2018.878    -60.000
2018.906    -60.000
2018.933    -59.000
2018.960    -59.000
2018.988    -59.000
2019.015    -58.000
2019.042    -58.000
2019.070    -58.000
2019.097    -58.000
2019.125    -57.000
2019.152    -57.000
2019.180    -57.000
2019.207    -57.000
2019.235    -57.000
2019.262    -56.000
2019.289    -56.000
2019.317    -56.000
2019.344    -56.000
2019.371    -56.000
2019.399    -56.000
2019.426    -56.000
2019.454    -55.000
2019.481    -55.000
2019.508    -55.000
2019.536    -55.000
2019.563    -55.000
2019.591    -55.000
2019.618    -55.000
2019.645    -55.000
2019.673    -55.000
2019.700    -55.000
2019.728    -55.000
2019.755    -55.000
2019.782    -55.000
2019.810    -55.000
2019.837    -55.000
2019.865    -55.000
2019.892    -55.000
2019.919    -55.000
2019.947    -55.000
2019.974    -55.000
2020.001    -55.000
2020.084    -56.000
2020.111    -56.000
2020.138    -56.000
2020.165    -56.000
2020.193    -57.000
2020.220    -57.000
2020.248    -58.000
2020.275    -58.000
2020.302    -58.000
2020.330    -59.000
2020.357    -59.000
2020.384    -60.000
2020.412    -60.000
2020.438    -61.000
2020.466    -62.000
