1976.404  4.7
1976.477  4.5
1976.553  8.2
1976.627  4.1
1976.701  8.7
1976.778  7.4
1976.851  5.8
1976.925  7.0
1976.999  4.3
1977.075  2.5
1977.149  0.2
1977.224  4.3
1977.298  12.0
1977.374  12.5
1977.448  13.6
1977.522  11.5
1977.599  9.8
1977.673  10.4
1977.747  9.3
1977.821  9.8
1977.897  9.5
1977.971  14.5
1978.045  25.6
1978.119  38.9
1978.196  37.5
1978.27  25.8
1978.344  32.3
1978.421  29.5
1978.495  36.2
1978.569  30.6
1978.643  51.6
1978.719  52.4
1978.793  41.6
1978.867  42.3
1978.941  45.8
1979.018  47.8
1979.092  60.5
1979.166  47.9
1979.243  60.8
1979.317  61.9
1979.391  64.7
1979.465  75.1
1979.541  74.7
1979.615  71.3
1979.689  73.5
1979.766  74.1
1979.84  75.1
1979.914  73.2
1979.988  75.0
1980.064  72.3
1980.138  64.6
1980.212  56.9
1980.286  50.9
1980.363  37.4
1980.436  33.1
1980.509  41.2
1980.586  50.1
1980.66  40.7
1980.734  38.9
1980.808  43.8
1980.884  43.8
1980.957  28.1
1981.032  31.5
1981.106  51.5
1981.183  58.0
1981.257  64.5
1981.33  53.5
1981.407  50.8
1981.481  43.7
1981.555  43.6
1981.629  25.5
1981.706  34.8
1981.78  39.0
1981.854  30.6
1981.93  24.8
1982.004  18.3
1982.078  31.3
1982.152  31.4
1982.229  36.2
1982.303  35.2
1982.377  42.7
1982.451  46.3
1982.528  47.5
1982.602  47.2
1982.676  46.0
1982.752  37.1
1982.826  31.9
1982.9  26.3
1982.974  23.3
1983.051  33.9
1983.125  29.7
1983.199  31.7
1983.273  35.3
1983.35  30.8
1983.424  20.4
1983.497  22.2
1983.574  23.8
1983.648  18.7
1983.722  19.6
1983.796  15.7
1983.873  18.4
1983.947  14.8
1984.021  13.1
1984.095  13.8
1984.171  21.9
1984.245  21.4
1984.319  19.1
1984.395  20.0
1984.468  21.8
1984.542  18.6
1984.616  21.5
1984.693  20.2
1984.767  17.2
1984.84  14.5
1984.916  11.0
1984.99  6.3
1985.064  5.1
1985.138  1.5
1985.215  3.2
1985.289  2.3
1985.363  4.5
1985.437  6.9
1985.514  7.7
1985.588  7.1
1985.662  8.1
1985.739  11.2
1985.812  8.6
1985.886  5.1
1985.96  4.2
1986.037  3.2
1986.111  0.1
1986.185  0.5
1986.259  1.7
1986.336  1.4
1986.41  1.8
1986.484  2.6
1986.56  4.7
1986.634  4.8
1986.708  4.5
1986.782  9.9
1986.859  5.4
1986.933  4.6
1987.007  0.7
1987.081  -0.8
1987.158  -0.5
1987.232  1.5
1987.306  2.8
1987.382  7.9
1987.456  8.5
1987.53  12.7
1987.604  18.5
1987.681  18.0
1987.755  16.8
1987.829  14.1
1987.906  10.5
1987.979  11.4
1988.053  12.0
1988.127  21.0
1988.204  25.2
1988.278  17.3
1988.352  21.7
1988.425  25.1
1988.501  25.6
1988.575  43.3
1988.649  45.2
1988.726  45.4
1988.8  38.9
1988.873  29.1
1988.947  49.0
1989.023  46.5
1989.097  61.2
1989.172  69.5
1989.246  75.1
1989.322  74.3
1989.396  75.2
1989.47  74.6
1989.547  71.9
1989.621  69.6
1989.695  63.3
1989.769  70.7
1989.845  74.9
1989.919  70.1
1989.993  74.5
1990.07  75.0
1990.144  75.0
1990.218  68.6
1990.292  71.0
1990.369  61.8
1990.443  56.4
1990.517  72.2
1990.591  68.9
1990.667  72.9
1990.741  70.6
1990.815  62.4
1990.892  55.4
1990.966  47.0
1991.04  50.6
1991.114  56.7
1991.191  58.1
1991.265  50.5
1991.339  46.7
1991.413  47.4
1991.489  49.8
1991.563  43.5
1991.637  30.8
1991.714  32.6
1991.788  33.2
1991.862  30.7
1991.936  33.2
1992.012  27.0
1992.086  24.1
1992.16  26.4
1992.234  27.0
1992.311  19.4
1992.384  2.1
1992.457  9.1
1992.534  9.7
1992.608  4.2
1992.682  6.9
1992.756  9.7
1992.833  13.7
1992.906  8.7
1992.979  12.3
1993.056  5.1
1993.13  5.1
1993.204  10.8
1993.279  12.2
1993.355  16.6
1993.429  14.3
1993.503  10.7
1993.577  14.6
1993.654  11.8
1993.728  14.2
1993.801  12.2
1993.878  11.7
1993.952  10.5
1994.026  8.6
1994.1  8.7
1994.177  9.3
1994.251  10.2
1994.325  10.4
1994.399  11.2
1994.476  8.5
1994.549  6.9
1994.623  8.7
1994.7  9.8
1994.774  9.8
1994.848  9.8
1994.922  5.3
1994.999  5.2
1995.073  4.1
1995.147  3.7
1995.224  7.3
1995.298  6.1
1995.371  6.9
1995.446  8.5
1995.522  8.5
1995.596  5.8
1995.67  6.1
1995.744  6.4
1995.821  3.0
1995.895  3.0
1995.968  4.1
1996.045  3.1
1996.119  3.8
1996.193  2.9
1996.267  4.4
1996.343  3.8
1996.416  4.8
1996.49  9.7
1996.564  12.4
1996.641  15.9
1996.715  15.2
1996.789  11.5
1996.865  7.0
1996.938  10.8
1997.012  5.2
1997.086  1.3
1997.163  2.2
1997.237  2.9
1997.311  7.6
1997.385  6.6
1997.462  7.2
1997.536  9.0
1997.61  17.1
1997.687  11.9
1997.76  9.6
1997.834  7.1
1997.908  10.5
1997.985  8.7
1998.059  17.1
1998.133  13.5
1998.21  24.2
1998.284  26.3
1998.358  20.8
1998.432  21.3
1998.508  25.2
1998.582  20.7
1998.656  26.2
1998.73  24.0
1998.807  24.8
1998.881  44.2
1998.955  63.2
1999.032  45.0
1999.106  57.5
1999.18  54.1
1999.254  40.8
1999.33  37.2
1999.404  37.0
1999.478  65.7
1999.552  74.0
1999.629  73.5
1999.703  73.5
1999.777  65.6
1999.854  71.7
1999.927  73.2
2000.001  74.6
2000.075  75.1
2000.152  74.0
2000.226  72.6
2000.3  72.6
2000.373  60.2
2000.449  73.1
2000.523  52.9
2000.597  69.0
2000.674  66.9
2000.748  45.4
2000.822  50.4
2000.895  48.1
2000.971  33.0
2001.045  29.4
2001.119  35.5
2001.196  18.0
2001.27  35.4
2001.344  54.4
2001.418  43.7
2001.495  46.5
2001.569  40.2
2001.643  23.8
2001.717  22.4
2001.793  29.7
2001.867  34.0
2001.941  34.9
2002.018  36.4
2002.092  38.2
2002.166  45.3
2002.24  51.2
2002.317  50.1
2002.391  42.4
2002.465  38.3
2002.538  35.1
2002.615  34.7
2002.689  42.1
2002.763  37.8
2002.84  34.1
2002.914  40.3
2002.988  41.4
2003.062  47.3
2003.138  33.6
2003.213  29.5
2003.287  28.6
2003.363  36.0
2003.437  39.3
2003.511  44.4
2003.585  43.5
2003.662  37.6
2003.736  34.4
2003.81  44.5
2003.884  44.4
2003.96  45.1
2004.034  54.9
2004.108  34.0
2004.185  29.0
2004.259  32.7
2004.332  32.4
2004.406  26.6
2004.482  28.8
2004.556  30.3
2004.63  26.0
2004.704  25.6
2004.781  26.6
2004.854  32.3
2004.927  41.5
2005.004  37.3
2005.078  55.6
2005.152  49.6
2005.226  39.2
2005.303  29.0
2005.377  20.9
2005.451  22.2
2005.525  21.8
2005.602  15.7
2005.676  24.7
2005.749  25.0
2005.826  21.3
2005.9  25.8
2005.974  16.9
2006.048  6.4
2006.125  16.6
2006.199  11.0
2006.273  18.3
2006.35  10.5
2006.424  15.1
2006.497  16.9
2006.571  19.6
2006.648  17.2
2006.722  11.4
2006.796  11.8
2006.87  13.6
2006.947  14.9
2007.021  9.0
2007.095  6.3
2007.172  5.9
2007.246  8.5
2007.32  10.8
2007.393  16.7
2007.47  16.1
2007.544  17.9
2007.618  21.5
2007.692  18.9
2007.769  17.3
2007.843  12.7
2007.916  12.5
2007.993  12.9
2008.067  14.4
2008.141  11.0
2008.215  10.0
2008.291  8.6
2008.365  11.1
2008.438  14.4
2008.512  11.9
2008.589  12.7
2008.663  15.4
2008.737  11.3
2008.813  8.6
2008.886  10.7
2008.96  5.7
2009.034  2.7
2009.111  3.4
2009.185  1.8
2009.259  -0.2
2009.336  -0.9
2009.41  6.3
2009.484  9.1
2009.558  12.3
2009.634  8.1
2009.708  8.3
2009.782  7.9
2009.856  10.0
2009.933  18.9
2010.007  28.0
2010.081  23.7
2010.158  24.5
2010.232  25.2
2010.306  24.5
2010.38  30.5
2010.456  24.4
2010.53  34.6
2010.604  27.2
2010.678  31.0
2010.755  23.4
2010.829  16.9
2010.903  11.5
2010.979  43.2
2011.053  74.7
2011.127  71.8
2011.202  73.2
2011.279  74.4
2011.352  69.7
2011.426  51.1
2011.503  41.9
2011.577  50.0
2011.651  47.9
2011.725  59.9
2011.801  49.8
2011.875  68.6
2011.949  73.2
2012.023  72.6
2012.1  73.7
2012.174  74.6
2012.248  66.2
2012.324  63.5
2012.398  57.2
2012.471  70.5
2012.545  67.5
2012.622  63.5
2012.696  73.0
2012.77  68.3
2012.843  59.9
2012.919  63.4
2012.993  56.0
2013.067  69.9
2013.144  72.8
2013.218  64.9
2013.292  63.6
2013.366  74.9
2013.443  72.9
2013.517  70.0
2013.591  71.1
2013.665  63.2
2013.741  59.0
2013.815  57.7
2013.889  74.9
2013.966  74.3
2014.04  74.5
2014.114  74.7
2014.188  69.5
2014.265  51.2
2014.339  18.5
2014.413  17.2
2014.489  22.3
2014.563  31.9
2014.637  45.7
2014.711  71.0
2014.788  64.6
2014.862  27.6
2014.936  36.6
2015.01  31.7
2015.086  28.1
2015.16  26.5
2015.235  16.0
2015.311  25.3
2015.385  37.4
2015.459  45.4
2015.533  39.0
2015.61  41.9
2015.684  42.1
2015.758  40.1
2015.832  33.2
2015.908  30.8
2015.982  38.4
2016.056  31.0
2016.133  23.3
2016.206  30.4
2016.281  28.9
2016.354  32.6
2016.43  27.5
2016.504  19.2
2016.578  24.6
2016.655  25.8
2016.729  30.0
2016.802  26.4
2016.875  24.2
2016.952  16.5
2017.026  19.3
2017.1  16.2
2017.174  11.7
2017.251  11.1
2017.325  15.6
2017.399  17.0
2017.476  23.7
2017.549  17.9
2017.623  9.3
2017.698  23.3
2017.774  21.7
2017.848  19.2
2017.922  17.0
2017.996  11.6
2018.073  9.3
2018.147  10.1
2018.221  4.2
2018.298  5.8
2018.371  9.7
2018.446  9.1
2018.519  11.5
2018.596  12.0
2018.67  14.0
2018.744  13.0
2018.818  12.8
2018.895  7.4
2018.968  7.0
2019.042  4.4
2019.119  4.6
2019.194  6.2
2019.268  6.3
2019.341  7.5
2019.418  6.6
2019.492  7.6
2019.566  10.6
2019.643  9.8
2019.717  9.1
2019.79  7.3
2019.865  7.0
2019.941  6.0
2020.015  2.0
2020.089  1.3
2020.163  2.5
2020.239  2.7
2020.313  1.8
2020.387  5.0
2020.463  7.4
2020.537  7.7
2020.611  9.1
2020.685  10.6
2020.761  9.9
2020.834  17.1
2020.908  10.0
2020.982  4.6
2021.059  5.3
2021.133  9.0
2021.207  9.8
2021.284  9.8
2021.358  12.1
