1960.001  112.387
1960.086  112.838
1960.165  114.069
1960.250  111.775
1960.332  110.686
1960.417  113.353
1960.499  112.754
1960.583  114.454
1960.668  116.010
1960.750  117.428
1960.835  115.096
1960.917  117.244
1961.001  118.062
1961.086  118.659
1961.163  119.010
1961.248  119.029
1961.330  119.517
1961.415  119.779
1961.497  116.593
1961.582  119.164
1961.667  119.665
1961.749  120.639
1961.834  122.691
1961.916  121.922
1962.001  122.799
1962.086  121.585
1962.163  122.016
1962.248  120.910
1962.330  121.574
1962.415  121.204
1962.497  120.620
1962.582  120.848
1962.667  121.087
1962.749  121.109
1962.834  122.006
1962.916  121.669
1963.001  123.055
1963.163  124.030
1963.248  124.204
1963.330  122.229
1963.415  123.027
1963.497  122.874
1963.582  122.651
1963.667  121.673
1963.749  122.729
1963.834  123.721
1963.916  124.408
1964.001  125.279
1964.086  124.779
1964.165  124.142
1964.250  123.587
1964.332  124.103
1964.417  124.456
1964.668  123.783
1964.750  124.146
1964.835  124.022
1964.917  125.577
1965.001  125.638
1965.086  125.687
1965.163  126.235
1965.248  126.941
1965.330  126.836
1965.415  125.353
1965.497  124.910
1965.582  124.703
1965.667  125.036
1965.749  125.417
1965.834  125.979
1965.916  126.432
1966.001  125.769
1966.086  125.626
1966.163  124.882
1966.248  124.212
1966.330  124.887
1966.415  123.398
1966.497  122.751
1966.582  122.928
1966.667  119.573
1966.749  121.466
1966.834  122.464
1966.916  121.704
1967.001  120.906
1967.086  120.586
1967.163  121.192
1967.248  120.619
1967.330  119.619
1967.415  118.764
1967.497  119.564
1967.582  118.221
1967.667  118.727
1967.749  118.819
1967.834  117.963
1967.916  117.886
1968.001  118.414
1968.086  118.223
1968.165  117.828
1968.250  118.502
1968.332  117.410
1968.417  116.255
1968.499  116.399
1968.583  116.779
1968.668  116.194
1968.750  115.223
1968.835  113.112
1968.917  113.934
1969.001  116.104
1969.086  116.608
1969.163  115.921
1969.248  115.609
1969.330  113.192
1969.415  112.186
1969.497  113.878
1969.582  115.692
1969.667  116.627
1969.749  116.958
1969.834  116.985
1969.916  117.001
1970.001  116.766
1970.086  117.285
1970.163  117.476
1970.248  116.486
1970.330  116.313
1970.415  114.073
1970.497  114.523
1970.582  115.795
1970.667  117.244
1970.749  117.408
1970.834  116.102
1970.916  118.582
1971.001  118.408
1971.086  120.004
1971.163  120.069
1971.248  120.389
1971.330  120.943
1971.415  122.637
1971.497  122.601
1971.582  122.896
1971.667  122.705
1971.749  123.406
1971.834  123.131
1971.916  123.037
1972.001  122.771
1972.086  122.751
1972.165  123.818
1972.250  124.223
1972.332  123.531
1972.417  122.211
1972.499  123.813
1972.583  118.027
1972.668  122.041
1972.750  122.358
1972.835  121.964
1972.917  122.108
1973.001  122.276
1973.086  122.146
1973.163  121.650
1973.248  120.142
1973.330  118.874
1973.415  120.875
1973.497  121.457
1973.582  122.112
1973.667  123.134
1973.749  123.153
1973.834  123.283
1973.916  123.383
1974.001  123.401
1974.086  123.895
1974.163  123.101
1974.248  122.579
1974.330  120.743
1974.415  119.780
1974.497  118.703
1974.582  120.167
1974.667  119.034
1974.749  119.507
1974.834  120.171
1974.916  121.811
1975.001  121.780
1975.086  122.608
1975.163  122.949
1975.248  123.506
1975.330  123.417
1975.415  123.705
1975.497  123.523
1975.582  122.910
1975.667  122.999
1975.749  122.977
1975.834  122.265
1975.916  122.777
1976.001  122.848
1976.086  123.023
1976.165  123.148
1976.250  122.706
1976.332  123.188
1976.417  123.051
1976.499  123.391
1976.583  123.411
1976.668  123.547
1976.750  123.467
1976.835  123.487
1976.917  123.303
1977.001  123.181
1977.086  123.110
1977.163  123.277
1977.248  123.410
1977.330  123.272
1977.415  122.579
1977.497  121.447
1977.582  121.759
1977.667  121.778
1977.749  122.940
1977.834  123.461
1977.916  123.330
1978.001  121.903
1978.086  121.485
1978.163  121.317
1978.248  119.539
1978.330  118.084
1978.415  119.271
1978.497  119.666
1978.582  121.789
1978.667  121.602
1978.749  119.944
1978.834  120.853
1978.916  120.740
1979.001  119.622
1979.086  118.889
1979.163  118.040
1979.248  116.108
1979.330  116.772
1979.415  114.502
1979.497  114.926
1979.582  113.033
1979.667  114.075
1979.749  115.671
1979.834  115.654
1979.916  117.612
1980.001  116.809
1980.086  116.260
1980.165  117.449
1980.250  115.743
1980.332  115.679
1980.417  113.484
1980.499  113.667
1980.583  114.414
1980.668  114.141
1980.750  112.547
1980.835  111.156
1980.917  111.320
1981.001  114.298
1981.086  112.458
1981.163  112.265
1981.248  111.166
1981.330  109.976
1981.415  112.499
1981.497  113.477
1981.582  113.666
1981.667  114.401
1981.749  111.250
1981.834  111.813
1981.916  113.893
1982.001  115.263
1982.086  112.269
1982.163  114.910
1982.248  115.423
1982.330  116.037
1982.415  111.356
1982.497  107.510
1982.582  107.960
1982.667  106.103
1982.749  108.671
1982.834  109.855
1982.916  107.998
1983.001  109.893
1983.086  111.626
1983.163  113.260
1983.248  113.404
1983.330  110.418
1983.415  112.091
1983.497  113.892
1983.582  113.565
1983.667  114.077
1983.749  114.467
1983.834  115.068
1983.916  115.085
1984.001  117.125
1984.086  116.385
1984.165  115.202
1984.250  114.527
1984.332  111.916
1984.417  113.508
1984.499  114.260
1984.583  115.419
1984.668  115.926
1984.750  116.075
1984.835  115.666
1984.917  116.164
1985.001  116.973
1985.086  118.384
1985.163  118.849
1985.248  119.757
1985.330  119.831
1985.415  121.346
1985.497  121.590
1985.582  121.599
1985.667  122.304
1985.749  122.019
1985.834  122.362
1985.916  122.097
1986.001  122.164
1986.086  120.331
1986.163  121.791
1986.248  123.477
1986.330  124.003
1986.415  124.352
1986.497  124.392
1986.582  124.403
1986.667  124.175
1986.749  124.554
1986.834  123.156
1986.916  124.297
1987.001  125.320
1987.086  125.949
1987.163  125.991
1987.248  125.521
1987.330  124.927
1987.415  123.596
1987.497  123.156
1987.582  122.360
1987.667  121.423
1987.749  121.504
1987.834  120.255
1987.916  120.221
1988.001  118.628
1988.086  118.976
1988.165  119.108
1988.250  118.836
1988.332  119.196
1988.417  118.783
1988.499  117.250
1988.583  116.856
1988.668  117.234
1988.750  116.714
1988.835  116.316
1988.917  114.662
1989.001  113.186
1989.086  113.025
1989.163  108.198
1989.248  109.012
1989.330  107.249
1989.415  108.154
1989.497  110.880
1989.582  109.272
1989.667  107.757
1989.749  105.057
1989.834  104.169
1989.916  105.819
1990.001  107.654
1990.086  108.317
1990.163  107.191
1990.248  104.975
1990.330  104.508
1990.415  105.340
1990.497  107.835
1990.582  107.424
1990.667  108.802
1990.749  110.706
1990.834  111.799
1990.916  111.667
1991.001  113.769
1991.086  113.630
1991.163  107.055
1991.248  107.959
1991.330  108.401
1991.415  98.033
1991.497  98.974
1991.582  104.462
1991.667  108.331
1991.749  109.107
1991.834  109.015
1991.916  110.464
1992.001  110.973
1992.086  110.291
1992.165  112.187
1992.250  114.567
1992.332  113.760
1992.417  115.678
1992.499  117.272
1992.583  116.966
1992.668  116.262
1992.750  117.283
1992.835  116.930
1992.917  118.271
1993.001  117.737
1993.086  117.660
1993.163  116.817
1993.248  118.033
1993.330  118.344
1993.415  118.735
1993.497  118.758
1993.582  118.799
1993.667  119.329
1993.749  119.378
1993.834  119.763
1993.916  119.438
1994.001  119.560
1994.086  118.597
1994.163  118.396
1994.248  118.326
1994.330  118.794
1994.415  118.880
1994.497  119.411
1994.582  119.891
1994.667  120.464
1994.749  120.354
1994.834  120.279
1994.916  120.152
1995.001  120.800
1995.086  121.144
1995.163  120.677
1995.248  121.096
1995.330  121.291
1995.415  120.918
1995.497  120.801
1995.582  120.976
1995.667  121.322
1995.749  121.592
1995.834  121.585
1995.916  121.579
1996.001  121.334
1996.086  121.894
1996.165  122.054
1996.250  122.102
1996.332  121.789
1996.417  121.579
1996.499  121.560
1996.583  121.441
1996.668  121.293
1996.750  120.870
1996.835  120.702
1996.917  121.084
1997.001  122.285
1997.086  122.737
1997.163  122.749
1997.248  122.501
1997.330  122.774
1997.415  122.538
1997.497  122.346
1997.582  122.733
1997.667  122.455
1997.749  122.121
1997.834  121.924
1997.916  121.943
1998.001  121.379
1998.086  121.427
1998.163  121.741
1998.248  119.166
1998.330  118.065
1998.415  118.115
1998.497  119.193
1998.582  118.170
1998.667  119.448
1998.749  120.372
1998.834  119.631
1998.916  118.656
1999.001  117.181
1999.086  117.103
1999.163  117.452
1999.248  117.806
1999.330  117.459
1999.415  118.727
1999.497  119.190
1999.582  116.992
1999.667  115.388
1999.749  114.853
1999.834  114.499
1999.916  113.857
2000.001  114.506
2000.086  113.631
2000.165  112.042
2000.250  112.624
2000.332  110.430
2000.417  108.818
2000.499  107.204
2000.583  109.218
2000.668  110.302
2000.750  112.463
2000.835  109.873
2000.917  110.872
2001.001  112.210
2001.086  114.189
2001.163  115.202
2001.248  109.775
2001.330  111.944
2001.415  112.837
2001.497  113.229
2001.582  111.386
2001.667  111.376
2001.749  110.587
2001.834  112.337
2001.916  112.530
2002.001  109.852
2002.086  112.582
2002.163  111.331
2002.248  111.225
2002.330  111.150
2002.415  111.681
2002.497  110.207
2002.582  108.504
2002.667  110.011
2002.749  110.774
2002.834  109.111
2002.916  109.758
2003.001  112.889
2003.086  112.593
2003.163  113.066
2003.248  112.477
2003.330  111.856
2003.415  109.628
2003.497  111.635
2003.582  112.481
2003.667  113.175
2003.749  111.416
2003.834  106.663
2003.916  112.751
2004.001  112.146
2004.086  114.904
2004.165  116.474
2004.250  116.970
2004.332  117.844
2004.417  117.709
2004.499  116.609
2004.583  117.259
2004.668  117.903
2004.750  119.837
2004.835  117.771
2004.917  118.504
2005.001  114.548
2005.086  117.508
2005.163  118.035
2005.248  118.543
2005.330  116.701
2005.415  117.888
2005.497  117.083
2005.582  116.537
2005.667  114.043
2005.749  118.334
2005.834  119.633
2005.916  119.780
2006.001  120.204
2006.086  121.472
2006.163  122.157
2006.248  122.294
2006.330  122.317
2006.415  122.221
2006.497  121.688
2006.582  121.757
2006.667  121.785
2006.749  122.700
2006.834  122.618
2006.916  121.383
2007.001  123.402
2007.086  123.226
2007.163  123.658
2007.248  124.213
2007.330  124.142
2007.415  124.121
2007.497  123.908
2007.582  123.714
2007.667  123.843
2007.749  124.061
2007.834  123.926
2007.916  124.217
2008.001  123.981
2008.086  123.832
2008.165  123.860
2008.250  124.134
2008.332  123.881
2008.417  123.755
2008.499  124.006
2008.583  124.375
2008.668  124.421
2008.750  124.648
2008.835  124.968
2008.917  125.441
2009.001  125.777
2009.086  126.402
2009.163  126.577
2009.248  126.757
2009.330  126.877
2009.415  126.590
2009.497  126.626
2009.582  126.396
2009.667  126.409
2009.749  126.580
2009.834  126.629
2009.916  126.828
2010.001  126.577
2010.086  125.532
2010.163  124.705
2010.248  123.780
2010.330  124.171
2010.415  123.724
2010.497  123.775
2010.582  123.557
2010.667  123.480
2010.749  123.900
2010.834  123.407
2010.916  123.252
2011.001  124.030
2011.086  124.121
2011.163  122.951
2011.248  121.003
2011.330  122.179
2011.415  119.672
2011.497  120.688
2011.582  120.944
2011.667  120.777
2011.749  120.433
2011.834  121.441
2011.916  122.724
2012.001  122.133
2012.086  121.079
2012.165  118.621
2012.250  121.703
2012.332  121.410
2012.417  120.284
2012.499  117.426
2012.583  118.244
2012.668  119.598
2012.750  119.416
2012.835  119.795
2012.917  120.331
2013.001  121.270
2013.086  121.332
2013.163  119.902
2013.248  119.995
2013.330  117.497
2013.415  117.622
2013.497  118.380
2013.582  118.831
2013.667  118.913
2013.749  120.060
2013.834  119.631
2013.916  118.794
2014.001  118.733
2014.086  117.261
2014.163  117.901
2014.248  118.377
2014.330  119.180
2014.415  117.469
2014.497  118.129
2014.582  119.085
2014.667  117.769
2014.749  117.676
2014.834  117.169
2014.916  115.517
2015.001  117.178
2015.086  117.388
2015.163  116.028
2015.248  116.894
2015.330  117.912
2015.415  117.401
2015.497  118.772
2015.582  118.777
2015.667  118.651
2015.749  118.824
2015.834  119.162
2015.916  119.827
2016.001  121.088
2016.086  122.108
2016.165  121.770
2016.250  121.435
2016.332  121.755
2016.417  122.016
2016.499  121.758
2016.583  122.390
2016.668  122.451
2016.750  123.208
2016.835  123.873
2016.917  124.052
2017.001  124.572
2017.086  124.873
2017.163  125.190
2017.248  124.289
2017.330  124.192
2017.415  124.342
2017.497  123.580
2017.582  122.789
2017.667  122.616
2017.749  123.474
2017.834  124.466
2017.916  124.737
2018.001  125.058
2018.086  125.230
2018.163  125.038
2018.248  125.187
2018.330  125.055
2018.415  125.149
2018.497  125.177
2018.582  125.215
2018.667  125.315
2018.749  125.425
2018.834  125.386
2018.916  125.466
2019.001  125.474
2019.086  125.633
2019.163  125.683
2019.248  125.543
