1964.086  216.096
1964.165  217.729
1964.250  218.701
1964.332  219.710
1964.417  219.422
1964.499  219.535
1964.583  219.692
1964.668  221.910
1964.750  222.054
1964.835  221.922
1964.917  224.153
1965.001  224.400
1965.086  224.570
1965.163  225.800
1965.248  227.532
1965.330  227.558
1965.415  225.155
1965.497  224.109
1965.582  223.828
1965.667  224.330
1965.749  224.947
1965.834  226.229
1965.916  226.511
1966.001  224.083
1966.086  223.784
1966.163  221.843
1966.248  220.800
1966.330  222.506
1966.415  219.500
1966.497  217.904
1966.582  217.252
1966.667  210.043
1966.749  214.657
1966.834  216.489
1966.916  214.397
1967.001  211.409
1967.086  210.448
1967.163  213.007
1967.248  212.851
1967.330  210.928
1967.415  209.745
1967.497  211.732
1967.582  210.381
1967.667  209.864
1967.749  210.762
1967.834  208.050
1967.916  207.748
1968.001  208.578
1968.086  207.476
1968.165  207.027
1968.250  208.189
1968.332  207.174
1968.417  204.055
1968.499  204.325
1968.583  205.640
1968.668  202.627
1968.750  199.891
1968.835  194.029
1968.917  196.061
1969.001  201.733
1969.086  201.752
1969.163  200.953
1969.248  200.426
1969.330  195.088
1969.415  193.057
1969.497  195.550
1969.582  198.899
1969.667  200.837
1969.749  201.194
1969.834  201.600
1969.916  201.215
1970.001  201.102
1970.086  203.367
1970.163  202.504
1970.248  199.865
1970.330  200.362
1970.415  196.404
1970.497  196.814
1970.582  199.943
1970.667  203.310
1970.749  204.103
1970.834  200.924
1970.916  206.098
1971.001  206.032
1971.086  209.331
1971.163  210.008
1971.248  210.538
1971.330  212.050
1971.415  216.267
1971.497  216.797
1971.582  218.346
1971.667  217.980
1971.749  219.476
1971.834  219.010
1971.916  218.291
1972.001  217.084
1972.086  217.499
1972.165  220.269
1972.250  222.139
1972.332  220.702
1972.417  216.978
1972.499  220.533
1972.583  210.835
1972.668  219.325
1972.750  220.136
1972.835  218.918
1972.917  220.024
1973.001  219.259
1973.086  218.907
1973.163  217.772
1973.248  213.216
1973.330  210.829
1973.415  215.949
1973.497  218.180
1973.582  219.325
1973.667  221.597
1973.749  221.169
1973.834  221.786
1973.916  221.742
1974.001  221.724
1974.086  222.672
1974.163  220.660
1974.248  219.856
1974.330  216.486
1974.415  214.427
1974.497  211.301
1974.582  214.521
1974.667  211.892
1974.749  211.950
1974.834  213.639
1974.916  217.121
1975.001  217.588
1975.086  219.795
1975.163  220.059
1975.248  221.371
1975.330  222.220
1975.415  223.051
1975.497  222.429
1975.582  220.553
1975.667  220.952
1975.749  220.582
1975.834  218.380
1975.916  219.985
1976.001  220.154
1976.086  220.469
1976.165  220.225
1976.250  218.843
1976.332  220.557
1976.417  221.772
1976.499  222.661
1976.583  223.070
1976.668  222.673
1976.750  222.662
1976.835  222.812
1976.917  222.577
1977.001  222.196
1977.086  222.490
1977.163  222.180
1977.248  222.256
1977.330  222.396
1977.415  221.238
1977.497  218.563
1977.582  219.225
1977.667  218.823
1977.749  221.009
1977.834  222.663
1977.916  222.042
1978.001  217.850
1978.086  217.144
1978.163  216.022
1978.248  212.211
1978.330  208.105
1978.415  211.555
1978.497  212.397
1978.582  217.342
1978.667  217.336
1978.749  213.007
1978.834  214.727
1978.916  214.991
1979.001  212.268
1979.086  211.015
1979.163  209.619
1979.248  207.487
1979.330  208.656
1979.415  204.366
1979.497  205.049
1979.582  200.575
1979.667  201.513
1979.749  204.634
1979.834  204.142
1979.916  207.791
1980.001  206.077
1980.086  205.403
1980.165  208.201
1980.250  204.698
1980.332  205.425
1980.417  199.778
1980.499  199.543
1980.583  200.597
1980.668  199.954
1980.750  196.306
1980.835  192.412
1980.917  192.777
1981.001  198.459
1981.086  195.521
1981.163  194.404
1981.248  192.370
1981.330  190.547
1981.415  196.473
1981.497  197.723
1981.582  197.661
1981.667  199.191
1981.749  192.845
1981.834  194.804
1981.916  199.372
1982.001  201.915
1982.086  195.005
1982.163  201.506
1982.248  202.968
1982.330  205.330
1982.415  195.572
1982.497  187.022
1982.582  187.528
1982.667  182.475
1982.749  187.125
1982.834  188.996
1982.916  185.365
1983.001  190.671
1983.086  195.340
1983.163  199.010
1983.248  199.549
1983.330  193.844
1983.415  197.733
1983.497  202.255
1983.582  201.959
1983.667  203.740
1983.749  204.234
1983.834  205.120
1983.916  205.048
1984.001  206.633
1984.086  205.393
1984.165  202.481
1984.250  200.962
1984.332  196.710
1984.417  200.167
1984.499  202.215
1984.583  204.757
1984.668  205.888
1984.750  205.333
1984.835  204.464
1984.917  205.691
1985.001  206.568
1985.086  210.122
1985.163  210.866
1985.248  212.556
1985.330  213.790
1985.415  215.710
1985.497  216.005
1985.582  215.957
1985.667  218.581
1985.749  218.437
1985.834  220.110
1985.916  218.962
1986.001  218.981
1986.086  213.502
1986.163  217.749
1986.248  222.014
1986.330  222.841
1986.415  224.476
1986.497  224.613
1986.582  224.836
1986.667  224.567
1986.749  226.028
1986.834  222.520
1986.916  225.381
1987.001  227.850
1987.086  230.017
1987.163  229.990
1987.248  229.201
1987.330  227.892
1987.415  224.969
1987.497  223.330
1987.582  221.113
1987.667  219.366
1987.749  219.652
1987.834  216.974
1987.916  217.349
1988.001  212.198
1988.086  213.359
1988.165  214.221
1988.250  213.236
1988.332  214.605
1988.417  213.147
1988.499  210.140
1988.583  209.214
1988.668  210.064
1988.750  208.226
1988.835  207.493
1988.917  203.321
1989.001  200.275
1989.086  200.560
1989.163  190.061
1989.248  191.238
1989.330  188.177
1989.415  189.086
1989.497  194.873
1989.582  191.629
1989.667  189.604
1989.749  185.212
1989.834  180.498
1989.916  183.286
1990.001  187.265
1990.086  188.680
1990.163  186.356
1990.248  181.863
1990.330  180.399
1990.415  180.763
1990.497  186.887
1990.582  184.576
1990.667  187.863
1990.749  192.107
1990.834  194.721
1990.916  195.260
1991.001  199.271
1991.086  200.260
1991.163  186.778
1991.248  188.042
1991.330  190.030
1991.415  169.228
1991.497  169.571
1991.582  180.802
1991.667  188.732
1991.749  191.266
1991.834  191.653
1991.916  194.780
1992.001  195.602
1992.086  193.256
1992.165  198.108
1992.250  203.584
1992.332  201.189
1992.417  206.096
1992.499  208.904
1992.583  209.417
1992.668  208.685
1992.750  211.033
1992.835  210.251
1992.917  213.411
1993.001  212.464
1993.086  211.953
1993.163  209.515
1993.248  212.669
1993.330  213.911
1993.415  215.341
1993.497  216.079
1993.582  216.268
1993.667  217.111
1993.749  217.184
1993.834  217.468
1993.916  216.953
1994.001  217.500
1994.086  214.201
1994.163  214.175
1994.248  213.713
1994.330  215.310
1994.415  215.685
1994.497  217.619
1994.582  219.262
1994.667  220.507
1994.749  219.382
1994.834  219.710
1994.916  219.512
1995.001  220.562
1995.086  221.449
1995.163  220.023
1995.248  220.814
1995.330  221.740
1995.415  221.731
1995.497  221.700
1995.582  222.320
1995.667  222.550
1995.749  222.794
1995.834  223.292
1995.916  223.635
1996.001  223.404
1996.086  224.962
1996.165  224.949
1996.250  225.404
1996.332  225.268
1996.417  225.071
1996.499  225.165
1996.583  224.694
1996.668  224.258
1996.750  223.544
1996.835  223.597
1996.917  224.399
1997.001  224.813
1997.086  225.571
1997.163  225.330
1997.248  225.261
1997.330  226.063
1997.415  226.160
1997.497  226.429
1997.582  226.985
1997.667  226.374
1997.749  224.621
1997.834  223.996
1997.916  224.555
1998.001  224.624
1998.086  225.189
1998.163  225.424
1998.248  219.903
1998.330  216.752
1998.415  217.727
1998.497  220.058
1998.582  217.408
1998.667  219.893
1998.749  221.557
1998.834  219.485
1998.916  218.083
1999.001  215.035
1999.086  213.863
1999.163  214.782
1999.248  215.968
1999.330  215.826
1999.415  218.222
1999.497  219.551
1999.582  214.931
1999.667  210.506
1999.749  208.114
1999.834  206.962
1999.916  205.537
2000.001  206.246
2000.086  204.313
2000.165  201.524
2000.250  202.134
2000.332  197.848
2000.417  193.860
2000.499  190.881
2000.583  193.922
2000.668  195.760
2000.750  200.276
2000.835  194.953
2000.917  196.846
2001.001  200.001
2001.086  203.711
2001.163  206.276
2001.248  196.332
2001.330  201.073
2001.415  203.089
2001.497  204.253
2001.582  200.847
2001.667  200.324
2001.749  197.743
2001.834  201.515
2001.916  203.151
2002.001  197.785
2002.086  203.409
2002.163  200.918
2002.248  200.247
2002.330  200.278
2002.415  202.307
2002.497  199.411
2002.582  195.297
2002.667  198.417
2002.749  199.291
2002.834  196.007
2002.916  197.350
2003.001  199.728
2003.086  200.068
2003.163  200.005
2003.248  199.043
2003.330  197.780
2003.415  194.381
2003.497  197.849
2003.582  199.993
2003.667  201.189
2003.749  198.981
2003.834  186.687
2003.916  198.982
2004.001  198.330
2004.086  204.771
2004.165  208.206
2004.250  209.601
2004.332  212.304
2004.417  212.814
2004.499  209.739
2004.583  211.073
2004.668  212.831
2004.750  216.893
2004.835  211.554
2004.917  212.943
2005.001  205.110
2005.086  211.131
2005.163  212.630
2005.248  214.516
2005.330  210.082
2005.415  214.007
2005.497  212.732
2005.582  211.136
2005.667  205.209
2005.749  215.482
2005.834  217.455
2005.916  217.514
2006.001  218.600
2006.086  221.470
2006.163  222.951
2006.248  223.052
2006.330  224.515
2006.415  225.006
2006.497  223.609
2006.582  223.201
2006.667  224.346
2006.749  225.912
2006.834  225.682
2006.916  221.736
2007.001  226.118
2007.086  226.138
2007.163  227.459
2007.248  228.775
2007.330  229.385
2007.415  229.862
2007.497  229.792
2007.582  229.899
2007.667  230.267
2007.749  230.709
2007.834  230.005
2007.916  230.577
2008.001  229.174
2008.086  228.991
2008.165  229.004
2008.250  229.572
2008.332  229.185
2008.417  229.667
2008.499  230.702
2008.583  232.134
2008.668  232.075
2008.750  232.606
2008.835  233.581
2008.917  234.234
2009.001  234.541
2009.086  235.435
2009.163  235.730
2009.248  236.559
2009.330  237.031
2009.415  236.856
2009.497  237.306
2009.582  236.930
2009.667  237.073
2009.749  237.420
2009.834  237.340
2009.916  237.657
2010.001  236.595
2010.086  233.152
2010.163  231.472
2010.248  228.859
2010.330  230.144
2010.415  229.620
2010.497  230.562
2010.582  229.241
2010.667  228.873
2010.749  229.146
2010.834  228.042
2010.916  227.459
2011.001  229.528
2011.086  229.858
2011.163  225.832
2011.248  221.875
2011.330  224.067
2011.415  218.317
2011.497  221.716
2011.582  221.730
2011.667  221.357
2011.749  220.743
2011.834  222.814
2011.916  226.421
2012.001  224.373
2012.086  221.773
2012.165  214.990
2012.250  222.135
2012.332  222.424
2012.417  219.670
2012.499  214.240
2012.583  214.960
2012.668  217.752
2012.750  217.407
2012.835  217.774
2012.917  219.529
2013.001  221.902
2013.086  222.404
2013.163  219.254
2013.248  219.407
2013.330  213.044
2013.415  212.262
2013.497  214.827
2013.582  215.567
2013.667  216.357
2013.749  218.662
2013.834  217.876
2013.916  216.342
2014.001  215.800
2014.086  213.488
2014.163  214.505
2014.248  215.165
2014.330  216.370
2014.415  213.470
2014.497  215.095
2014.582  217.851
2014.667  215.650
2014.749  215.874
2014.834  214.787
2014.916  210.190
2015.001  212.796
2015.086  212.946
2015.163  209.657
2015.248  211.308
2015.330  214.393
2015.415  214.063
2015.497  217.382
2015.582  217.657
2015.667  217.533
2015.749  217.787
2015.834  218.411
2015.916  220.256
2016.001  221.657
2016.250  224.112
2016.332  226.066
2016.417  227.470
2016.499  226.851
2016.583  228.527
2016.668  228.287
2016.750  230.111
2016.835  230.901
2016.917  231.767
2017.001  232.742
2017.086  233.292
2017.163  233.384
2017.248  231.780
2017.330  232.555
2017.415  233.745
2017.497  232.093
2017.582  229.604
2017.667  228.228
2017.749  229.822
2017.834  232.702
2017.916  233.475
2018.001  234.277
2018.086  234.571
2018.163  234.173
2018.248  235.143
2018.330  234.907
2018.415  236.056
2018.497  236.202
2018.582  235.972
2018.667  235.864
2018.749  236.417
2018.834  235.895
2018.916  236.163
2019.001  235.798
2019.086  235.678
2019.163  236.376
2019.248  236.773
2019.330  234.318
2019.415  236.545
2019.497  236.253
2019.582  236.537
2019.667  237.212
2019.749  237.064
