1960.001  147.589
1960.086  149.731
1960.165  153.362
1960.250  148.634
1960.332  135.344
1960.417  138.497
1960.499  137.749
1960.583  137.456
1960.668  143.193
1960.750  144.292
1960.835  141.343
1960.917  146.478
1961.001  148.344
1961.086  146.290
1961.163  140.945
1961.248  144.056
1961.330  150.905
1961.415  152.693
1961.497  146.864
1961.582  149.834
1961.667  155.239
1961.749  156.224
1961.834  157.810
1961.916  159.548
1962.001  157.940
1962.086  157.605
1962.163  161.295
1962.248  164.034
1962.330  165.103
1962.415  161.883
1962.497  161.962
1962.582  156.224
1962.667  156.046
1962.749  152.723
1962.834  158.140
1962.916  160.733
1963.001  164.359
1963.086  166.273
1963.163  166.079
1963.248  166.079
1963.330  166.323
1963.415  171.664
1963.497  172.164
1963.582  172.369
1963.667  172.346
1963.749  176.026
1963.834  174.961
1963.916  168.009
1964.001  164.631
1964.086  161.514
1964.165  164.561
1964.250  169.894
1964.332  173.408
1964.417  167.437
1964.499  170.655
1964.583  171.836
1964.668  174.474
1964.750  176.098
1964.835  176.345
1964.917  179.847
1965.001  179.830
1965.086  179.690
1965.163  180.712
1965.248  181.723
1965.330  181.794
1965.415  179.207
1965.497  178.437
1965.582  178.321
1965.667  178.415
1965.749  178.432
1965.834  179.638
1965.916  179.853
1966.001  178.691
1966.086  178.660
1966.163  177.079
1966.248  175.831
1966.330  176.466
1966.415  174.987
1966.497  173.833
1966.582  173.835
1966.667  167.583
1966.749  171.339
1966.834  173.206
1966.916  171.450
1967.001  169.478
1967.086  168.347
1967.163  170.534
1967.248  170.957
1967.330  169.103
1967.415  168.366
1967.497  169.062
1967.582  167.096
1967.667  168.432
1967.749  168.422
1967.834  167.050
1967.916  166.904
1968.001  167.814
1968.086  166.983
1968.165  166.690
1968.250  168.005
1968.332  166.575
1968.417  163.903
1968.499  164.173
1968.583  164.918
1968.668  163.287
1968.750  161.254
1968.835  157.590
1968.917  159.408
1969.001  163.212
1969.086  164.139
1969.163  163.116
1969.248  162.349
1969.330  157.948
1969.415  156.652
1969.497  158.321
1969.582  161.440
1969.667  162.296
1969.749  162.884
1969.834  163.295
1969.916  163.512
1970.001  162.860
1970.086  164.673
1970.163  164.057
1970.248  161.944
1970.330  161.961
1970.415  158.786
1970.497  158.850
1970.582  161.179
1970.667  163.462
1970.749  164.313
1970.834  162.010
1970.916  166.253
1971.001  166.246
1971.086  168.905
1971.163  169.277
1971.248  169.527
1971.330  170.866
1971.415  174.113
1971.497  174.026
1971.582  174.616
1971.667  174.311
1971.749  175.389
1971.834  175.606
1971.916  174.676
1972.001  174.460
1972.086  174.375
1972.165  176.416
1972.250  177.408
1972.332  176.217
1972.417  173.110
1972.499  175.780
1972.583  168.463
1972.668  175.175
1972.750  175.931
1972.835  175.355
1972.917  175.508
1973.001  175.245
1973.086  174.947
1973.163  173.620
1973.248  170.967
1973.330  168.716
1973.415  172.765
1973.497  174.193
1973.582  174.887
1973.667  176.141
1973.749  176.096
1973.834  176.807
1973.916  176.652
1974.001  176.471
1974.086  177.522
1974.163  175.863
1974.248  175.222
1974.330  172.237
1974.415  170.519
1974.497  167.958
1974.582  170.322
1974.667  169.153
1974.749  169.802
1974.834  170.532
1974.916  172.649
1975.001  172.695
1975.086  174.078
1975.163  175.214
1975.248  175.949
1975.330  176.126
1975.415  176.948
1975.497  176.738
1975.582  175.543
1975.667  175.937
1975.749  175.359
1975.834  174.213
1975.916  174.611
1976.001  174.315
1976.086  174.471
1976.165  175.377
1976.250  174.131
1976.332  175.697
1976.417  175.853
1976.499  176.946
1976.583  177.221
1976.668  177.200
1976.750  177.078
1976.835  177.304
1976.917  177.215
1977.001  176.825
1977.086  176.962
1977.163  176.517
1977.248  176.817
1977.330  176.592
1977.415  175.622
1977.497  173.730
1977.582  174.223
1977.667  173.969
1977.749  175.475
1977.834  177.443
1977.916  176.483
1978.001  174.200
1978.086  173.378
1978.163  172.776
1978.248  169.796
1978.330  166.619
1978.415  169.458
1978.497  169.316
1978.582  173.356
1978.667  173.118
1978.749  169.906
1978.834  171.294
1978.916  172.018
1979.001  169.561
1979.086  168.427
1979.163  166.828
1979.248  163.425
1979.330  164.574
1979.415  160.935
1979.497  161.269
1979.582  157.840
1979.667  158.973
1979.749  161.668
1979.834  161.853
1979.916  165.027
1980.001  164.034
1980.086  162.820
1980.165  165.053
1980.250  162.502
1980.332  162.617
1980.417  158.384
1980.499  158.049
1980.583  158.802
1980.668  158.434
1980.750  155.866
1980.835  153.396
1980.917  153.543
1981.001  158.257
1981.086  155.566
1981.163  154.693
1981.248  153.239
1981.330  151.312
1981.415  155.558
1981.497  156.711
1981.582  156.932
1981.667  158.814
1981.749  153.845
1981.834  154.566
1981.916  158.374
1982.001  160.343
1982.086  155.167
1982.163  159.861
1982.248  161.094
1982.330  162.431
1982.415  155.060
1982.497  148.527
1982.582  148.938
1982.667  144.903
1982.749  148.579
1982.834  150.382
1982.916  148.036
1983.001  152.242
1983.086  155.715
1983.163  158.373
1983.248  158.623
1983.330  154.130
1983.415  157.204
1983.497  160.742
1983.582  160.692
1983.667  161.489
1983.749  161.656
1983.834  162.558
1983.916  162.480
1984.001  164.195
1984.086  163.338
1984.165  161.093
1984.250  159.454
1984.332  156.161
1984.417  158.488
1984.499  159.793
1984.583  162.130
1984.668  162.977
1984.750  162.671
1984.835  162.334
1984.917  162.889
1985.001  164.861
1985.086  167.629
1985.163  168.448
1985.248  169.070
1985.330  169.370
1985.415  171.981
1985.497  171.211
1985.582  171.792
1985.667  173.401
1985.749  173.377
1985.834  174.581
1985.916  173.479
1986.001  173.549
1986.086  169.754
1986.163  172.078
1986.248  176.023
1986.330  176.816
1986.415  177.596
1986.497  177.977
1986.582  177.449
1986.667  177.019
1986.749  178.123
1986.834  175.443
1986.916  178.251
1987.001  180.635
1987.086  182.483
1987.163  180.050
1987.248  181.875
1987.330  179.313
1987.415  175.643
1987.497  175.818
1987.582  174.259
1987.667  172.981
1987.749  173.011
1987.834  171.276
1987.916  171.265
1988.001  166.441
1988.086  167.937
1988.165  168.486
1988.250  167.403
1988.332  168.459
1988.417  167.573
1988.499  165.108
1988.583  164.503
1988.668  164.806
1988.750  163.259
1988.835  163.099
1988.917  160.019
1989.001  157.481
1989.086  157.671
1989.163  149.593
1989.248  151.127
1989.330  147.548
1989.415  147.964
1989.497  151.920
1989.582  149.725
1989.667  149.400
1989.749  145.233
1989.834  143.530
1989.916  145.613
1990.001  148.421
1990.086  149.434
1990.163  147.590
1990.248  144.372
1990.330  143.876
1990.415  143.707
1990.497  147.880
1990.582  147.127
1990.667  149.500
1990.749  151.961
1990.834  155.313
1990.916  155.122
1991.001  158.174
1991.086  159.018
1991.163  148.766
1991.248  150.169
1991.330  150.879
1991.415  134.411
1991.497  135.716
1991.582  143.468
1991.667  149.715
1991.749  151.236
1991.834  151.834
1991.916  153.749
1992.001  154.262
1992.086  152.781
1992.165  156.229
1992.250  160.161
1992.332  158.689
1992.417  163.039
1992.499  165.456
1992.583  165.061
1992.668  164.031
1992.750  166.495
1992.835  165.567
1992.917  168.007
1993.001  166.547
1993.086  166.675
1993.163  164.971
1993.248  167.382
1993.330  168.365
1993.415  169.290
1993.497  169.675
1993.582  169.469
1993.667  170.250
1993.749  170.472
1993.834  170.627
1993.916  170.725
1994.001  170.825
1994.086  166.669
1994.163  168.098
1994.248  168.874
1994.330  169.790
1994.415  169.702
1994.497  170.930
1994.582  171.745
1994.667  173.008
1994.749  172.173
1994.834  172.950
1994.916  172.516
1995.001  172.920
1995.086  173.938
1995.163  172.371
1995.248  174.539
1995.330  174.375
1995.415  173.792
1995.497  173.873
1995.582  174.770
1995.667  174.905
1995.749  174.398
1995.834  175.197
1995.916  175.429
1996.001  174.957
1996.086  175.967
1996.165  175.793
1996.250  175.706
1996.332  176.203
1996.417  175.757
1996.499  176.066
1996.583  176.184
1996.668  176.126
1996.750  175.144
1996.835  174.943
1996.917  174.856
1997.001  175.346
1997.086  176.180
1997.163  175.346
1997.248  175.397
1997.330  175.653
1997.415  175.988
1997.497  175.543
1997.582  176.293
1997.667  175.534
1997.749  174.832
1997.834  174.691
1997.916  175.151
1998.001  175.138
1998.086  174.791
1998.163  175.344
1998.248  171.613
1998.330  168.579
1998.415  169.462
1998.497  170.951
1998.582  167.761
1998.667  170.762
1998.749  172.791
1998.834  171.993
1998.916  170.040
1999.001  167.619
1999.086  168.004
1999.163  167.797
1999.248  168.397
1999.330  167.558
1999.415  169.442
1999.497  170.622
1999.582  167.316
1999.667  163.802
1999.749  161.237
1999.834  160.581
1999.916  160.126
2000.001  160.435
2000.086  159.125
2000.165  156.951
2000.250  157.256
2000.332  153.792
2000.417  151.126
2000.499  148.315
2000.583  150.698
2000.668  152.426
2000.750  155.572
2000.835  152.240
2000.917  153.941
2001.001  156.643
2001.086  159.288
2001.163  161.256
2001.248  153.021
2001.330  156.406
2001.415  157.723
2001.497  158.515
2001.582  155.607
2001.667  155.932
2001.749  153.538
2001.834  156.590
2001.916  158.161
2002.001  153.881
2002.086  158.365
2002.163  156.339
2002.248  155.910
2002.330  155.846
2002.415  156.962
2002.497  154.491
2002.582  151.530
2002.667  154.333
2002.749  155.536
2002.834  153.103
2002.916  154.398
2003.001  155.908
2003.086  156.207
2003.163  156.209
2003.248  155.193
2003.330  153.981
2003.415  150.739
2003.497  153.678
2003.582  155.068
2003.667  156.207
2003.749  153.988
2003.834  145.425
2003.916  155.420
2004.001  154.971
2004.086  159.162
2004.165  161.393
2004.250  162.625
2004.332  164.107
2004.417  163.923
2004.499  161.828
2004.583  163.167
2004.668  163.836
2004.750  167.475
2004.835  163.516
2004.917  165.046
2005.001  158.976
2005.086  163.814
2005.163  164.738
2005.248  165.845
2005.330  162.214
2005.415  164.887
2005.497  165.556
2005.582  162.425
2005.667  158.465
2005.749  165.456
2005.834  167.841
2005.916  168.199
2006.001  168.607
2006.086  171.129
2006.163  171.999
2006.248  172.168
2006.330  172.286
2006.415  172.127
2006.497  171.559
2006.582  172.396
2006.667  171.823
2006.749  173.173
2006.834  173.265
2006.916  170.375
2007.001  174.162
2007.086  174.116
2007.163  174.479
2007.248  174.947
2007.330  175.823
2007.415  175.483
2007.497  175.450
2007.582  175.129
2007.667  175.350
2007.749  175.385
2007.834  176.003
2007.916  176.568
2008.001  175.759
2008.086  175.294
2008.165  176.087
2008.250  175.396
2008.332  174.453
2008.417  174.759
2008.499  175.173
2008.583  176.146
2008.668  176.639
2008.750  177.157
2008.835  178.201
2008.917  178.928
2009.001  179.377
2009.086  179.798
2009.163  179.935
2009.248  179.995
2009.330  179.847
2009.415  180.516
2009.497  180.952
2009.582  180.537
2009.667  180.384
2009.749  181.217
2009.834  182.366
2009.916  182.602
2010.001  182.685
2010.086  179.938
2010.163  179.562
2010.248  178.823
2010.330  177.760
2010.415  178.154
2010.497  178.510
2010.582  174.537
2010.667  174.197
2010.749  174.552
2010.834  174.377
2010.916  174.066
2011.001  175.533
2011.086  175.172
2011.163  172.495
2011.248  168.928
2011.330  171.085
2011.415  167.267
2011.497  169.165
2011.582  168.702
2011.667  169.181
2011.749  167.296
2011.834  169.587
2011.916  172.437
2012.001  171.315
2012.086  169.129
2012.165  163.904
2012.250  169.727
2012.332  169.798
2012.417  167.866
2012.499  163.290
2012.583  164.231
2012.668  166.185
2012.750  165.980
2012.835  166.244
2012.917  167.198
2013.001  168.154
2013.086  168.750
2013.163  166.878
2013.248  166.789
2013.330  163.123
2013.415  163.202
2013.497  164.231
2013.582  165.407
2013.667  165.088
2013.749  166.162
2013.834  165.290
2013.916  164.344
2014.001  164.255
2014.086  161.952
2014.163  162.274
2014.248  163.267
2014.330  164.984
2014.415  162.963
2014.497  163.894
2014.582  165.423
2014.667  163.614
2014.749  163.284
2014.834  162.756
2014.916  159.811
2015.001  145.861
2015.001  145.861
