
1990.001  209.229
1990.086  210.841
1990.163  209.081
1990.248  205.358
1990.330  205.290
1990.415  206.676
1990.497  209.554
1990.582  208.166
1990.667  211.297
1990.749  214.779
1990.834  216.969
1990.916  210.488
1991.001  212.943
1991.086  212.099
1991.163  202.296
1991.248  203.503
1991.330  203.587
1991.497  186.870
1991.582  197.812
1991.667  200.660
1991.749  200.816
1991.834  201.916
1991.916  204.489
1992.001  204.585
1992.086  203.952
1992.165  207.326
1992.250  209.652
1992.332  207.304
1992.417  211.140
1992.499  211.717
1992.583  210.463
1992.668  209.709
1992.750  210.263
1992.835  210.949
1992.917  213.219
1993.001  212.606
1993.086  212.876
1993.163  212.257
1993.248  214.730
1993.330  215.325
1993.415  214.424
1993.497  212.947
1993.582  213.576
1993.667  214.619
1993.749  214.759
1993.834  214.833
1993.916  214.088
1994.001  209.201
1994.086  213.993
1994.163  213.998
1994.248  212.486
1994.330  214.008
1994.415  214.059
1994.497  213.871
1994.582  214.400
1994.667  215.204
1994.749  215.525
1994.834  216.345
1994.916  216.065
1995.001  216.661
1995.086  216.781
1995.163  215.992
1995.248  217.276
1995.330  217.960
1995.415  216.260
1995.497  215.156
1995.582  215.816
1995.667  216.620
1995.749  217.466
1995.834  217.139
1995.916  217.133
1996.001  216.269
1996.086  216.943
1996.165  217.805
1996.250  218.784
1996.332  218.382
1996.417  217.681
1996.499  217.419
1996.583  217.236
1996.668  216.757
1996.750  217.416
1996.835  218.190
1996.917  218.878
1997.001  218.597
1997.086  219.356
1997.163  220.856
1997.248  220.245
1997.330  220.315
1997.415  220.475
1997.497  212.187
1997.582  215.738
1997.667  218.999
1997.749  218.876
1997.834  217.787
1997.916  219.741
1998.001  220.427
1998.086  221.104
1998.163  221.465
1998.248  218.491
1998.330  217.471
1998.415  217.131
1998.497  218.208
1998.582  215.788
1998.667  211.877
1998.749  203.412
1998.834  217.007
1998.916  216.608
1999.001  211.882
1999.086  214.795
1999.163  210.932
1999.248  216.240
1999.330  216.499
1999.415  218.093
1999.497  216.425
1999.582  210.673
1999.667  212.055
1999.749  201.959
1999.834  211.613
1999.916  212.423
2000.001  213.993
2000.086  213.447
2000.165  211.743
2000.250  212.388
2000.332  208.227
2000.417  202.884
2000.499  202.835
2000.583  206.082
2000.668  208.289
2000.750  211.688
2000.835  207.869
2000.917  210.229
2001.001  212.398
2001.086  215.770
2001.163  216.654
2001.248  207.983
2001.330  210.458
2001.415  210.337
2001.497  210.094
2001.582  208.507
2001.667  198.179
2001.749  209.171
2001.834  212.386
2001.916  212.272
2002.001  208.865
2002.086  213.196
2002.163  211.522
2002.248  211.362
2002.330  211.090
2002.415  211.995
2002.497  209.375
2002.582  206.297
2002.667  208.124
2002.749  208.656
2002.834  206.831
2002.916  208.588
2003.001  210.653
2003.086  209.630
2003.163  210.306
2003.248  209.202
2003.330  209.199
2003.415  200.919
2003.497  206.859
2003.582  208.691
2003.667  208.639
2003.749  207.252
2003.834  200.830
2003.916  209.946
2004.001  206.898
2004.086  213.720
2004.165  215.951
2004.250  216.568
2004.332  217.361
2004.417  217.044
2004.499  215.162
2004.583  216.457
2004.668  216.858
2004.750  219.425
2004.835  216.711
2004.917  217.504
2005.001  212.199
2005.086  216.691
2005.163  217.465
2005.248  218.003
2005.330  216.285
2005.415  218.688
2005.497  216.929
2005.582  215.599
2005.667  212.538
2005.749  217.762
2005.834  219.831
2005.916  220.041
2006.001  221.352
2006.086  223.592
2006.163  224.413
2006.248  224.377
2006.330  224.217
2006.415  224.141
2006.497  222.252
2006.582  221.869
2006.667  219.941
2006.749  222.877
2006.834  222.704
2006.916  221.009
2007.001  224.269
2007.086  224.218
2007.163  225.211
2007.248  226.365
2007.330  226.292
2007.415  226.015
2007.497  223.065
2007.582  223.052
2007.667  224.453
2007.749  225.499
2007.834  226.100
2007.916  227.894
2008.001  227.904
2008.086  228.305
2008.165  228.515
2008.250  228.947
2008.332  226.727
2008.417  226.983
2008.499  217.550
2008.583  226.272
2008.668  226.602
2008.750  228.186
2008.835  229.720
2008.917  229.759
2009.001  231.273
2009.086  206.889
2009.163  233.062
2009.248  233.322
2009.330  213.895
2009.415  233.169
2009.497  238.548
2009.582  232.874
2009.667  232.637
2009.749  232.476
2009.834  233.112
2009.916  232.389
2010.001  232.363
2010.086  230.255
2010.163  229.755
2010.248  228.867
2010.330  230.222
2010.415  229.449
2010.497  229.037
2010.582  227.936
2010.667  228.131
2010.749  229.423
2010.834  227.408
2010.916  227.491
2011.001  230.127
2011.086  230.556
2011.163  228.430
2011.248  225.701
2011.330  220.693
2011.415  223.761
2011.497  224.685
2011.582  225.644
2011.667  225.291
2011.749  225.115
2011.834  226.548
2011.916  228.275
2012.001  227.287
2012.086  225.708
2012.165  223.093
2012.250  227.700
2012.332  227.714
2012.417  226.096
2012.499  220.986
2012.583  223.606
2012.668  225.337
2012.750  225.441
2012.835  225.177
2012.917  225.810
2013.001  226.784
2013.086  223.690
2013.163  225.056
2013.248  225.140
2013.330  221.428
2013.415  221.742
2013.497  222.813
2013.582  223.210
2013.667  223.257
2013.749  224.783
2013.834  224.190
2013.916  224.513
2014.001  224.431
2014.086  222.710
2014.163  224.309
2014.248  224.484
2014.330  225.266
2014.415  222.922
2014.497  223.932
2014.582  224.815
2014.667  222.529
2014.749  221.503
2014.834  220.309
2014.916  218.054
2015.001  220.756
2015.086  221.189
2015.163  219.573
2015.248  221.464
2015.330  221.837
2015.415  221.140
2015.497  223.610
2015.582  222.401
2015.667  222.611
2015.749  222.927
2015.834  223.325
2015.916  223.961
2016.001  225.079
2016.086  227.099
2016.165  227.081
2016.250  227.127
2016.332  227.353
2016.417  227.659
2016.499  227.110
2016.583  227.792
2016.668  227.811
2016.750  228.676
2016.835  228.484
2016.917  229.648
2017.001  230.599
2017.086  231.638
2017.163  232.096
2017.248  230.907
2017.330  231.045
2017.415  231.408
2017.497  229.809
2017.582  228.621
2017.667  227.641
2017.749  228.435
2017.834  229.865
2017.916  229.120
2018.001  231.044
2018.086  231.973
2018.163  232.228
2018.248  232.065
2018.330  231.316
2018.415  231.684
2018.497  231.700
2018.582  231.516
2018.667  231.483
2018.749  230.689
2018.834  230.080
2018.916  229.683
2019.001  229.910
2019.086  230.567
2019.163  230.501
2019.248  230.711
2019.330  229.656
2019.415  229.503
2019.497  229.264
2019.582  229.094
2019.667  229.806
2019.749  229.497
2019.834  228.167
2019.916  229.362
