1957.66  99.2668
1957.687  98.05209
1957.718  97.67564
1957.765  97.90655
1957.781  98.1101
1957.781  97.76209
1957.906  97.90764
1957.906  97.82009
1957.968  97.24228
1958.093  97.47319
1958.093  97.01137
1958.125  97.30028
1958.187  97.41628
1958.234  97.61873
1958.25  97.18428
1958.281  97.27183
1958.281  97.76319
1958.312  97.53228
1958.344  98.05209
1958.375  98.457
1958.39  98.97791
1958.437  99.35436
1958.437  99.26791
1958.531  99.35436
1958.625  98.19764
1958.969  99.96282
1959.125  100.0788
1959.188  99.99127
1959.188  99.61591
1959.25  101.1195
1959.25  100.5417
1959.313  100.9466
1959.344  101.8144
1959.344  100.4837
1959.375  100.7726
1959.375  100.3097
1959.406  100.2233
1959.438  99.68814
1959.469  100.0788
1959.469  98.34319
1959.5  98.9801
1959.5  98.22828
1959.5  96.49266
1959.5  96.3482
1959.532  97.76538
1959.532  99.78991
1959.532  97.30247
1959.563  96.08775
1959.563  98.45919
1959.657  97.53338
1959.657  97.12847
1959.75  99.38501
1959.75  98.22828
1959.782  98.08383
1959.813  99.90591
1959.875  100.0219
1959.938  99.61701
1959.969  99.2121
1960  99.0381
1960.063  99.2701
1960.063  99.1541
1960.094  99.35655
1960.126  99.84901
1960.188  100.2539
1960.251  100.0219
1960.266  99.84901
1960.282  100.1237
1960.297  100.6293
1960.376  99.2701
1960.438  99.03919
1960.469  99.2701
1960.594  100.081
1960.626  100.3119
1960.641  100.731
1960.813  101.0648
1960.86  100.3415
1960.876  100.5921
1960.907  100.4859
1960.97  102.366
1961.001  101.8746
1961.032  102.0486
1961.063  102.7129
1961.095  103.4363
1961.314  103.6103
1961.486  102.7862
1961.486  102.656
1961.501  103.3794
1961.501  102.3375
1961.501  101.9326
1961.532  103.0609
1961.595  102.0782
1961.595  102.3091
1961.595  102.2226
1961.626  102.8585
1961.626  101.9337
1961.657  103.0609
1961.689  103.3794
1961.72  104.4069
1961.751  104.0743
1961.814  104.9421
1961.814  105.231
1961.876  105.463
1962.283  104.8994
1962.283  104.5952
1962.314  104.7976
1962.377  105.0581
1962.564  104.9432
1962.658  104.9432
1962.72  104.7112
1962.72  104.5963
1962.971  106.0134
1963.064  106.9108
1963.252  107.7786
1963.33  107.3453
1963.346  107.6626
1963.408  107.0848
1963.658  106.9108
1963.658  106.6219
1963.69  107.0268
1963.721  106.391
1963.736  106.4774
1963.799  107.1724
1963.908  107.6057
1963.908  107.4897
1964.002  108.5895
1964.19  108.4451
1964.534  108.6486
1964.534  108.4746
1964.565  108.8215
1965.221  110.9052
1965.221  110.7323
1965.253  111.2521
1965.284  111.0212
1965.409  110.7323
1965.44  110.9632
1965.44  110.4718
1965.44  110.3853
1965.784  109.6335
1965.847  110.3853
1965.878  110.2124
1965.909  110.6173
1966.222  110.2704
1966.222  110.0384
1966.409  109.8075
1966.597  108.4779
1966.66  108.2459
1966.66  107.3781
1966.66  107.2336
1966.691  107.6101
1966.691  106.1634
1966.753  106.5398
1966.753  106.9163
1966.785  107.0892
1966.785  105.8745
1966.878  108.3619
1966.972  107.6681
1967.035  107.4952
1967.16  107.7841
1967.222  108.131
1967.347  107.8136
1967.441  106.8014
1967.598  106.2805
1967.785  106.2816
1968.098  106.5125
1968.223  105.9927
1968.285  106.2236
1968.41  105.8767
1968.41  105.1828
1968.442  105.7037
1968.473  104.6039
1968.535  104.7779
1968.567  104.8939
1968.786  104.0841
1968.817  102.9274
1968.832  103.4768
1968.879  102.7249
1968.879  102.2905
1969.004  103.2743
1969.012  104.3161
1969.036  104.2297
1969.036  104.605
1969.192  104.895
1969.223  104.7506
1969.254  104.3161
1969.348  103.4341
1969.348  102.6385
1969.348  102.0027
1969.38  103.5359
1969.38  101.8287
1969.395  102.1187
1969.411  102.4076
1969.411  102.2916
1969.63  103.5643
1969.661  103.3334
1969.692  104.5481
1969.723  104.2592
1969.755  104.6641
1969.817  104.953
1969.942  105.243
1970.005  105.0406
1970.099  105.0121
1970.255  105.243
1970.255  104.7232
1970.302  104.8961
1970.349  104.4332
1970.411  104.2308
1970.411  103.0456
1970.442  102.679
1970.442  103.1605
1970.474  103.3345
1970.568  103.1036
1970.63  104.3183
1970.63  104.1159
1970.818  104.4343
1970.849  104.6652
1970.849  104.5503
1970.88  105.0712
1970.88  104.8392
1970.927  105.7935
1971.162  107.0958
1971.412  107.7327
1971.412  107.8771
1971.474  108.1956
1971.474  107.9636
1971.568  108.3696
1971.756  108.5425
1972.224  109.0645
1972.412  108.804
1972.443  108.3707
1972.506  108.7756
1972.537  108.6311
1972.568  107.5028
1972.568  107.3584
1972.568  107.2719
1972.6  107.6188
1972.6  108.4867
1972.631  106.2881
1972.662  107.1559
1972.662  106.2017
1972.693  108.4867
1972.693  106.9819
1972.725  107.5028
1973.162  108.8347
1973.225  108.0391
1973.225  108.2853
1973.256  107.7064
1973.319  107.215
1973.319  107.4459
1973.381  106.0003
1973.413  106.1732
1973.444  107.3879
1973.444  107.099
1973.538  107.5039
1973.569  107.7359
1973.6  108.1693
1973.6  108.0248
1973.6  107.8519
1973.631  108.3148
1973.663  108.6038
1973.694  108.8062
1973.725  109.0087
1974.069  109.732
1974.194  109.9925
1974.194  109.7616
1974.319  108.8938
1974.319  107.9679
1974.35  108.1419
1974.35  107.7075
1974.382  107.0137
1974.413  107.3606
1974.475  106.0594
1974.538  106.2334
1974.569  106.4643
1974.632  106.5803
1974.663  106.2039
1974.663  106.9272
1974.726  106.5223
1974.757  106.3494
1974.851  107.0432
1975.179  109.2571
1975.538  109.7058
1975.554  109.2713
1975.851  109.2429
1975.851  109.0119
1976.164  109.7069
1976.226  109.4169
1976.32  109.3019
1976.695  109.3315
1976.726  109.4759
1976.82  109.4759
1977.289  109.7659
1977.664  108.0314
1977.711  108.3488
1977.758  108.6092
1977.789  108.7832
1977.821  109.1017
1978.008  108.9572
1978.165  108.4079
1978.258  107.5401
1978.258  108.3214
1978.274  107.829
1978.29  106.4698
1978.352  106.1809
1978.383  105.834
1978.399  106.0222
1978.602  107.8881
1978.602  107.8005
1978.634  107.6276
1978.696  108.3214
1978.743  107.6856
1978.79  107.5696
1978.79  107.3387
1978.915  107.4831
1978.946  107.3387
1979.04  107.0782
1979.259  105.8931
1979.259  105.1413
1979.259  104.7363
1979.384  104.7363
1979.384  104.1574
1979.415  104.6203
1979.446  103.5501
1979.54  103.2032
1979.603  102.6538
1979.696  102.8278
1979.728  103.2327
1979.759  103.8105
1979.79  103.4056
1979.936  105.8263
1979.947  105.6042
1980.04  105.6053
1980.103  105.5177
1980.165  105.7497
1980.165  105.6633
1980.197  105.3733
1980.244  105.5188
1980.259  104.9103
1980.29  105.2583
1980.447  104.3905
1980.462  103.4067
1980.478  103.1178
1980.509  103.3498
1980.587  103.2623
1980.697  103.4658
1980.728  102.7709
1980.791  103.0609
1980.791  102.8585
1980.822  102.308
1980.853  101.7882
1980.947  102.366
1980.978  103.1769
1981.01  103.5238
1981.01  102.8869
1981.072  103.1769
1981.135  102.7282
1981.135  103.2929
1981.15  102.3671
1981.197  102.598
1981.228  101.8462
1981.26  101.5573
1981.322  100.6315
1981.416  100.8055
1981.447  101.7882
1981.447  101.2388
1981.447  101.1239
1981.447  101.0079
1981.447  100.8919
1981.447  100.5735
1981.51  102.4535
1981.51  102.2511
1981.541  102.3671
1981.541  102.0782
1981.635  102.7151
1981.697  102.946
1981.713  102.4404
1981.729  102.5991
1981.76  102.83
1981.76  102.0202
1981.791  102.4831
1981.822  101.3844
1981.869  100.893
1981.885  101.9053
1981.916  102.4262
1981.947  102.8015
1981.994  103.5107
1982.041  103.3805
1982.156  103.1014
1982.166  103.2645
1982.198  103.7569
1982.198  102.3682
1982.229  103.0631
1982.291  104.1618
1982.385  104.3063
1982.385  102.8026
1982.416  102.3397
1982.416  102.2533
1982.416  101.8188
1982.432  100.5461
1982.448  104.4518
1982.448  103.0631
1982.479  100.1992
1982.479  102.4842
1982.479  102.1088
1982.479  101.125
1982.51  100.5177
1982.51  99.56338
1982.51  99.47584
1982.541  99.38938
1982.666  97.42285
1982.698  96.98949
1982.729  97.7413
1982.729  96.52658
1982.76  98.37711
1982.76  97.16239
1982.854  99.76584
1982.854  99.07202
1982.917  99.18802
1982.917  98.84002
1982.979  99.27448
1983.01  101.2706
1983.01  100.7781
1983.026  100.2287
1983.042  101.1546
1983.042  99.96829
1983.042  99.59293
1983.057  100.533
1983.073  100.6632
1983.167  103.1222
1983.167  102.8322
1983.167  102.5433
1983.198  103.4395
1983.292  103.2382
1983.292  103.0642
1983.354  102.8902
1983.354  101.9655
1983.417  103.0937
1983.417  102.7753
1983.417  102.2828
1983.448  101.9075
1983.479  103.2382
1983.479  103.0642
1983.511  102.7173
1983.542  103.3542
1983.855  104.8578
1983.886  104.9738
1983.886  104.5985
1984.011  105.0614
1984.136  105.4367
1984.167  105.2058
1984.198  104.8009
1984.23  104.28
1984.323  103.4997
1984.323  103.8182
1984.323  102.8924
1984.355  102.4295
1984.386  103.0948
1984.417  102.1406
1984.464  102.343
1984.48  102.8924
1984.48  102.6604
1984.542  103.4713
1984.605  103.5862
1984.761  104.512
1985.246  106.9425
1985.386  107.7535
1985.402  107.6079
1985.449  107.9844
1985.511  108.1584
1985.699  108.1584
1985.762  108.6793
1985.855  108.7373
1986.012  108.9113
1986.168  108.3904
1986.168  107.957
1986.168  107.6965
1986.199  108.7953
1986.199  109.0273
1986.199  108.5644
1986.356  110.416
1986.465  110.358
1986.606  110.0691
1986.715  110.4444
1986.731  110.648
1986.762  110.8209
1986.856  110.7629
1986.856  110.1851
1986.887  110.416
1987.012  111.7763
1987.012  111.4578
1987.2  112.6725
1987.231  112.7885
1987.356  111.8343
1987.387  111.2269
1987.419  111.5738
1987.419  110.5331
1987.45  111.0824
1987.45  110.706
1987.45  110.1282
1987.512  109.7813
1987.669  108.9135
1987.747  108.4648
1987.95  107.7567
1988.013  107.1778
1988.2  107.5543
1988.263  107.4098
1988.419  106.5431
1988.45  106.3111
1988.544  106.1382
1988.591  105.0679
1988.638  104.9815
1988.669  105.0964
1988.763  105.3284
1988.794  105.0964
1988.966  103.5063
1989.044  103.3038
1989.169  102.436
1989.169  102.1756
1989.169  100.9029
1989.201  100.788
1989.201  100.672
1989.201  100.5855
1989.201  100.151
1989.201  100.0646
1989.326  99.60169
1989.326  99.31278
1989.388  99.08187
1989.482  99.31278
1989.498  99.02387
1989.513  99.83369
1989.513  100.325
1989.513  99.60169
1989.544  100.2244
1989.544  101.0484
1989.544  99.94969
1989.638  99.97814
1989.638  99.54478
1989.638  99.25478
1989.67  99.11033
1989.701  99.66078
1989.701  99.42878
1989.732  98.33006
1989.763  98.47451
1989.763  97.80915
1989.795  96.99934
1989.826  97.28824
1989.982  97.75224
1989.982  98.1856
1989.982  98.09915
1990.045  98.38806
1990.076  99.02497
1990.217  99.05342
1990.232  98.47561
1990.232  98.38806
1990.232  98.0127
1990.232  97.8967
1990.295  96.71043
1990.326  97.49179
1990.326  97.28934
1990.482  97.78179
1990.482  97.34734
1990.514  98.30161
1990.576  98.44715
1990.607  98.79406
1990.732  99.48787
1990.732  99.14097
1990.764  99.77787
1990.795  100.6457
1990.795  100.5297
1990.826  100.9346
1990.842  101.195
1990.983  103.5676
1990.983  103.0171
1991.076  103.8849
1991.17  103.2207
1991.17  99.48897
1991.201  102.006
1991.201  101.1381
1991.201  100.3283
1991.201  100.2123
1991.201  100.1259
1991.217  101.2684
1991.233  100.5308
1991.233  99.80742
1991.264  98.73715
1991.373  99.04138
1991.389  95.15099
1991.405  97.26198
1991.42  95.03499
1991.42  91.30328
1991.452  97.72489
1991.452  97.55089
1991.452  97.08907
1991.452  96.97307
1991.452  96.85707
1991.452  96.74107
1991.452  94.31163
1991.452  94.19563
1991.452  94.10917
1991.452  93.32781
1991.452  92.92291
1991.452  92.808
1991.452  92.692
1991.452  92.576
1991.452  91.39083
1991.483  95.6139
1991.483  92.11309
1991.483  91.76619
1991.483  90.81192
1991.514  91.99819
1991.514  91.88219
1991.577  94.63008
1991.577  93.64627
1991.608  96.19171
1991.608  96.0768
1991.608  95.4399
1991.608  94.31163
1991.608  94.19672
1991.608  94.10917
1991.608  93.18445
1991.608  92.08464
1991.608  91.67973
1991.639  95.03499
1991.639  97.75443
1991.67  96.91507
1991.67  96.53971
1991.67  98.47779
1991.67  98.36179
1991.702  99.08516
1991.702  97.84089
1991.733  97.66798
1991.733  97.55198
1991.764  99.50429
1991.764  99.31606
1991.78  99.69252
1991.795  99.80852
1991.889  100.4739
1992.202  101.1108
1992.233  102.7589
1992.233  102.0651
1992.264  102.5564
1992.296  103.3662
1992.296  103.8291
1992.452  104.6389
1992.462  104.1673
1992.514  104.408
1992.546  104.929
1992.608  105.0734
1992.64  105.2759
1992.702  104.756
1992.702  104.524
1992.733  104.8709
1992.765  105.103
1992.765  104.6685
1992.827  105.4499
1992.843  105.6239
1992.921  105.9708
1992.983  106.2597
1993.187  106.0145
1993.671  106.8977
1993.718  107.0706
1993.828  107.0137
1993.859  107.4766
1994.171  106.9557
1995.016  108.1726
1995.234  108.5195
1995.703  108.3466
1996.704  108.8686
1996.735  108.6957
1996.891  108.7537
1997.079  109.3326
1997.173  109.5635
1997.298  109.6215
1997.423  109.3326
1997.61  109.3326
1997.735  109.2757
1997.798  108.8708
1997.861  108.7548
1997.923  108.9857
1998.017  109.1312
1998.204  110.0275
1998.204  109.5077
1998.236  109.1312
1998.236  108.9288
1998.267  109.001
1998.267  108.5523
1998.267  109.3337
1998.298  108.061
1998.329  107.9165
1998.329  107.7141
1998.345  107.5401
1998.423  107.3091
1998.517  107.2511
1998.548  107.4251
1998.642  107.1942
1998.642  107.0202
1998.705  107.4831
1998.767  108.0041
1998.892  108.293
1998.892  107.9461
1998.955  107.0782
1999.08  106.7313
1999.299  106.9053
1999.361  107.0793
1999.424  106.7324
1999.455  106.9053
1999.486  107.7162
1999.58  107.0213
1999.611  107.5422
1999.611  106.3855
1999.674  106.0966
1999.674  105.8066
1999.705  105.2868
1999.736  105.5757
1999.799  104.9968
1999.893  104.9683
1999.986  104.593
2000.049  104.9979
2000.049  104.8819
2000.096  105.2583
2000.237  103.8992
2000.33  103.3498
2000.33  102.9154
2000.346  102.1778
2000.424  102.2215
2000.424  101.9895
2000.455  101.4697
2000.518  100.5297
2000.539  100.3699
2000.549  100.8908
2000.58  101.0068
2000.58  100.6599
2000.58  100.5439
2000.58  100.197
2000.58  99.7921
2000.612  100.3415
2000.643  101.2673
2000.643  101.1808
2000.659  101.8462
2000.674  102.5115
2000.737  103.3794
2000.768  103.1474
2000.768  102.8005
2000.799  103.6103
2000.799  102.6845
2000.831  103.4943
2000.831  103.2918
2000.831  102.5695
2000.862  102.3955
2000.909  102.6845
2001.206  106.0988
2001.237  105.9828
2001.237  105.7223
2001.237  105.6359
2001.237  104.2472
2001.268  105.231
2001.268  103.8423
2001.268  102.9745
2001.3  104.3632
2001.3  102.6275
2001.331  103.0905
2001.393  103.2929
2001.425  103.6114
2001.581  104.0743
2001.597  103.3225
2001.612  104.3063
2001.612  103.6694
2001.643  103.7854
2001.643  103.5829
2001.643  103.062
2001.768  103.062
2001.831  103.004
2001.894  104.2483
2001.987  103.294
2001.987  103.2075
2002.05  103.7854
2002.05  102.9755
2002.081  103.9791
2002.081  104.1334
2002.112  103.3805
2002.112  102.6286
2002.144  103.7285
2002.206  104.3063
2002.362  103.5545
2002.394  103.468
2002.488  103.3235
2002.55  103.2075
2002.55  103.0926
2002.55  101.8199
2002.581  101.241
2002.644  101.0681
2002.706  102.0508
2002.738  102.2828
2002.8  102.5717
2002.831  102.3408
2002.878  102.1088
2002.956  101.8199
2002.988  102.1964
2003.05  102.8617
2003.05  102.5728
2003.082  102.7457
2003.113  103.0926
2003.238  103.3246
2003.269  103.5566
2003.332  102.9777
2003.363  102.0519
2003.394  102.2839
2003.425  101.0397
2003.535  101.1272
2003.55  101.4741
2003.582  102.1975
2003.597  102.1099
2003.613  102.5641
2003.613  103.0937
2003.623  102.8628
2003.707  103.0357
2003.801  101.0692
2003.801  100.2594
2003.832  99.99893
2003.847  100.4476
2003.863  101.937
2003.957  102.7184
2003.957  102.3135
2003.957  102.4579
2004.019  103.0653
2004.066  102.8048
2004.176  104.686
2004.191  105.915
2004.207  105.1774
2004.238  105.6403
2004.332  106.1032
2004.332  106.2192
2004.582  105.8723
2004.707  107.029
2004.707  106.5661
2004.723  106.7981
2004.754  107.5215
2004.817  106.9863
2004.832  107.203
2004.864  108.0128
2004.895  107.029
2004.926  106.6821
2004.989  106.1623
2004.989  106.5092
2004.989  105.2365
2005.02  105.0625
2005.02  104.7156
2005.035  105.8876
2005.082  106.0747
2005.082  105.9883
2005.082  105.2649
2005.082  104.1946
2005.114  106.6536
2005.114  105.6414
2005.145  106.7401
2005.27  107.0585
2005.364  107.2041
2005.364  107.0301
2005.426  105.9314
2005.489  106.6832
2005.504  106.5672
2005.614  106.1623
2005.614  105.4685
2005.645  105.6425
2005.645  105.15
2005.676  104.1957
2005.708  105.5265
2005.708  105.382
2005.708  105.2956
2005.708  104.3117
2005.739  105.0056
2005.77  106.1918
2005.77  106.1054
2005.77  105.7005
2005.77  105.208
2005.77  104.7166
2005.833  107.2336
2005.833  107.1176
2005.833  107.0016
2005.833  106.9152
2005.989  108.1879
2006.083  108.6508
2006.286  110.0111
2006.333  109.8666
2006.458  109.8666
2006.583  109.3457
2006.739  109.6937
2006.896  109.7517
2007.021  109.3468
2007.021  109.1148
2007.052  109.6937
2007.177  110.4171
2007.24  110.5615
2007.521  110.7935
2007.646  110.938
2007.646  110.7935
2007.74  111.0398
2007.865  111.0835
2007.896  110.9095
2008.021  110.7366
2008.084  110.9249
2008.365  110.9106
2008.365  110.7946
2008.412  110.5922
2008.49  110.6797
2008.537  110.8242
2008.678  111.4895
2008.709  111.6055
2008.865  111.7795
2009.365  112.9363
2009.834  112.8794
2010.241  111.3177
2010.272  111.0584
2010.366  111.0868
2010.553  110.8559
2010.647  110.625
2010.819  110.7695
2010.85  110.4226
2010.882  110.567
2010.929  110.3361
2011.007  110.2059
2011.022  110.9719
2011.054  110.4521
2011.179  111.2039
2011.179  110.3361
2011.21  110.9435
2011.21  109.9892
2011.335  109.8732
2011.366  109.3534
2011.398  109.1214
2011.429  108.0511
2011.46  108.4276
2011.476  108.1387
2011.523  108.3116
2011.898  109.1805
2011.96  109.8743
2012.179  108.9496
2012.179  108.0238
2012.21  108.4571
2012.21  108.1967
2012.21  107.6768
2012.242  108.6596
2012.273  108.4287
2012.414  108.8631
2012.461  109.152
2012.461  108.8051
2012.461  108.1978
2012.461  108.0238
2012.492  107.8508
2012.523  107.5904
2012.523  106.925
2012.617  107.5039
2012.617  107.157
2012.648  107.2577
2012.711  108.2273
2012.711  108.0818
2012.742  107.9088
2012.961  108.8347
2013.148  109.0087
2013.211  108.8062
2013.211  108.5458
2013.305  107.7359
2013.336  108.2568
2013.336  107.9964
2013.336  107.505
2013.367  108.1408
2013.367  107.0421
2013.398  107.7939
2013.586  107.7939
2013.586  107.563
2013.617  107.679
2013.68  107.9099
2013.899  108.6049
2013.992  108.0259
2014.024  107.737
2014.149  107.3901
2014.18  106.9852
2014.274  107.6221
2014.336  108.027
2014.368  108.2875
2014.399  107.795
2014.399  107.3901
2014.43  107.6801
2014.493  107.0728
2014.586  107.6506
2014.743  107.2172
2014.805  106.4074
2014.868  106.0025
2014.868  105.6851
2014.93  105.3667
2015.024  105.4247
2015.04  106.206
2015.04  105.8
2015.18  106.0616
2015.18  105.9456
2015.212  105.8296
2015.306  106.3505
2015.368  106.9874
2015.368  106.5825
2015.493  106.6405
2015.681  107.1614
2015.712  107.2763
2015.837  107.1319
2015.9  107.5083
2016.04  108.1737
2016.275  109.3019
2016.337  109.187
2016.822  109.9104
2016.9  110.3153
2017.244  111.6176
2017.322  111.2991
2017.431  110.9238
2017.525  110.6929
2017.588  110.4609
2017.635  110.3164
2017.65  109.941
2017.869  110.8669
2017.869  110.6929
2018.041  111.5726
2018.126  112.069
2018.203  111.8137
2018.288  112.0712
2018.37  111.982
2018.455  111.215
2018.537  112.0437
2018.621  112.025
2018.707  112.0943
2018.789  112.2737
2018.874  111.8951
2018.956  112.1053
2019.038  111.8419
2019.122  112.1702
2019.205  112.8268
2019.288  112.4985
2019.37  112.0608
2019.455  111.8419
2019.537  112.1702
2019.621  112.7174
