2000.498  347.079055696178
2000.583  374.7922652795
2000.668  399.372992536855
2000.75  448.27354640217
2000.834  391.038313239805
2000.916  409.234028108689
2001.001  437.4058522225
2001.086  494.672028124299
2001.163  530.687238273957
2001.248  409.32945132614
2001.33  462.316489913308
2001.415  482.931185794194
2001.497  490.759404170301
2001.582  448.509077016096
2001.667  446.275690012213
2001.749  424.955129866288
2001.834  455.324694979025
2001.916  475.00422627132
2002.001  423.100903011854
2002.086  480.308118154315
2002.163  455.906470066626
2002.248  450.175444413148
2002.33  457.955022647288
2002.415  467.458274471893
2002.497  430.246025532714
2002.582  389.781482367683
2002.667  427.438093074353
2002.749  444.928409391476
2002.834  400.616157440301
2002.916  425.377500169321
2003.001  444.957662005113
2003.086  439.587656466024
2003.163  439.500788841234
2003.248  429.649109764524
2003.33  429.152212407503
2003.415  390.658278511038
2003.497  423.746295964131
2003.582  441.764017718827
2003.667  464.949784539487
2003.749  421.155737962129
2003.834  307.680389831123
2003.916  421.099874085206
2004.001  418.856551212114
2004.086  489.381685418889
2004.165  547.776583311798
2004.25  574.568448962286
2004.332  599.360199574686
2004.416  590.183376317744
2004.498  550.307194506471
2004.583  572.775465836183
2004.668  591.852316218339
2004.75  666.736669378854
2004.834  577.8246435633
2004.916  592.825974056698
2005.001  494.51248794917
2005.086  580.009267230458
2005.163  610.032042551602
2005.248  631.912729674249
2005.33  560.203564672314
2005.415  618.545432728029
2005.497  593.414426718571
2005.582  568.436362304088
2005.667  499.928025493292
2005.749  632.124762410605
2005.834  672.281234273572
2005.916  660.846234931394
2006.001  691.40713062791
2006.086  734.768042834389
2006.163  781.754704824638
2006.248  778.684385801246
2006.33  786.150761161363
2006.415  782.623771748567
2006.497  770.269043667739
2006.582  772.102213151903
2006.667  776.508606658963
2006.749  815.906663910034
2006.834  800.515059365801
2006.916  728.322010754587
2007.001  798.504829908474
2007.086  786.575556702686
2007.163  830.271583826171
2007.248  868.134021660614
2007.33  885.980099606284
2007.415  887.586023775994
2007.497  879.023196732704
2007.582  881.195553020888
2007.667  894.699336999447
2007.749  902.011803187864
2007.834  884.519340537201
2007.916  906.661458977545
2008.001  868.536877598506
2008.086  861.655176758589
2008.165  868.134021660614
2008.25  879.834507635363
2008.332  868.868718563096
2008.416  872.40476803822
2008.498  883.083787694446
2008.583  903.390880055329
2008.668  916.924075816127
2008.75  923.398452149884
2008.834  928.741550179414
2008.916  941.769876784163
2009.001  942.808016391189
2009.086  962.809728764912
2009.163  988.654360827705
2009.248  1016.50201258847
2009.33  1012.03443536479
2009.415  1010.58097294573
2009.497  1014.53531765908
2009.582  1004.08895326301
2009.667  1036.50719366257
2009.749  1027.94836381941
2009.834  997.918359665847
2009.916  1007.4728737339
2010.001  991.485371339553
2010.086  910.667084939525
2010.163  903.05205830042
2010.248  858.213957816522
2010.33  858.708454039202
2010.415  856.590307755402
2010.497  842.987528266715
2010.582  826.649216153186
2010.667  836.035578831743
2010.749  856.684385322481
2010.834  832.653072893416
2010.916  814.878120275301
2011.001  841.450133309552
2011.086  831.034151984935
2011.163  812.070723323804
2011.248  729.898023057046
2011.33  766.061025834272
2011.415  665.435595531818
2011.497  696.825099963137
2011.582  703.976395950143
2011.667  703.331774360256
2011.749  697.796394572508
2011.834  729.173628526041
2011.916  790.068728094914
2012.001  709.252377044908
2012.086  667.999425037458
2012.165  609.056069392412
2012.25  727.322204505211
2012.332  724.370676556892
2012.416  671.838089246329
2012.498  577.428113508013
2012.583  588.298644276506
2012.668  644.628660282905
2012.75  653.273721184305
2012.834  655.883363477298
2012.916  665.375589363127
2013.001  690.031543101027
2013.086  693.649068160178
2013.163  667.057209338852
2013.248  679.074782113849
2013.33  575.161073451615
2013.415  563.609395438428
2013.497  585.562030990796
2013.582  599.972063900328
2013.667  614.004155056366
2013.749  669.625447345279
2013.834  651.971689127337
2013.916  611.592251510413
2014.001  604.939800022053
2014.086  569.113237888527
2014.163  607.856465592314
2014.248  615.685327611603
2014.33  633.803575700034
2014.415  580.389055976422
2014.497  598.61917274187
2014.582  631.353982891597
2014.667  597.897333025934
2014.749  613.230826456275
2014.834  586.126806362917
2014.916  532.749413105631
2015.001  546.341995305526
2015.086  546.203876711503
2015.163  533.155828943962
2015.248  561.19014568479
2015.33  595.809535999685
2015.415  578.907143566013
2015.497  612.025121980803
2015.582  607.65046081936
2015.667  609.07482715739
2015.749  639.034334852407
2015.834  655.52706533731
2015.916  650.888083355943
2016.001  705.495965693303
2016.086  749.983324657702
2016.165  755.463512344991
2016.25  755.594307072843
2016.332  757.601651819944
2016.416  761.604695643837
2016.498  747.72918675395
2016.583  769.651246818231
2016.668  778.995523003011
2016.75  797.512148017264
2016.834  825.72780465896
2016.916  844.339900717882
2017.001  837.613707137485
2017.086  872.594845644803
2017.163  913.658964056106
2017.248  885.812406046797
2017.33  887.322258167837
2017.415  893.97702663036
2017.497  843.686876262818
2017.582  800.017861970355
2017.667  765.819125050143
2017.749  826.626173506502
2017.834  874.401711064457
2017.916  863.874816176164
2018.001  860.405078552031
2018.086  821.54302246236
2018.163  848.030234673412
2018.248  916.777750922276
2018.33  887.657967099692
2018.415  919.169196380638
2018.497  900.198894219031
2018.582  909.330871504859
2018.667  927.686429824813
2018.749  950.934080057787
2018.834  920.659328962094
2018.916  909.330871504859
2019.001  851.35467890384
2019.086  890.370090667222
2019.163  973.472502852414
2019.248  937.006435624074
2019.33  919.462241612781
2019.415  933.336945192422
2019.497  909.403730010637
2019.582  902.471374156047
2019.667  932.033379669043
2019.749  946.272419193825
2019.834  907.025232568969
2019.916  910.326862775311
2020.001  941.300421971597
2020.086  979.226009433739
2020.165  971.215410972015
2020.25  989.285984118335
2020.332  966.083018054233
2020.416  935.626478556996
2020.416  935.626478556996
