1964.498  528.355751107769
1964.583  535.344772311759
1964.668  545.740449023161
1964.75  553.859235877089
1964.834  557.300828197634
1964.916  591.435574811177
1965.001  581.519063018259
1965.086  581.773444358459
1965.163  593.363356182901
1965.248  600.565388970734
1965.33  611.183255754259
1965.415  579.76557352704
1965.497  560.605902713948
1965.582  560.481439522106
1965.667  566.34904989047
1965.749  572.782211028968
1965.834  590.10104643047
1965.916  592.154868594317
1966.001  583.071781181695
1966.086  584.626868038006
1966.163  564.447459468769
1966.248  545.006020919676
1966.33  554.972008520868
1966.415  524.405203388814
1966.497  504.7284949946
1966.582  505.101369285024
1966.667  434.984517108026
1966.749  472.678328582872
1966.834  496.340911180374
1966.916  475.514712158673
1967.001  456.667995277539
1967.086  445.560650211567
1967.163  473.481152448499
1967.248  476.90365835009
1967.33  449.807992988213
1967.415  435.341806382289
1967.497  450.367865559166
1967.582  430.525965640245
1967.667  432.154789317988
1967.749  437.86991057485
1967.834  422.305288483631
1967.916  420.990936783991
1968.001  428.880837373634
1968.086  434.858465908448
1968.165  425.480347176183
1968.25  430.296621048594
1968.332  413.897112468965
1968.416  381.079322478909
1968.498  385.224953854272
1968.583  393.249632439805
1968.668  378.839520487296
1968.75  359.848262328369
1968.834  321.00185675391
1968.916  337.724739969144
1969.001  377.440106859606
1969.086  381.66943909383
1969.163  374.31547123599
1969.248  360.941069246109
1969.33  320.023997519695
1969.415  302.363291543689
1969.497  318.520560678998
1969.582  344.119662856161
1969.667  359.448221289769
1969.749  370.224047420071
1969.834  373.565562164002
1969.916  368.534260627421
1970.001  376.628777062033
1970.086  390.489576675518
1970.163  383.596969702392
1970.248  360.139421926024
1970.33  360.048414588207
1970.415  324.385046308029
1970.497  324.669684109977
1970.582  347.34450170498
1970.667  373.172328339424
1970.749  382.39376993034
1970.834  361.52496869594
1970.916  409.679742376282
1971.001  410.806590921208
1971.086  439.603554526342
1971.163  443.916694154562
1971.248  450.777317294731
1971.33  458.716359112119
1971.415  492.136405658805
1971.497  499.920844117106
1971.582  509.121230909653
1971.667  501.079318402055
1971.749  523.450344140781
1971.834  530.855486119643
1971.916  523.164103622472
1972.001  512.667541642796
1972.086  515.190219444489
1972.165  545.715958265206
1972.25  558.020481924553
1972.332  538.885267359713
1972.416  495.327801390682
1972.498  528.283754412266
1972.583  434.627441014948
1972.668  514.387747720918
1972.75  531.505677770382
1972.834  526.102819381439
1972.916  529.556613238736
1973.001  534.0389781726
1973.086  533.845697665593
1973.163  508.980650573676
1973.248  469.565199263686
1973.33  443.618261924477
1973.415  482.170911887653
1973.497  499.828243165999
1973.582  513.138457809033
1973.667  535.853122015546
1973.749  545.544541919769
1973.834  552.550374853204
1973.916  557.052801500092
1974.001  553.414506081308
1974.086  569.434646314734
1974.163  544.003289141484
1974.248  533.652461183902
1974.33  487.15913581416
1974.415  481.922418187554
1974.497  446.459192438758
1974.582  474.150891986782
1974.667  452.677183192087
1974.749  461.603707184732
1974.834  474.486007004728
1974.916  511.656026463251
1975.001  509.168096678606
1975.086  530.735135482743
1975.163  539.66321505994
1975.248  553.636843870862
1975.33  549.20041318632
1975.415  559.063730173547
1975.497  556.829634402188
1975.582  544.712420443452
1975.667  544.957080728105
1975.749  543.319152258755
1975.834  526.24644038779
1975.916  543.44128051019
1976.001  545.642490054067
1976.086  549.569283933464
1976.165  550.79994688232
1976.25  533.555859455897
1976.332  546.475486499812
1976.416  549.741475471007
1976.498  559.312295264386
1976.583  564.32248795486
1976.668  564.272503956214
1976.75  565.347739782425
1976.834  569.560286222794
1976.916  564.697451844899
1977.001  561.377943850087
1977.086  565.122589823635
1977.163  565.047551667577
1977.248  562.749257774021
1977.33  561.776665401052
1977.415  547.063954805608
1977.497  518.123760501385
1977.582  519.998330082646
1977.667  516.986916440581
1977.749  542.708765820614
1977.834  555.566040504469
1977.916  558.243936455488
1978.001  518.313391503683
1978.086  517.436724067983
1978.248  461.757180103587
1978.33  421.360292353421
1978.415  456.189526042008
1978.497  460.267817529789
1978.582  508.465407184212
1978.667  508.184509664211
1978.749  464.34968672408
1978.834  476.343263766954
1978.916  484.433955998203
1979.001  465.363080884132
1979.086  457.321025027601
1979.163  437.06819537673
1979.248  389.618008358862
1979.33  405.534529976009
1979.415  373.528097429368
1979.497  374.221668597266
1979.582  337.586413896715
1979.667  344.36552193015
1979.749  379.768368054061
1979.834  382.374695014021
1979.916  420.847363149636
1980.001  410.323372200692
1980.086  402.748938015052
1980.165  421.196104771767
1980.25  393.639565643547
1980.332  387.840772012006
1980.416  343.57576122884
1980.498  340.431237579788
1980.583  349.276755128055
1980.668  348.318422574749
1980.75  322.648164955426
1980.834  300.755754497404
1980.916  303.581554791397
1981.001  348.744088816684
1981.086  326.785707863427
1981.163  324.853970077038
1981.248  302.616101907555
1981.33  285.325425726402
1981.415  323.515653631693
1981.497  331.153543422046
1981.582  330.89830819902
1981.667  351.681783446785
1981.749  309.106243503975
1981.834  319.213733390815
1981.916  354.747042937168
1982.001  384.515649617409
1982.086  323.41546164606
1982.163  371.02462129535
1982.248  383.501371190786
1982.33  397.496156917929
1982.415  314.354807709741
1982.497  256.812371251986
1982.582  260.715774054525
1982.667  234.071425072393
1982.749  264.500830080147
1982.834  279.020790729156
1982.916  257.597266337228
1983.001  301.795110726217
1983.086  327.088912075351
1983.163  358.340853407517
1983.248  366.278309559324
1983.33  316.678137016276
1983.415  343.050061293705
1983.497  375.950565609541
1983.582  371.266921108052
1983.667  388.612718437022
1983.749  388.941152044331
1983.834  395.26093743163
1983.916  398.184330740568
1984.001  416.1500798432
1984.086  405.873765540661
1984.165  382.183986221986
1984.25  364.198455541982
1984.332  324.351572899938
1984.416  345.790755338383
1984.498  357.380904944218
1984.583  379.37007497447
1984.668  391.14908338188
1984.75  391.964943021423
1984.834  391.246141431431
1984.916  400.590170730406
1985.001  417.595940528864
1985.086  447.659267210063
1985.163  462.261700569478
1985.248  476.477717110302
1985.33  470.364355451227
1985.415  496.018407802125
1985.497  475.022531008463
1985.582  474.418970923616
1985.667  496.479169832689
1985.749  501.195263813307
1985.834  520.330987719999
1985.916  518.242274623745
1986.001  524.4529755829
1986.086  461.888756842697
1986.163  509.636909901482
1986.248  555.739372259603
1986.33  562.874021721367
1986.415  557.77226227419
1986.497  549.37253400839
1986.582  548.782542935917
1986.667  554.600933895706
1986.749  574.87711222905
1986.834  542.684359199872
1986.916  575.964174408701
1987.001  603.91156947603
1987.086  625.892291879581
1987.163  635.754593135329
1987.248  622.798481273347
1987.33  595.964975726183
1987.415  555.615560526544
1987.497  532.397497907448
1987.582  515.639013426701
1987.667  496.548308814156
1987.749  508.886944493382
1987.834  484.320632267506
1987.916  490.12311987945
1988.001  440.366231904973
1988.086  460.180313330615
1988.165  470.075662387067
1988.25  458.650885803729
1988.332  456.363473804366
1988.416  447.273277361313
1988.498  410.383751273834
1988.583  400.629702193755
1988.668  411.249915170705
1988.75  400.550642217922
1988.834  392.023268406622
1988.916  362.731611491087
1989.001  349.223459314875
1989.086  348.247518532049
1989.163  277.019021309584
1989.248  288.986136637801
1989.33  263.585324162176
1989.415  265.702147020056
1989.497  302.031744648571
1989.582  280.307760997692
1989.667  258.28747441504
1989.749  232.995396544069
1989.834  218.657109623747
1989.916  232.742846237089
1990.001  259.228716694514
1990.086  267.719488462283
1990.163  255.755354298796
1990.248  228.747112912807
1990.33  219.962427464672
1990.415  219.950420690205
1990.497  248.755259385012
1990.582  240.450751925077
1990.667  261.217741058426
1990.749  285.370565908182
1990.834  308.254613382393
1990.916  308.527565968463
1991.001  345.967036994636
1991.086  351.663920082082
1991.163  261.385248120055
1991.248  270.022603626682
1991.33  274.432067686998
1991.415  165.818232846084
1991.497  171.023256335046
1991.582  219.506578900172
1991.667  268.104548055824
1991.749  285.310380338444
1991.834  291.336201341748
1991.916  314.175418484108
1992.001  319.065092336177
1992.086  304.152530681145
1992.165  336.102292750658
1992.25  378.574458759723
1992.332  361.561487113899
1992.416  394.205492163746
1992.498  419.168196421983
1992.583  417.555161080222
1992.668  407.713330644737
1992.75  438.334548064585
1992.834  428.589776278903
1992.916  461.033978708047
1993.001  451.316473597968
1993.086  451.489100567122
1993.163  425.356315635279
1993.248  454.430947997255
1993.33  463.623638673868
1993.415  468.32394418822
1993.497  475.69377425074
1993.582  476.836387058583
1993.667  488.274901586611
1993.749  496.917158742941
1993.834  501.24164696409
1993.916  502.680937225
1994.001  494.522908241938
1994.086  443.234775373927
1994.163  475.805711651819
1994.248  479.127271907084
1994.33  479.757461112666
1994.415  477.419621794949
1994.497  490.077428045872
1994.582  504.588713995273
1994.667  521.163231046703
1994.749  518.526779967388
1994.834  519.78455110817
1994.916  521.115651233777
1995.001  537.525543306244
1995.086  540.880157672769
1995.163  533.121287952118
1995.248  539.809158107184
1995.33  540.758386682924
1995.415  533.821540697527
1995.497  531.602045243073
1995.582  538.666595632301
1995.667  548.291180321926
1995.749  547.75099313299
1995.834  555.145228119586
1995.916  546.230406338362
1996.001  558.616480295972
1996.086  578.92802556958
1996.165  575.433134424979
1996.25  578.877287530989
1996.332  565.347739782425
1996.416  559.362016245429
1996.498  561.452691248405
1996.583  560.20767878462
1996.668  558.691007001115
1996.75  551.711719496569
1996.834  554.452546147958
1996.916  560.581008751192
1997.001  579.054881892828
1997.086  580.857970408421
1997.163  581.239317287077
1997.248  579.841748857159
1997.33  583.78529787021
1997.415  576.748610406143
1997.497  571.698657125645
1997.582  582.969890951154
1997.667  575.180358304239
1997.749  566.724811852987
1997.834  563.997639031675
1997.916  572.101699702929
1998.001  573.665059126947
1998.086  580.68005774797
1998.163  584.065744394494
1998.248  524.070875962931
1998.33  483.165761295788
1998.415  492.755232980596
1998.497  511.373975861022
1998.582  485.886093016878
1998.667  513.798213688291
1998.749  535.732058918721
1998.834  525.24161844583
1998.916  502.890093822448
1999.001  471.053273959267
1999.086  473.8159404573
1999.163  480.23047557637
1999.248  487.842052488877
1999.33  475.649004371855
1999.415  494.522908241938
1999.497  506.547972885999
1999.582  461.866825557857
1999.667  423.828779589496
1999.749  410.041691088281
1999.834  405.454740850752
1999.916  395.006652390381
2000.001  402.987136187187
2000.086  384.668927473085
2000.165  363.556138388769
2000.25  364.860054698712
2000.332  327.358619165395
2000.416  304.613132043131
2000.498  280.144763206803
2000.583  303.407267723403
2000.668  320.073660228383
2000.75  355.304997111697
2000.834  321.250854674528
2000.916  341.441938285739
2001.001  359.64819789921
2001.086  390.334522280244
2001.163  416.597694789807
2001.248  326.348150344541
2001.33  364.198455541982
2001.415  372.742013653041
2001.497  384.170946335614
2001.582  351.485326138431
2001.667  355.286987735278
2001.749  338.763642278701
2001.834  366.518181331555
2001.916  377.515648255319
2002.001  336.774670657197
2002.086  386.531163372735
2002.163  362.987973146927
2002.248  356.820369339188
2002.33  358.159575179687
2002.415  365.172804482091
2002.497  343.19018482225
2002.582  313.393615599037
2002.667  336.61941025176
2002.749  348.761833913707
2002.834  326.718360239771
2002.916  333.509203713683
2003.001  360.813440399101
2003.086  347.309127427488
2003.163  361.305919222002
2003.248  349.134647371861
2003.33  338.053447520048
2003.415  303.882792080367
2003.497  331.017398103496
2003.582  342.682455390531
2003.667  357.001111194776
2003.749  335.48259862463
2003.834  261.56681839159
2003.916  347.432949991839
2004.001  341.494281422989
2004.086  395.143559630284
2004.165  425.211645776545
2004.25  438.757255390812
2004.332  449.829517363804
2004.416  448.13135612996
2004.498  422.161383885842
2004.583  434.14467740928
2004.668  450.928234784019
2004.75  500.129237972438
2004.834  446.073943999465
2004.916  467.682049761996
2005.001  382.489155522671
2005.086  441.915703402018
2005.163  459.546258117349
2005.248  474.888360785382
2005.33  428.506642546532
2005.415  456.450465279158
2005.497  443.724828299606
2005.582  427.966561250557
2005.667  384.668927473085
2005.749  471.787407486423
2005.834  499.411680105708
2005.916  504.099681842733
2006.001  513.609655687653
2006.086  545.911903285823
2006.163  564.522450273604
2006.248  567.075656092885
2006.33  569.962443511011
2006.415  564.022623460078
2006.497  547.358334954998
2006.582  549.938306192084
2006.667  552.67377191376
2006.749  573.740768758455
2006.834  575.40785390691
2006.916  536.6040959798
2007.001  586.618779350271
2007.086  580.756302194827
2007.163  590.049752290134
2007.248  612.831737069715
2007.33  611.235551969023
2007.415  608.884600826682
2007.497  603.080560037062
2007.582  598.185205247344
2007.667  603.028642702699
2007.749  599.245295425557
2007.834  599.064231054007
2007.916  620.107818789126
2008.001  616.240847016274
2008.086  611.104815929058
2008.165  613.512754229166
2008.25  604.223359033471
2008.332  595.16578421292
2008.416  591.178803105007
2008.498  600.902139095134
2008.583  616.372167076605
2008.668  622.956944734776
2008.75  634.260928155108
2008.834  646.609058818611
2008.916  649.276084657476
2009.001  658.448496827623
2009.086  672.360759610382
2009.163  670.361265396894
2009.248  680.35763985627
2009.33  672.771945326128
2009.415  668.665172486713
2009.497  669.704482916818
2009.582  658.529940634348
2009.667  669.759203689625
2009.749  679.806696528809
2009.834  683.060060123721
2009.916  688.589457863747
2010.001  686.679672092291
2010.086  629.206386020313
2010.163  633.674615641645
2010.248  601.238992943638
2010.33  602.613392018391
2010.415  590.999100184017
2010.497  563.87272676786
2010.582  554.032244908983
2010.667  554.427817196327
2010.749  562.923931918546
2010.834  552.032290263024
2010.916  556.309121022856
2011.001  556.63130894173
2011.086  559.063730173547
2011.163  535.80469471824
2011.248  489.666330947951
2011.33  514.104716505123
2011.415  463.88756409121
2011.497  479.464802653878
2011.582  486.113256300618
2011.667  480.545995906827
2011.749  475.358070944198
2011.834  499.342275399511
2011.916  527.012841101981
2012.001  510.857146980223
2012.086  489.757665727185
2012.165  429.754888908354
2012.25  497.12471726153
2012.332  492.755232980596
2012.416  468.501126411554
2012.498  432.133878547864
2012.583  442.255838063376
2012.668  471.364627753698
2012.75  472.656041371838
2012.834  484.660657594231
2012.916  490.74024101033
2013.001  508.722986082968
2013.086  516.158986421723
2013.163  487.773731654017
2013.248  484.252646691452
2013.33  430.671958703566
2013.415  422.387535934518
2013.497  435.467959374414
2013.582  445.753085718158
2013.667  458.629062832317
2013.749  483.165761295788
2013.834  475.58185499829
2013.916  451.12232444357
2014.001  460.552287043881
2014.086  427.302531049364
2014.163  440.47223484674
2014.248  445.389646463017
2014.33  462.261700569478
2014.415  431.548676621518
2014.497  446.116737610896
2014.582  464.966351316619
2014.667  446.180933545716
2014.749  447.123234546815
2014.834  441.809449988007
2014.916  404.319029224086
2015.001  432.322102046746
2015.086  433.536531747281
2015.163  399.80016111708
2015.248  414.728229436248
2015.33  434.984517108026
2015.415  425.728490024116
2015.497  451.294898531809
2015.582  458.760011646103
2015.667  457.408145493321
2015.749  465.38512835199
2015.834  470.964341935878
2015.916  483.73163981421
2016.001  519.04863499361
2016.086  540.174123224533
2016.165  534.981850747973
2016.25  533.507562720688
2016.332  535.90155205742
2016.416  540.125452337756
2016.498  529.412418449794
2016.583  545.299718996044
2016.668  550.110568407135
2016.75  570.28931920144
2016.834  585.315939584621
2016.916  591.178803105007
2017.001  606.069907021559
2017.086  614.771075157902
2017.163  642.283203155257
2017.248  589.152511636768
2017.33  579.181754251304
2017.415  583.836282427217
2017.497  581.849771205853
2017.582  567.852982335425
2017.667  552.25429029792
2017.749  566.374096097381
2017.834  598.39197069189
2017.916  607.059457643815
2018.001  617.686181096606
2018.086  612.622274522419
2018.163  613.32936377633
2018.248  622.455215746517
2018.33  607.893441506835
2018.415  608.936791236677
2018.497  614.220390976114
2018.582  612.674636574761
2018.667  616.634851603625
2018.749  624.463392194742
2018.834  626.951823130915
2018.916  624.648524624532
2019.001  627.879669609633
2019.086  625.495205958109
2019.163  635.434373253093
2019.248  634.287585225876
2019.33  602.976727811862
2019.415  621.584292255143
2019.497  618.501611134941
2019.582  618.922699804435
2019.667  628.065323485921
2019.749  628.41018395861
2019.834  638.987992596349
2019.916  636.715738693999
2020.001  618.975346483043
2020.086  623.194679239474
2020.165  625.680496528103
2020.25  631.970538526015
2020.332  619.475607261774
2020.416  617.502130193682
2020.498  583.53041323248
2020.583  606.095936611713
2020.668  608.571509013208
2020.75  606.356265875017
2020.834  612.072617335236
2020.916  600.824418318903
