1960.001  338.102229415515
1960.086  345.54388676426
1960.165  366.617357722939
1960.25  328.237358090454
1960.332  311.332263869865
1960.416  354.223127931682
1960.498  344.14668002112
1960.583  373.44209638191
1960.668  402.198005272367
1960.75  430.096947903358
1960.834  385.076355641189
1960.916  426.383174397761
1961.001  443.111105149853
1961.086  455.678208257318
1961.163  463.210286353928
1961.248  463.621059186168
1961.33  474.279649319594
1961.415  480.088559909468
1961.497  413.468968002024
1961.582  466.548775611115
1961.667  477.55355697437
1961.749  499.585897989686
1961.834  548.831282592738
1961.916  529.919931515813
1962.001  551.531642763298
1962.086  521.805835844181
1962.163  532.201984163367
1962.248  505.867810626096
1962.33  521.542752829109
1962.415  512.75842502612
1962.497  499.147964437066
1962.582  504.424741441363
1962.667  510.006793292489
1962.749  510.52323925775
1962.834  531.958822305796
1962.916  523.818514563491
1963.001  557.976482405362
1963.163  583.093051847747
1963.248  587.671183795663
1963.33  537.403444598126
1963.415  557.26855878848
1963.497  553.413364761014
1963.582  547.833937075127
1963.667  523.914518889646
1963.749  549.780156084315
1963.834  575.034674215834
1963.916  593.075846606191
1964.001  616.605909810814
1964.086  603.008182158135
1964.165  586.036549997137
1964.25  571.568553402446
1964.332  585.010210969987
1964.416  594.353378742809
1964.668  576.644218539902
1964.75  586.141898408782
1964.834  582.883264067083
1964.916  624.826392178197
1965.001  626.519848664843
1965.086  627.882813727959
1965.163  643.286844580987
1965.248  663.569928481496
1965.33  660.522012780917
1965.415  618.639116846415
1965.497  606.547223381596
1965.582  600.962647899449
1965.667  609.966955607168
1965.749  620.40189041131
1965.834  636.053953426377
1965.916  648.89687820596
1966.001  630.1689741865
1966.086  626.186420924249
1966.163  605.789383605019
1966.248  587.88237431456
1966.33  605.924656146374
1966.415  566.708933540815
1966.497  550.330125626725
1966.582  554.771493857589
1966.667  475.516150347185
1966.749  518.965676586334
1966.834  543.191297549519
1966.916  524.659053642034
1967.001  505.77460393468
1967.086  498.365108191086
1967.163  512.475630392559
1967.248  499.124924342845
1967.33  476.533918608329
1967.415  457.920198978806
1967.497  475.317240341114
1967.582  446.428312270146
1967.667  457.129076225566
1967.749  459.098383113487
1967.834  441.056542878439
1967.916  439.464299989643
1968.001  450.48387898745
1968.086  446.470175468414
1968.165  438.268263667558
1968.25  452.343651668539
1968.332  429.732396441406
1968.416  406.900953538617
1968.498  409.687796852881
1968.583  417.123107725252
1968.668  405.725483525193
1968.75  387.415871262572
1968.834  350.137290428509
1968.916  364.250966943305
1969.001  403.99667560318
1969.086  413.762606104902
1969.163  400.501558452914
1969.248  394.604536600877
1969.33  351.488829195335
1969.415  334.832879362891
1969.497  363.273396692076
1969.582  396.165711978753
1969.667  414.134811919891
1969.749  420.666573118976
1969.834  421.203356077812
1969.916  421.521733991211
1970.001  416.866788356059
1970.086  427.20825487191
1970.163  431.07041056512
1970.248  411.379681686589
1970.33  408.021408381525
1970.415  366.687683633916
1970.497  374.677218494073
1970.582  398.110708734834
1970.667  426.383174397761
1970.749  429.691907448489
1970.834  403.958331900665
1970.916  454.04013416145
1971.001  450.357318506622
1971.086  485.125714845449
1971.163  486.589286574018
1971.248  493.849674415115
1971.33  506.637321196568
1971.415  547.48522182446
1971.497  546.589371873133
1971.582  553.966344009406
1971.667  549.180709347095
1971.749  566.913941173129
1971.834  559.901734566687
1971.916  557.521303406273
1972.001  550.830493770679
1972.086  550.330125626725
1972.165  577.554459289173
1972.25  588.172862095931
1972.332  570.125111654922
1972.416  536.962248401559
1972.498  577.424352976655
1972.583  442.383793180742
1972.668  532.810295676168
1972.75  540.57420892359
1972.834  530.938557553178
1972.916  534.443438594315
1973.001  538.556883259846
1973.086  535.371556793782
1973.163  523.362695818591
1973.248  488.237488340331
1973.33  460.279189914475
1973.415  505.05274534776
1973.497  518.75140491395
1973.582  534.54107188708
1973.667  559.977843729173
1973.749  560.460066716064
1973.834  563.768683665847
1973.916  566.324708583585
1974.001  566.785804256441
1974.086  579.561125569514
1974.163  559.141112442396
1974.248  546.042507766537
1974.33  501.988795176097
1974.415  480.110847739943
1974.497  456.616548789937
1974.582  488.803036286262
1974.667  463.729209581758
1974.749  474.059136625425
1974.834  488.893575855643
1974.916  527.235727001019
1975.001  526.48812401698
1975.086  546.763469487604
1975.163  555.300399510042
1975.248  569.481684955838
1975.33  567.195926250605
1975.415  574.619905682414
1975.497  569.919150193176
1975.582  554.31847798563
1975.667  556.561377594085
1975.749  556.006255829125
1975.834  538.286744577513
1975.916  550.980677746257
1976.001  552.760433179165
1976.086  557.167487457355
1976.165  560.333132720242
1976.25  549.205675463248
1976.332  561.349269082418
1976.416  557.875304992298
1976.498  566.529601885288
1976.583  567.042101913128
1976.668  570.537217916263
1976.75  568.479130387525
1976.834  568.993079643213
1976.916  564.279127331666
1977.001  561.171335576703
1977.086  559.369209459782
1977.163  563.615624751662
1977.248  567.016467859171
1977.33  563.48810180723
1977.415  546.042507766537
1977.497  518.513412658246
1977.582  525.982188744256
1977.667  526.439922119844
1977.749  555.073674599438
1977.834  568.325020018155
1977.916  564.968829926335
1978.001  529.459662487585
1978.086  519.418272621632
1978.163  515.427875081742
1978.248  474.765087629002
1978.33  443.568805938405
1978.415  468.880579132463
1978.497  477.575743809938
1978.582  526.705078377733
1978.667  522.212638166001
1978.749  483.778069381978
1978.834  504.540988492462
1978.916  501.919343636478
1979.001  476.600359736305
1979.086  460.601683773243
1979.163  442.653816050608
1979.248  404.073372685223
1979.33  416.985072347037
1979.415  374.300924325225
1979.497  381.964477056487
1979.582  348.807267985355
1979.667  366.722851142034
1979.749  395.770197572437
1979.834  395.450276479342
1979.916  433.839043162861
1980.001  417.715144159147
1980.086  406.997437099661
1980.165  430.522600513573
1980.25  397.127710415066
1980.332  395.920828304562
1980.416  356.462110749929
1980.498  359.61126064262
1980.583  372.727757879971
1980.668  367.885082870117
1980.75  340.725442106265
1980.834  318.527869214871
1980.916  321.074385241884
1981.001  370.663109364602
1981.086  339.264003690142
1981.163  336.114397031831
1981.248  318.682612761136
1981.33  300.74558062415
1981.415  339.936540771984
1981.497  356.342147680988
1981.582  359.593984133573
1981.667  372.495862123852
1981.749  319.985183149635
1981.834  328.842148127075
1981.916  363.535013789356
1982.001  388.155349228625
1982.086  336.17940271487
1982.163  381.672755215639
1982.248  391.125865531493
1982.33  402.713916353286
1982.415  321.6358684293
1982.497  266.511459155157
1982.582  272.47445170102
1982.667  248.646574235309
1982.749  282.150321305092
1982.834  298.974852617909
1982.916  272.983658972855
1983.001  299.529908652806
1983.086  325.87574061001
1983.163  352.641349484836
1983.248  355.093277032507
1983.33  307.296457344253
1983.415  333.297712704189
1983.497  363.517567368807
1983.582  357.852911373018
1983.667  366.758021685492
1983.749  373.674520831202
1983.834  384.562257553611
1983.916  384.874315360159
1984.001  423.996347578401
1984.086  409.416114846736
1984.165  387.028148797448
1984.25  374.748932039008
1984.332  330.486570177028
1984.416  356.873689814319
1984.498  369.988996596296
1984.583  391.051356360623
1984.668  400.596695846023
1984.75  403.441007529822
1984.834  395.676079247468
1984.916  405.148487417169
1985.001  420.964711509965
1985.086  449.851385470347
1985.163  459.742134199632
1985.248  479.59845203349
1985.33  481.248703838359
1985.415  516.114842625148
1985.497  521.925455917378
1985.582  522.140830151863
1985.667  539.245019254557
1985.749  532.27495085284
1985.834  540.672775943208
1985.916  534.175023885964
1986.001  535.811661491192
1986.086  492.526914853719
1986.163  526.753300641788
1986.248  568.736057314284
1986.33  582.385264846932
1986.415  591.58820951309
1986.497  592.650497961269
1986.582  592.942898552774
1986.667  586.906135641389
1986.749  596.968600765764
1986.834  560.536238501169
1986.916  590.130088159751
1987.001  617.731754220825
1987.086  635.210582108202
1987.163  636.391550409613
1987.248  623.274959952823
1987.33  607.007712908842
1987.415  571.800814582408
1987.497  560.536238501169
1987.582  540.623490561627
1987.667  517.94260641185
1987.749  519.87120089056
1987.834  490.798216757013
1987.916  490.026529156347
1988.001  455.018108708024
1988.086  462.476003910387
1988.165  465.332384453755
1988.25  459.463079555473
1988.332  467.245087067589
1988.416  458.32691175212
1988.498  426.503830441966
1988.583  418.644156570135
1988.668  426.182147580968
1988.75  415.842898859787
1988.834  408.079437130288
1988.916  377.176493981301
1989.001  351.387300138693
1989.086  348.672837814723
1989.163  275.67836613832
1989.248  286.903540655723
1989.33  263.109088062948
1989.415  275.083410154197
1989.497  314.284069251566
1989.582  290.577545334148
1989.667  269.769206475856
1989.749  236.102712842062
1989.834  225.925932584503
1989.916  245.179958557466
1990.001  268.406212192073
1990.086  277.293467569339
1990.163  262.358551066106
1990.248  235.145060999721
1990.33  229.760885021068
1990.415  239.436201805196
1990.497  270.805678290318
1990.582  265.38584717851
1990.667  283.967612394342
1990.749  311.635390816466
1990.834  328.619212383153
1990.916  326.524027432682
1991.001  361.377404040528
1991.086  358.972528539496
1991.163  260.606533430209
1991.248  272.461063492411
1991.33  278.438844065116
1991.415  166.23884737485
1991.497  174.28574580945
1991.582  229.236908591268
1991.667  277.484058269185
1991.749  288.240938255819
1991.834  286.94568602393
1991.916  307.985727675045
1992.001  315.708210724175
1992.086  305.40084457729
1992.165  334.849073240694
1992.25  375.466744925356
1992.332  361.221253693591
1992.416  395.901996675363
1992.498  426.946492397499
1992.583  420.825557129413
1992.668  407.036036193911
1992.75  427.16797455661
1992.834  420.110545284316
1992.916  447.475917576253
1993.001  436.397453931514
1993.086  434.81991701361
1993.163  417.873145546042
1993.248  442.50840127135
1993.33  449.009261359859
1993.415  457.300029413187
1993.497  457.791828309746
1993.582  458.669649256963
1993.667  470.148740094722
1993.749  471.222418377433
1993.834  479.732075250544
1993.916  472.540000391344
1994.001  475.228858843959
1994.086  454.358838408426
1994.163  450.104290220451
1994.248  448.630752821923
1994.33  458.562519960138
1994.415  460.40816401335
1994.497  471.946696693694
1994.582  482.590315780981
1994.667  495.564625455613
1994.749  493.05109569518
1994.834  491.34356146836
1994.916  488.463640418704
1995.001  503.309924776238
1995.086  511.34576893237
1995.163  500.462744548847
1995.248  510.218013227068
1995.33  514.812628958607
1995.415  506.054267666432
1995.497  503.333128792366
1995.582  507.407822906678
1995.667  515.546262716879
1995.749  521.973310402219
1995.834  521.805835844181
1995.916  521.662322187085
1996.001  515.830486609702
1996.086  529.241757238211
1996.165  533.126847439103
1996.25  534.297016600318
1996.332  526.705078377733
1996.416  521.662322187085
1996.498  521.208081238637
1996.583  518.370661447473
1996.668  514.85993357809
1996.75  504.93639835346
1996.834  501.040329911096
1996.916  509.936403080127
1997.001  538.777989916717
1997.086  549.980092241631
1997.163  550.280109548846
1997.248  544.107289162567
1997.33  550.905581515646
1997.415  545.024565291974
1997.497  540.278597702123
1997.582  549.880116625596
1997.667  542.968682907368
1997.749  534.76080129534
1997.834  529.968400377931
1997.916  530.42903977728
1998.001  516.897503187396
1998.086  518.037704012535
1998.163  525.548854729039
1998.248  466.592268840605
1998.33  443.173494646496
1998.415  444.214447175408
1998.497  467.179769817326
1998.582  445.361954520402
1998.667  472.759905288175
1998.749  493.461655773765
1998.834  476.799730850602
1998.916  455.614291396085
1999.001  425.118094242216
1999.086  423.55637351328
1999.163  430.583438156755
1999.248  437.815338938808
1999.33  430.725421956168
1999.415  457.129076225566
1999.497  467.11446044137
1999.582  421.342620372804
1999.667  390.474339012938
1999.749  380.635115279016
1999.834  374.247195702365
1999.916  362.907417810635
2000.001  374.372573254322
2000.086  358.989778095071
2000.165  332.508401647111
2000.25  341.99444928098
2000.332  307.476129861084
2000.416  284.190315853278
2000.498  262.526600219326
2000.583  289.810910385291
2000.668  305.564604144162
2000.75  339.345955544187
2000.834  299.237655295498
2000.916  314.161838554606
2001.001  335.22172950678
2001.086  368.732422371909
2001.163  387.028148797448
2001.248  297.80941997107
2001.33  330.93489381878
2001.415  345.527223108499
2001.497  352.115512193237
2001.582  322.104458155375
2001.667  321.948192134561
2001.749  309.835776305749
2001.834  337.286252917717
2001.916  340.445849318254
2002.001  298.931072916856
2002.086  341.301731886179
2002.163  321.245854182806
2002.248  319.597004022809
2002.33  318.435056174871
2002.415  326.745663647395
2002.497  304.152983042444
2002.582  279.849308722275
2002.667  301.259578220244
2002.749  312.668053945578
2002.834  288.297376487502
2002.916  297.562307287004
2003.001  346.394700922562
2003.086  341.483034476777
2003.163  349.362289159735
2003.248  339.575516565716
2003.33  329.527743538201
2003.415  295.678883312447
2003.497  326.01794654566
2003.582  339.641131374597
2003.667  351.201232505932
2003.749  322.573673176349
2003.834  255.617817672345
2003.916  344.09687478988
2004.001  334.185709350829
2004.086  381.563410915332
2004.165  411.14595176614
2004.25  420.905068961023
2004.332  438.597920470698
2004.416  435.823226087092
2004.498  413.78218852143
2004.583  426.684870706428
2004.668  439.815401952894
2004.75  481.382721081294
2004.834  437.095619615709
2004.916  452.385996590341
2005.001  375.125630187038
2005.086  431.720457662782
2005.163  442.549944101005
2005.248  453.212410531376
2005.33  415.587273230551
2005.415  439.505593400035
2005.497  423.156745373031
2005.582  412.374343929815
2005.667  366.16053512386
2005.749  448.798944576513
2005.834  476.844045266578
2005.916  480.110847739943
2006.001  489.641073827311
2006.086  519.108565765501
2006.163  535.640473768925
2006.248  538.999172275848
2006.33  539.564760100515
2006.415  537.207320060599
2006.497  524.274666757036
2006.582  525.934025717313
2006.667  526.608644959677
2006.749  549.055892891619
2006.834  547.012260274511
2006.916  516.992439079308
2007.001  566.811429734007
2007.086  562.31600581685
2007.163  573.40294040452
2007.248  587.908777470654
2007.33  586.036549997137
2007.415  585.483723805583
2007.497  579.900474946894
2007.582  574.853182818632
2007.667  578.20535056054
2007.749  583.906561207326
2007.834  580.370611284184
2007.916  588.014399742813
2008.001  581.809067938123
2008.086  577.918884533801
2008.165  578.648299149609
2008.25  585.825899434064
2008.332  579.195853879909
2008.416  575.916871466256
2008.498  582.463873216931
2008.583  592.198836329778
2008.668  593.421624739249
2008.75  599.485826592979
2008.834  608.11946369917
2008.916  621.063965207148
2009.001  630.392368319351
2009.086  648.040079411089
2009.163  653.050640910034
2009.248  658.236041554802
2009.33  661.71084709763
2009.415  653.424065152999
2009.497  654.459037758198
2009.582  647.868826581713
2009.667  648.239919424613
2009.749  653.136800861409
2009.834  654.545343499799
2009.916  660.290239886031
2010.001  653.050640910034
2010.086  623.579462671015
2010.163  601.016405845206
2010.248  576.566252554062
2010.33  586.800675405239
2010.415  575.112470608345
2010.497  576.436328415487
2010.582  570.794908486947
2010.667  568.813153995041
2010.749  579.691625354106
2010.834  566.939571415202
2010.916  562.978247722961
2011.001  583.093051847747
2011.086  585.483723805583
2011.163  555.350793225898
2011.248  508.03897108786
2011.33  536.178646194133
2011.415  477.708883404031
2011.497  500.716812404788
2011.582  506.66065516757
2011.667  502.776482805801
2011.749  494.855165130743
2011.834  518.370661447473
2011.916  549.655226604973
2012.001  535.053891241689
2012.086  509.819104315708
2012.165  454.869168760068
2012.25  524.635022530127
2012.332  517.633640771805
2012.416  491.457239985665
2012.498  430.056428803151
2012.583  446.909945354369
2012.668  476.06905339707
2012.75  472.056519365003
2012.834  480.44527166034
2012.916  492.526914853719
2013.001  514.31615181243
2013.086  515.783106786584
2013.163  482.83662513653
2013.248  484.923363498318
2013.33  431.496907183241
2013.415  434.043232077265
2013.497  449.767111332956
2013.582  459.355789879954
2013.667  461.118080430535
2013.749  486.38641327901
2013.834  476.799730850602
2013.916  458.562519960138
2014.001  457.257285925508
2014.086  426.725111035929
2014.163  439.774083135204
2014.248  449.70391473418
2014.33  466.896819384215
2014.415  430.928327121885
2014.497  444.506295354289
2014.582  464.833588680113
2014.667  437.05452404086
2014.749  435.14730579998
2014.834  424.877500710937
2014.916  392.880475698931
2015.001  425.057934642566
2015.086  429.287201429469
2015.163  402.541880822258
2015.248  419.396603045587
2015.33  440.001378566384
2015.415  429.550222308927
2015.497  458.091408357688
2015.582  458.198442363555
2015.667  455.507780563843
2015.749  459.205620758277
2015.834  466.505285878877
2015.916  481.159376772808
2016.001  510.030258522343
2016.086  534.443438594315
2016.165  526.247151555936
2016.25  518.227943338811
2016.332  525.885866391466
2016.416  532.201984163367
2016.498  525.958106768139
2016.583  541.363164434266
2016.668  542.869767442355
2016.75  561.85790691939
2016.834  578.987211686663
2016.916  583.670285789027
2017.001  597.449959337158
2017.086  605.545954366631
2017.163  614.167662631857
2017.248  589.918241248116
2017.33  587.354513771813
2017.415  591.322879104101
2017.497  571.387959337317
2017.582  551.281147534054
2017.667  546.962494595604
2017.749  568.658969219724
2017.834  594.619811965542
2017.916  601.877061464906
2018.001  610.565639143717
2018.086  615.262545753068
2018.163  610.02136187113
2018.248  614.085609446749
2018.33  610.483972672952
2018.415  613.047030328118
2018.497  613.812162353867
2018.582  614.851781280011
2018.667  617.594368038892
2018.749  620.622519282842
2018.834  619.547545885358
2018.916  621.754226865122
2019.001  621.97524001891
2019.086  626.380903247971
2019.163  627.771462823797
2019.248  623.884084123947
2019.33  613.402174936494
2019.415  624.105701584405
2019.497  608.988310008039
2019.582  599.190814734963
2019.667  616.441290066292
2019.749  643.371988736723
2019.834  612.446392456662
2019.916  610.320666076025
2020.001  619.244617689888
2020.165  635.351082381289
2020.25  640.623499553422
2020.332  631.873945215037
