1960.001  370.809058444602
1960.086  393.35654293195
1960.165  455.757408891238
1960.25  451.745467886152
1960.583  450.773334757882
1960.668  433.489216743363
1960.75  428.248834916802
1960.834  432.99511474993
1960.916  516.186669588229
1961.001  526.505477985798
1961.086  536.779423032014
1961.582  549.278859525007
1961.667  599.685753084095
1961.749  610.63310332506
1961.834  649.452764966231
1961.916  646.251606824696
1962.001  675.186745206251
1962.086  650.410344921196
1962.163  662.963593753161
1962.248  640.73589856234
1962.33  688.929973100842
1962.415  657.809482778782
1962.497  662.717641892356
1962.582  660.813268200539
1962.667  634.873223808364
1962.749  623.897025456925
1962.834  655.34793527806
1962.916  691.712302783956
1963.001  746.630573106283
1963.086  790.953037180517
1963.163  763.933119474579
1963.248  762.298863755017
1963.33  727.620458480087
1963.415  738.152965830618
1963.497  724.813403592503
1963.582  709.5664697318
1963.667  674.596695974235
1963.749  709.981145616186
1963.834  743.723541541257
1963.916  770.568214960967
1964.001  795.969393446301
1964.086  814.39241266332
1964.165  829.570572645025
1964.25  840.540346943348
1964.332  834.041708031176
1964.416  828.104680418693
1964.498  819.820225537861
1964.583  842.218892689728
1964.668  847.003251040785
1964.75  860.835108720208
1964.834  857.405587049545
1964.916  899.309066068559
1965.001  917.11259555612
1965.086  919.718216225012
1965.163  934.584864823777
1965.248  943.651906985653
1965.33  961.351411467815
1965.415  896.922751709741
1965.497  885.740431827149
1965.582  874.901535468241
1965.667  881.505182601516
1965.749  883.552794103978
1965.834  919.718216225012
1965.916  929.310530720272
1966.001  880.533823044322
1966.086  873.58572353866
1966.163  846.471248518935
1966.248  817.08776369061
1966.33  843.829900850189
1966.415  803.99742132718
1966.497  771.165090509502
1966.582  763.850544605179
1966.667  635.713075420468
1966.749  710.651267390462
1966.834  735.488699897641
1966.916  705.442427288004
1967.001  667.291519054028
1967.086  656.524537444316
1967.163  687.705765599243
1967.248  687.721453175717
1967.33  649.209700473271
1967.415  643.724536017609
1967.497  645.267327210073
1967.582  604.518123969424
1967.667  633.105705401826
1967.749  637.169382995532
1967.834  614.182374434217
1967.916  609.930632505353
1968.001  625.886809909815
1968.086  601.670886026222
1968.165  596.059525713249
1968.25  621.422611439597
1968.332  593.884741309969
1968.416  544.537908102566
1968.498  550.07174079261
1968.583  565.910684644023
1968.668  546.632458438323
1968.75  491.962233493504
1968.834  438.929893680002
1968.916  458.319010663855
1969.001  532.808485153232
1969.086  545.611699121223
1969.163  525.484358051823
1969.248  518.309793059654
1969.33  440.941416580542
1969.415  420.04307960214
1969.497  453.825464388718
1969.582  499.372975172668
1969.667  527.488121440164
1969.749  526.956803725548
1969.834  529.910340906623
1969.916  536.389476461115
1970.001  552.125897272391
1970.086  577.57377148524
1970.163  547.300057705624
1970.248  510.633088504749
1970.33  526.98336072158
1970.415  465.850292875027
1970.497  463.377991968568
1970.582  504.079244912844
1970.667  545.802141995205
1970.749  559.688301909193
1970.834  529.430606305753
1970.916  604.940116704298
1971.001  596.102784644973
1971.086  632.851305693946
1971.163  650.973114535925
1971.248  659.54030514148
1971.33  681.586712489342
1971.415  742.2556990811
1971.497  745.976850484564
1971.582  752.591514723679
1971.667  752.427464110484
1971.749  784.762928245093
1971.834  790.986549958997
1971.916  780.624899237245
1972.001  772.193504041018
1972.086  772.127137204567
1972.165  817.206499597801
1972.25  839.769936546918
1972.332  817.664538034209
1972.416  743.005760806914
1972.498  792.059255216046
1972.583  636.808874945766
1972.668  776.179923377277
1972.75  795.23042244084
1972.834  787.83881656862
1972.916  801.654850533032
1973.001  770.999271981971
1973.086  768.679412593207
1973.163  738.917346469371
1973.248  708.801239012672
1973.33  657.717653302172
1973.415  733.05588840044
1973.497  760.352970622178
1973.582  772.226688367184
1973.667  819.158031072947
1973.749  792.948023083456
1973.834  802.648864229636
1973.916  815.307459242292
1974.001  802.042291989609
1974.086  821.502017804196
1974.163  780.358237570543
1974.248  798.860645485815
1974.33  726.409871031362
1974.415  690.972908594336
1974.497  635.863118547801
1974.582  687.862650009937
1974.667  660.521743801501
1974.749  677.954444097996
1974.834  702.821592421367
1974.916  755.218520775244
1975.001  722.365617441835
1975.086  754.544957428974
1975.163  770.617947060974
1975.248  786.601191655945
1975.33  792.864160312203
1975.415  797.011122575679
1975.497  784.595899693776
1975.582  760.287046564469
1975.667  778.85896658408
1975.749  775.165889443393
1975.834  732.796616201124
1975.916  757.076322089267
1976.001  754.134380769815
1976.086  772.707929067665
1976.165  764.709513562601
1976.25  742.174191940956
1976.332  761.14425608908
1976.416  791.03682018059
1976.498  811.784862515901
1976.583  809.704385005356
1976.668  837.511350678043
1976.75  814.47712376305
1976.834  821.841918959159
1976.916  836.297304582147
1977.001  872.374229912464
1977.086  868.223789585498
1977.163  863.198329172359
1977.248  866.133224710931
1977.33  866.133224710931
1977.415  844.944448720632
1977.497  798.776540509474
1977.582  806.629545285604
1977.667  807.288076189073
1977.749  836.451166595833
1977.834  882.372679891147
1977.916  861.369697033033
1978.001  772.176912104905
1978.086  759.842125258183
1978.163  744.817144708656
1978.248  688.804359642102
1978.33  619.249500416771
1978.415  674.06899873219
1978.497  671.480394045884
1978.582  743.641959302456
1978.667  757.142122377205
1978.749  707.335726954306
1978.834  734.466449941936
1978.916  741.603759112101
1979.001  667.615594413886
1979.086  645.20678482419
1979.163  609.989152528977
1979.248  548.691535459188
1979.33  551.536508246613
1979.415  493.189664904
1979.497  490.951593967353
1979.582  432.58178297932
1979.667  453.944540288245
1979.749  513.222053209852
1979.834  512.596726359033
1979.916  581.382701183922
1980.001  547.504535885303
1980.086  529.31071997383
1980.165  561.322776177305
1980.25  522.851790679587
1980.332  521.176561439627
1980.416  453.825464388718
1980.498  444.200323659618
1980.583  461.904171474314
1980.668  462.169681735648
1980.75  427.543231844883
1980.834  394.828326819107
1980.916  392.367170169401
1981.001  397.312556801138
1981.086  367.058057326141
1981.163  363.068682323327
1981.248  354.178878651069
1981.33  331.102587264712
1981.415  381.200025550648
1981.497  386.903472008286
1981.582  388.229376569116
1981.667  418.743427365239
1981.749  345.556139691878
1981.834  366.092522347183
1981.916  415.163404331119
1982.001  472.638599450164
1982.086  391.899775690391
1982.163  459.159272074719
1982.248  485.25742170822
1982.33  498.389593099191
1982.415  381.813037390998
1982.497  313.331647371742
1982.582  316.138147636051
1982.667  280.64500747614
1982.749  299.523255638975
1982.834  329.810836846891
1982.916  303.276884973811
1983.001  361.395445921358
1983.086  388.387465692934
1983.163  444.235465606841
1983.248  444.493238207583
1983.33  386.430819596435
1983.415  426.861250812605
1983.497  472.30725878604
1983.582  488.70835490532
1983.667  514.36989356855
1983.749  503.16628708449
1983.834  514.278521402356
1983.916  518.112948574827
1984.001  543.031607750152
1984.086  526.425860346459
1984.165  490.270268403087
1984.25  469.284125918368
1984.332  406.586508528131
1984.416  466.627949124617
1984.498  483.644790963193
1984.583  520.031146789435
1984.668  534.174542870162
1984.75  534.898731921181
1984.834  537.088830216453
1984.916  536.618042082615
1985.001  548.036422710881
1985.086  614.843767330667
1985.163  623.763521123505
1985.248  642.923745054589
1985.33  650.775352534477
1985.415  709.247572367377
1985.497  691.649359225757
1985.582  701.901529120157
1985.667  740.496076747476
1985.749  735.715958586914
1985.834  741.457109548606
1985.916  755.103503034697
1986.001  733.542142298251
1986.086  660.107598096414
1986.163  716.183983479033
1986.248  814.358529106848
1986.33  835.835772990053
1986.415  822.776897384999
1986.497  851.726993100826
1986.582  830.150349344075
1986.667  845.561929894811
1986.749  865.33881375179
1986.834  808.639530054496
1986.916  878.973240546272
1987.001  882.476792922787
1987.086  916.168560945944
1987.163  901.225988672618
1987.248  913.896524078181
1987.33  876.477691405846
1987.415  808.893020311502
1987.497  797.902050341975
1987.582  747.546228199987
1987.667  728.040358005212
1987.749  702.837461066217
1987.834  675.979100693646
1987.916  679.18479704689
1988.001  582.390752653265
1988.086  617.611669474703
1988.165  634.10893511918
1988.25  607.052849825951
1988.332  612.582157806841
1988.416  631.610115932118
1988.498  565.924625220425
1988.583  558.761674214499
1988.668  558.001779716012
1988.75  539.636011240985
1988.834  533.584965504049
1988.916  482.721495014279
1989.001  432.444073565897
1989.086  431.756035256163
1989.163  329.516176746979
1989.248  343.082656185285
1989.33  303.826223559872
1989.415  308.216977315664
1989.497  356.994016029792
1989.582  352.432412733295
1989.667  317.812663344694
1989.749  293.525705633344
1989.834  269.821643028104
1989.916  293.517367362096
1990.001  308.173497601945
1990.086  316.511588654743
1990.163  302.642776614998
1990.248  282.00313866159
1990.33  266.485205949975
1990.415  265.628141014117
1990.497  307.018864481298
1990.582  295.432189001669
1990.667  331.435439644233
1990.749  355.432134752069
1990.834  412.657351011489
1990.916  417.179080215531
1991.001  447.18320980806
1991.086  457.94726571471
1991.163  327.670416226969
1991.248  342.968413555316
1991.33  345.431634708377
1991.415  179.600275582269
1991.497  187.467763440198
1991.582  256.915856689885
1991.667  330.548458944519
1991.749  354.932351763969
1991.834  365.781179943423
1991.916  390.66969509157
1992.001  391.125311211766
1992.086  370.626348975584
1992.165  416.74411521402
1992.25  487.928762997171
1992.332  464.467497235284
1992.416  528.884610773722
1992.498  571.126333732018
1992.583  563.794372772753
1992.668  536.65838417705
1992.75  576.994663104977
1992.834  565.297525300043
1992.916  607.811642645143
1993.001  592.332376195469
1993.086  587.790918665598
1993.163  558.913736444505
1993.248  609.608834838261
1993.33  627.284921661807
1993.415  647.267089558184
1993.497  656.631561289248
1993.582  648.359391225467
1993.667  667.816256694218
1993.749  668.155915974266
1993.834  670.690964477312
1993.916  672.487278151056
1994.001  666.81328339578
1994.086  627.418882435338
1994.163  632.596967196983
1994.248  629.221588080192
1994.33  644.798210723371
1994.415  646.327356973011
1994.497  664.255687611338
1994.582  688.42759289432
1994.667  717.321981335094
1994.749  724.023869761565
1994.834  722.204721908106
1994.916  712.743472678071
1995.001  722.510438550584
1995.086  748.920677862264
1995.163  697.263224476982
1995.248  719.970110408319
1995.33  729.818157695955
1995.415  740.626352019991
1995.497  747.578939719624
1995.582  757.668616515965
1995.667  773.47153682069
1995.749  760.583724703463
1995.834  770.137260841686
1995.916  781.775306935231
1996.001  773.620975639988
1996.086  797.26323298422
1996.165  773.571161345223
1996.25  785.26410035858
1996.332  778.825663000752
1996.416  787.905737458101
1996.498  788.223642772022
1996.583  788.524863563021
1996.668  762.892961260376
1996.75  755.136364443422
1996.834  744.539592686026
1996.916  760.633176028206
1997.001  764.494731868692
1997.086  793.115759076537
1997.163  800.088964143736
1997.248  788.708965583061
1997.33  773.604370724536
1997.415  791.170880285688
1997.497  777.843473181437
1997.582  795.06251171338
1997.667  775.564787287281
1997.749  777.394168352826
1997.834  758.27757861213
1997.916  766.891858016374
1998.001  774.33512927148
1998.086  770.717415369974
1998.163  773.604370724536
1998.248  695.084216194782
1998.33  635.923141703257
1998.415  657.687045105181
1998.497  685.198232682728
1998.582  636.83891265163
1998.667  685.793324945179
1998.749  713.23903073759
1998.834  713.318975766341
1998.916  679.075729104363
1999.001  602.614185634482
1999.086  615.181982345502
1999.163  624.208603126164
1999.248  639.86199137823
1999.33  640.811268369421
1999.415  642.13863284605
1999.497  654.554032237803
1999.582  598.008153209165
1999.667  530.990850702484
1999.749  487.95389691933
1999.834  477.641814397796
1999.916  461.819714986369
2000.001  524.95445393362
2000.086  485.382596444788
2000.165  453.456479541981
2000.25  447.972576527931
2000.332  426.259538218555
2000.416  378.590704708478
2000.498  332.992477321094
2000.583  371.947570097188
2000.668  409.822046899234
2000.75  450.015702206523
2000.834  388.840941597942
2000.916  407.352428045841
2001.001  431.824800933493
2001.086  498.006836447321
2001.163  528.911235586857
2001.248  394.518673583582
2001.33  468.783709720534
2001.415  481.052882071546
2001.497  483.544912650215
2001.582  440.080131651354
2001.667  448.456145434016
2001.749  428.032505644656
2001.834  474.851952857915
2001.916  493.709145315046
2002.001  424.673283673157
2002.086  508.648918574791
2002.163  479.897315687302
2002.248  470.555261463983
2002.33  466.579317168725
2002.415  479.190078251489
2002.497  433.638682181645
2002.582  391.899775690391
2002.667  428.032505644656
2002.749  452.600360215058
2002.834  405.123502471368
2002.916  430.348206904659
2003.001  417.62556811352
2003.086  443.872434709956
2003.163  457.336180575582
2003.248  401.982432089016
2003.33  413.620657162004
2003.415  370.910595478742
2003.497  409.569055282842
2003.582  400.176196269531
2003.667  458.558966915622
2003.749  423.768919743358
2003.834  304.273190433557
2003.916  404.295595005197
2004.001  387.797530522557
2004.086  455.363360674848
2004.165  497.688035030349
2004.25  514.043617321503
2004.332  546.632458438323
2004.416  551.72835552372
2004.498  528.472045738643
2004.583  519.452532883453
2004.668  568.871188107644
2004.75  633.0009451693
2004.834  584.324834146425
2004.916  561.489172652099
2005.001  459.651964213585
2005.086  545.530094641926
2005.163  557.808462933069
2005.248  580.177372193458
2005.33  531.391428344542
2005.415  557.173596219315
2005.497  558.637280319854
2005.582  533.384076402023
2005.667  471.228532991486
2005.749  593.3382427565
2005.834  612.582157806841
2005.916  619.500574346109
2006.001  683.977601806876
2006.086  701.568557121031
2006.163  775.298845820133
2006.248  789.127443081943
2006.33  826.520448706174
2006.415  818.699698469541
2006.497  795.213630746944
2006.582  808.470552774876
2006.667  821.67196230315
2006.749  816.358519957076
2006.834  807.152976705128
2006.916  731.241908475887
2007.001  825.158487920537
2007.086  815.799024454924
2007.163  821.603983044109
2007.248  855.941886706246
2007.33  860.95581424088
2007.415  878.175864919758
2007.497  878.921232495311
2007.582  857.491709070502
2007.667  899.309066068559
2007.749  875.213247131211
2007.834  862.732445381422
2007.916  855.649231788767
2008.001  858.43921167125
2008.086  860.473020113331
2008.165  876.217837519188
2008.25  838.246890728932
2008.332  869.001608700518
2008.416  880.360392541982
2008.498  877.742581685563
2008.583  898.821249714961
2008.668  928.084476835948
2008.75  906.911593764785
2008.834  909.529856668432
2008.916  891.440886131375
2009.001  905.690200408745
2009.086  907.574760226176
2009.163  906.789441021062
2009.248  909.128303257362
2009.33  990.472270427492
2009.415  971.631437129577
2009.497  978.415790492449
2009.582  979.681288968984
2009.667  994.109496684148
2009.749  957.310925723119
2009.834  913.267507367901
2009.916  943.143077102543
2010.001  924.845227512848
2010.086  871.439939185989
2010.163  840.197914982223
2010.248  797.414514003427
2010.33  865.494226734853
2010.415  849.92246371153
2010.497  828.650027642454
2010.582  1096.63714415599
2010.667  1140.77150751146
2010.749  1088.27229922219
2010.834  1057.62154236034
2010.916  1077.44256596631
2011.001  1081.61001022814
2011.086  1109.84872282526
2011.163  1050.23529640201
2011.248  929.871081916952
2011.33  1055.28864775963
2011.415  946.07357856016
2011.497  965.955008036511
2011.582  995.040671576362
2011.667  1013.77449439162
2011.749  909.058471046631
2011.834  991.667168657493
2011.916  1141.05724985979
2012.001  1073.26941564168
2012.086  1010.28282937829
2012.165  920.242974154383
2012.25  1041.45669046868
2012.332  1028.81216207175
2012.416  994.320332442928
2012.498  886.192001726702
2012.583  889.31965969949
2012.668  954.149481349134
2012.75  940.195893329858
2012.834  965.357546403537
2012.916  971.297507409153
2013.001  1002.94486236499
2013.086  1006.22820742532
2013.163  964.109949387289
2013.248  970.55935503073
2013.33  858.887223969539
2013.415  851.641037661498
2013.497  890.015023457198
2013.582  883.535436845731
2013.667  903.980756349885
2013.749  970.55935503073
2013.834  944.897769814027
2013.916  909.337805521288
2014.001  904.852847184112
2014.086  846.162390141487
2014.163  883.587508855755
2014.248  908.377656394379
2014.33  905.725093207829
2014.415  865.304278542898
2014.497  892.536697351703
2014.582  946.722960436399
2014.667  885.42783690584
2014.749  886.782594150383
2014.834  886.747850982522
2014.916  816.697674398224
2015.001  856.716698721147
2015.086  859.145722263138
2015.163  801.486419847801
2015.248  849.92246371153
2015.33  868.431190297397
2015.415  852.397532443013
2015.497  919.893130532857
2015.582  914.473185249226
2015.667  906.911593764785
2015.749  942.704451398909
2015.834  961.579812212507
2015.916  1028.8997009217
2016.001  1010.51096586048
2016.086  1083.23388351348
2016.165  1073.84117053594
2016.25  1071.65755903176
2016.332  1066.74782489883
2016.416  1077.77133024234
2016.498  1071.93492482831
2016.583  1095.03857339706
2016.668  1100.98068825724
2016.75  1122.2336457609
2016.834  1152.41235771956
2016.916  1166.34677562059
2017.001  1175.66843652283
2017.086  1196.13943082386
2017.163  1223.54609495984
2017.248  1198.39519963601
2017.33  1176.53790749776
2017.415  1197.83169499546
2017.497  1165.56978902992
2017.582  1128.30417300155
2017.667  1088.16886285011
2017.749  1152.29554112133
2017.834  1195.96199473143
2017.916  1201.4169863435
2018.001  1206.60450337177
2018.086  1124.49115607752
2018.163  1166.56160901981
2018.248  1219.99283474201
2018.33  1209.140683175
2018.415  1233.43930375338
2018.497  1227.194888729
2018.582  1227.24177164809
2018.667  1230.19035815564
2018.749  1239.45315150401
2018.834  1222.32130394649
2018.916  1223.87556451557
2019.001  1216.85278330948
2019.086  1228.69390569856
2019.163  1237.74157742409
2019.248  1255.68781055141
2019.33  1205.597851046
2019.415  1238.72886916607
2019.497  1237.60264407669
2019.582  1230.76642735991
2019.667  1251.19517382568
2019.749  1258.6825560627
2019.834  1376.42832586782
2019.916  1261.97865622754
2019.916  1261.97865622754
