1964.25  537.896829158917
1964.332  541.322567289437
1964.416  542.318430367446
1964.498  553.098471535527
1964.583  554.116514407589
1964.668  562.729490676442
1964.75  557.248765097882
1964.834  555.269270243428
1964.916  569.484943183453
1965.001  567.425073640287
1965.086  554.884988943573
1965.163  575.897506279284
1965.248  595.365119067225
1965.33  603.921824466448
1965.415  569.581207938218
1965.497  556.84511972003
1965.582  550.832684773911
1965.667  556.230098434898
1965.749  568.29132646587
1965.834  584.429962057848
1965.916  568.137320733486
1966.001  541.11194197962
1966.086  526.119748137787
1966.163  536.959713299527
1966.248  532.641394146286
1966.33  544.751844730685
1966.415  516.446704143022
1966.497  503.294332983976
1966.582  494.861604495699
1966.667  423.149528927081
1966.749  459.378267798471
1966.834  477.137049222849
1966.916  457.338903640695
1967.001  417.638641376924
1967.086  400.323347717711
1967.163  433.123720684708
1967.248  456.266124437941
1967.33  423.219741645796
1967.415  410.313653878656
1967.497  425.188046770073
1967.582  406.143626938171
1967.667  422.237292317405
1967.749  431.615978719704
1967.834  414.280269701218
1967.916  412.389751421086
1968.001  397.923007727358
1968.086  377.244111100715
1968.165  386.626509875619
1968.25  425.6808292072
1968.332  406.865731710683
1968.416  384.539282596538
1968.498  389.945863392973
1968.583  394.988747151092
1968.668  381.329360902039
1968.75  356.238306813982
1968.834  310.951999415469
1968.916  318.777968731731
1969.001  348.347519231853
1969.086  337.713883533799
1969.163  341.14181191713
1969.248  363.54585620246
1969.33  326.661947011578
1969.415  312.249461720762
1969.497  327.370043916722
1969.582  351.970711087358
1969.667  364.691874516655
1969.749  372.088051676341
1969.834  369.428141900673
1969.916  373.168316353156
1970.001  353.775342610775
1970.086  353.23651143056
1970.163  354.505170436549
1970.248  356.748120186414
1970.33  366.958068810773
1970.415  329.697380283621
1970.497  327.400198481654
1970.582  350.991686337921
1970.667  374.726513612512
1970.749  385.857658073279
1970.834  354.425795628032
1970.916  394.007697752283
1971.001  385.774139943168
1971.086  412.372428005048
1971.163  398.739257802984
1971.248  437.50135269381
1971.33  450.285651060931
1971.415  487.778801288156
1971.497  491.231912968614
1971.582  508.215573083677
1971.667  509.21655093073
1971.749  529.37849471636
1971.834  517.167370490234
1971.916  500.397153846164
1972.001  479.35875337197
1972.086  449.779787861193
1972.165  530.713696519732
1972.25  548.011705834265
1972.332  536.88322691317
1972.416  492.484486935379
1972.498  519.805599721437
1972.583  438.518628698943
1972.668  517.015630423712
1972.75  518.970123084378
1972.834  455.285191190733
1972.916  519.254908231608
1973.001  522.732277658322
1973.086  512.639015149766
1973.163  504.59401634765
1973.248  470.237444015275
1973.33  448.606424066297
1973.415  490.409897268596
1973.497  506.234124882189
1973.582  521.211443765447
1973.667  556.729797912312
1973.749  548.472142179881
1973.834  557.767780633501
1973.916  557.671663046772
1974.001  550.659917646824
1974.086  559.190506772581
1974.163  539.102113723301
1974.248  528.329894963699
1974.33  496.229632117518
1974.415  475.140766478542
1974.497  439.054478040263
1974.582  471.028770128084
1974.667  455.466777999611
1974.749  457.502641020063
1974.834  468.601221587784
1974.916  503.237847185515
1975.001  507.83798732987
1975.086  525.605604981386
1975.163  530.160458136256
1975.248  543.008045197992
1975.33  545.997931020124
1975.415  553.4057824958
1975.497  548.625632638811
1975.582  535.277470031128
1975.667  542.203508077301
1975.749  540.173866152128
1975.834  519.634680439703
1975.916  542.854785510474
1976.001  539.063843550807
1976.086  538.642902510584
1976.165  539.503978576306
1976.25  524.729912638019
1976.332  537.762937734924
1976.416  546.995098114633
1976.498  555.538284300697
1976.583  558.036918478951
1976.668  561.863806832372
1976.75  559.190506772581
1976.834  563.325910556541
1976.916  555.74966228303
1977.001  544.598509513786
1977.086  546.323899232531
1977.163  550.87107839851
1977.248  545.020196923523
1977.33  545.326909239173
1977.415  543.812769145035
1977.497  515.631517633384
1977.582  520.033513052267
1977.667  523.493077766654
1977.749  539.92503440943
1977.834  560.017380337743
1977.916  550.429572178215
1978.001  515.517796568313
1978.086  505.668398272114
1978.163  501.431289000061
1978.248  466.416954148087
1978.33  426.614365479708
1978.415  456.393347829381
1978.497  458.704130954528
1978.582  505.008612277217
1978.667  507.592598513954
1978.749  477.544078810082
1978.834  490.279164013659
1978.916  492.615412922328
1979.001  464.694426915861
1979.086  456.484230844408
1979.163  434.011798907993
1979.248  397.990993508334
1979.33  410.607434366251
1979.415  371.368913083831
1979.497  373.053654386334
1979.582  336.714481473796
1979.667  350.723545121555
1979.749  378.333198000266
1979.834  380.168990101231
1979.916  411.402922168167
1980.001  403.827217059259
1980.086  392.403742995648
1980.165  415.74023339992
1980.25  386.509454288617
1980.332  387.329267965935
1980.416  341.250265885519
1980.498  341.374240635322
1980.583  346.450965112341
1980.668  345.481740545784
1980.75  317.919880535484
1980.834  295.380490693666
1980.916  293.363714546948
1981.001  338.329863025762
1981.086  316.591492668296
1981.163  309.890582992795
1981.248  295.914346188902
1981.33  279.523962629309
1981.415  316.562016182612
1981.497  321.168171457506
1981.582  322.778338563628
1981.667  343.657464288764
1981.749  298.792080432299
1981.834  304.535260016208
1981.916  332.690576345543
1982.001  363.981406428628
1982.086  312.497717068393
1982.163  360.040899520649
1982.248  372.333402461583
1982.33  387.697669486992
1982.415  312.439291772849
1982.497  263.411629475475
1982.582  257.437747694042
1982.667  231.36507710563
1982.749  260.239013194482
1982.834  273.861182282684
1982.916  253.103873812371
1983.001  285.039804567095
1983.086  316.282083392645
1983.163  346.013035414594
1983.248  347.719828087145
1983.33  305.857180044904
1983.415  331.959616078769
1983.497  360.923208091306
1983.582  362.128500218828
1983.667  373.233846890507
1983.749  381.428916873701
1983.834  389.576251933353
1983.916  390.063508546876
1984.001  404.855856440042
1984.086  397.94000357449
1984.165  373.512428022982
1984.25  356.588754683732
1984.332  323.136893980044
1984.416  350.534347046183
1984.498  359.448096433136
1984.583  381.611475315751
1984.668  388.770514835196
1984.75  388.770514835196
1984.834  383.622956012844
1984.916  390.938070442573
1985.001  395.784728954089
1985.086  421.48368636258
1985.163  426.561496970994
1985.248  434.153971606355
1985.33  440.807026480286
1985.415  462.206794608937
1985.497  454.903959033201
1985.582  455.448617935816
1985.667  480.118695638078
1985.749  492.989549417681
1985.834  514.702982649322
1985.916  500.453544668028
1986.001  494.711756481623
1986.086  458.868072320765
1986.163  489.8683633963
1986.248  530.274911629551
1986.33  536.271406573043
1986.415  539.312607986478
1986.497  541.380012878553
1986.582  543.889419124306
1986.667  549.892147466027
1986.749  560.363545777325
1986.834  530.923576112356
1986.916  564.865271513009
1987.001  591.727681446049
1987.086  598.635410326399
1987.163  601.538770331369
1987.248  594.980280314613
1987.33  581.463885030223
1987.415  546.573187943722
1987.497  531.457890282573
1987.582  513.774877377152
1987.667  498.0117156778
1987.749  499.250957926766
1987.834  484.910610073489
1987.916  487.685587458223
1988.001  435.185382984123
1988.086  453.797342431089
1988.165  461.220563064136
1988.25  451.750436890436
1988.332  456.411523821636
1988.416  448.913173699547
1988.498  416.488617842649
1988.583  417.481724622632
1988.668  415.931614846717
1988.75  409.156888851923
1988.834  402.560500501836
1988.916  359.127913800289
1989.001  339.394149545103
1989.086  334.583810922418
1989.163  270.923539095914
1989.248  283.224193750536
1989.33  260.661197069651
1989.415  269.870717160586
1989.497  309.1215447831
1989.582  290.787254620172
1989.667  275.539000087064
1989.749  250.697055454167
1989.834  225.087192111805
1989.916  242.830384271996
1990.001  264.367809855664
1990.086  269.188027048351
1990.163  254.445865789373
1990.248  232.897488478841
1990.33  229.006275677159
1990.415  226.953786182257
1990.497  256.159450605155
1990.582  250.200449946466
1990.667  271.76800443149
1990.749  293.82501788488
1990.834  312.658425568443
1990.916  316.26735479135
1991.001  349.227497980205
1991.086  358.360196300162
1991.163  264.717338853442
1991.248  275.298845971793
1991.33  282.380714290043
1991.415  166.558016094824
1991.497  172.788968152429
1991.582  225.395529422588
1991.667  276.059866730409
1991.749  290.038291439684
1991.834  294.048867321421
1991.916  317.225691985883
1992.001  313.257932977419
1992.086  303.317492690936
1992.165  336.238526502722
1992.25  381.661272774575
1992.332  368.419404371804
1992.416  406.74533349335
1992.498  428.943752161045
1992.583  419.786175100748
1992.668  409.950900947145
1992.75  439.143815745285
1992.834  427.972422061594
1992.916  455.575744832126
1993.001  448.498181550324
1993.086  449.74366429812
1993.163  425.575209273605
1993.248  453.942406856731
1993.33  465.133979161779
1993.415  475.011485277504
1993.497  478.562209535997
1993.582  481.064594492202
1993.667  493.756816340251
1993.749  494.655567204406
1993.834  502.654269599369
1993.916  498.518564072417
1994.001  501.920375124729
1994.086  469.667272237931
1994.163  471.433832739787
1994.248  465.427106368821
1994.33  485.822586243842
1994.415  487.834732483675
1994.497  498.0117156778
1994.582  514.399880352753
1994.667  524.063842959986
1994.749  513.32045363224
1994.834  511.012103631359
1994.916  506.781164507757
1995.001  521.838662859548
1995.086  527.796230032966
1995.163  517.755467555441
1995.248  526.024528141125
1995.33  532.106844251906
1995.415  533.080567073457
1995.497  534.513136052001
1995.582  537.28480220674
1995.667  533.156952140101
1995.749  524.444430990897
1995.834  526.595904402736
1995.916  541.686406087949
1996.001  544.004397197641
1996.086  551.869429722209
1996.165  569.311668570795
1996.25  576.340488205858
1996.332  576.37900864141
1996.416  578.13172429359
1996.498  579.017730584721
1996.583  571.699212990416
1996.668  570.081796804499
1996.75  560.517403074133
1996.834  558.209942306863
1996.916  561.883043101861
1997.001  576.147886656229
1997.086  582.215054806078
1997.163  584.468480758362
1997.248  579.345169169613
1997.33  584.352924484177
1997.415  581.521667650811
1997.497  580.654924072441
1997.582  591.111675960537
1997.667  589.494494649827
1997.749  577.881332838522
1997.834  562.094645554411
1997.916  571.468142272466
1998.001  574.010095751447
1998.086  577.419074293309
1998.163  579.460735826245
1998.248  530.389370152355
1998.33  495.81722420013
1998.415  504.499803701447
1998.497  527.948694085636
1998.582  501.958003009838
1998.667  527.281733039307
1998.749  544.368518886799
1998.834  529.016202175351
1998.916  513.85062483469
1999.001  486.288107783541
1999.086  485.934297432063
1999.163  490.690078819717
1999.248  506.290707431641
1999.33  499.401233192788
1999.415  515.100873914432
1999.497  529.245012533805
1999.582  484.333952382356
1999.667  446.893940974847
1999.749  429.880772976054
1999.834  422.938925597581
1999.916  397.311422988574
2000.001  415.322830992369
2000.086  400.357451816655
2000.165  377.672925394898
2000.25  383.273417936878
2000.332  350.597405890074
2000.416  322.733538059131
2000.498  298.127314090428
2000.583  318.733546135263
2000.668  334.53792321085
2000.75  364.740346301671
2000.834  328.607904859867
2000.916  340.940456692044
2001.001  360.521993627563
2001.086  399.7949366571
2001.163  418.458583512564
2001.248  339.332392298163
2001.33  378.94455177972
2001.415  391.156883251125
2001.497  399.709744718159
2001.582  371.303578081135
2001.667  371.287245404924
2001.749  348.363220751908
2001.834  370.634290986461
2001.916  385.056311366036
2002.001  339.070005635816
2002.086  385.957893482744
2002.163  368.126856478159
2002.248  369.004920671341
2002.33  371.810104142052
2002.415  385.540344227716
2002.497  358.296265812169
2002.582  326.120269880012
2002.667  350.7550844171
2002.749  362.772332313561
2002.834  337.313890137521
2002.916  344.483076603132
2003.001  358.568019248087
2003.086  358.040614635622
2003.163  367.931902485902
2003.248  361.726461618806
2003.33  348.661635238402
2003.415  318.629909834771
2003.497  342.895297383409
2003.582  355.808505490232
2003.667  369.314169002738
2003.749  345.966135409842
2003.834  267.748142609372
2003.916  356.079083375284
2004.001  344.186955773436
2004.086  389.408312197808
2004.165  423.764086790139
2004.25  442.437262743766
2004.332  460.600045258003
2004.416  459.79753278933
2004.498  433.922952189591
2004.583  444.91470854445
2004.668  456.7751077571
2004.75  500.848334004222
2004.834  451.35238923597
2004.916  465.427106368821
2005.001  399.641598302705
2005.086  451.008743420126
2005.163  464.566255560193
2005.248  481.175920575715
2005.33  438.357933106695
2005.415  473.147613834851
2005.497  460.691276346717
2005.582  444.968635408593
2005.667  395.75083930283
2005.749  481.175920575715
2005.834  504.160680330421
2005.916  503.557957905397
2006.001  511.465986867529
2006.086  535.105477108641
2006.163  558.786725371916
2006.248  561.69068280279
2006.33  570.543896284159
2006.415  569.465690324708
2006.497  563.826169955114
2006.582  565.327136492964
2006.667  563.845411347486
2006.749  580.577879844731
2006.834  574.761191206778
2006.916  548.126809969601
2007.001  590.668899568251
2007.086  581.98392671135
2007.163  594.114324271436
2007.248  613.958567381722
2007.33  614.016061667043
2007.415  615.280682459993
2007.497  612.214112624193
2007.582  609.778115886944
2007.667  614.361006533842
2007.749  615.778730820516
2007.834  612.885161251878
2007.916  620.46787362589
2008.001  612.386680254914
2008.086  607.225378460957
2008.165  607.551757455685
2008.25  610.487981044325
2008.332  607.666943957181
2008.416  609.125691657388
2008.498  614.246028893678
2008.583  615.60633827438
2008.668  623.010155053007
2008.75  629.211719732538
2008.834  637.352207668767
2008.916  636.839650104768
2009.001  641.73159676585
2009.086  641.277094098466
2009.163  654.818998515307
2009.248  667.003042421244
2009.33  669.269275817717
2009.415  665.514550441119
2009.497  662.718568647315
2009.582  662.28927984047
2009.667  666.96585342027
2009.749  672.992884882905
2009.834  671.716076013389
2009.916  674.655967661226
2010.001  664.452846137104
2010.086  635.149139852433
2010.163  615.472248722134
2010.248  597.80836896653
2010.33  607.225378460957
2010.415  600.88516265991
2010.497  597.616018574123
2010.582  590.63039641479
2010.667  590.611144787337
2010.749  598.96235019092
2010.834  589.66777490839
2010.916  576.417529117752
2011.001  584.198848659629
2011.086  575.069339759812
2011.163  568.233574057142
2011.248  528.673025265362
2011.33  552.407095270936
2011.415  499.683036441999
2011.497  516.901832650525
2011.582  521.857672248915
2011.667  519.539731118446
2011.749  508.555466844271
2011.834  533.080567073457
2011.916  561.132868440537
2012.001  531.877783761641
2012.086  508.81987209237
2012.165  459.360042479977
2012.25  523.531124395424
2012.332  529.836200645107
2012.416  502.315509644636
2012.498  445.75989975029
2012.583  455.32150609337
2012.668  483.738943762376
2012.75  481.788378345821
2012.834  489.681673710345
2012.916  503.44497085315
2013.001  509.518839358225
2013.086  510.482710056287
2013.163  493.251499697652
2013.248  495.798480952665
2013.33  441.594929035556
2013.415  439.376133141901
2013.497  445.508065454087
2013.582  456.847839179684
2013.667  468.674711982768
2013.749  489.58833776163
2013.834  480.100155291099
2013.916  463.449935922376
2014.001  472.189078252548
2014.086  437.876010622898
2014.163  450.737524522832
2014.248  459.688144049004
2014.33  475.011485277504
2014.415  449.165860335647
2014.497  461.804892658611
2014.582  480.322656470176
2014.667  459.177805790006
2014.749  459.979871269988
2014.834  454.268874337012
2014.916  416.993731619658
2015.001  432.094635978792
2015.086  436.004220216957
2015.163  412.147258085807
2015.248  428.06068048407
2015.33  449.653360952019
2015.415  444.734973554834
2015.497  466.893845359569
2015.582  469.667272237931
2015.667  470.145462701099
2015.749  474.549874244718
2015.834  482.308256789193
2015.916  494.355925460443
2016.001  526.100703837443
2016.086  543.352904237551
2016.165  539.829335027337
2016.25  543.755282749506
2016.332  545.614475194609
2016.416  555.65358031892
2016.498  546.170498923887
2016.583  560.690496890042
2016.668  562.190830588839
2016.75  579.152558177033
2016.834  592.28590351731
2016.916  591.227179803375
2017.001  603.67204126015
2017.086  609.068119580507
2017.163  615.06994638066
2017.248  602.826527105771
2017.33  607.974092295146
2017.415  613.460242376253
2017.497  593.152044664319
2017.582  570.89048139767
2017.667  557.383320081926
2017.749  580.096352639067
2017.834  602.884180342184
2017.916  607.436567771096
2018.001  608.300412204983
2018.086  614.80171697075
2018.163  617.444701023492
2018.248  622.284035913706
2018.33  619.071484821382
2018.415  631.935118671914
2018.497  630.126246914769
2018.582  630.164343999933
2018.667  633.34306407904
2018.749  636.706742259865
2018.834  632.677262839628
2018.916  628.963970705183
2019.001  629.440386830375
2019.086  626.17972132657
2019.163  640.159275140852
2019.248  639.666454091766
2019.33  621.366548246529
2019.415  635.643148804148
2019.497  635.66214666141
2019.582  633.799488618971
2019.667  641.920937809141
2019.749  646.13773152412
2019.834  642.11025812387
2019.916  643.22682238348
2020.001  649.288392338669
2020.086  658.92453135788
2020.165  655.982566579293
2020.25  665.142131072025
2020.332  658.138149649818
2020.416  650.776569336174
2020.498  648.421183568956
2020.583  647.327050717015
2020.668  646.402101634641
2020.75  644.191393923969
2020.834  644.323742552361
2020.916  631.839953017127
