1965 21.3717
1965.09 21.3835
1965.16 21.5149
1965.25 21.6835
1965.33 21.6585
1965.41 21.3031
1965.5 21.1963
1965.58 21.1464
1965.67 21.2267
1965.75 21.3185
1965.83 21.4535
1965.92 21.562
1966 21.4031
1966.09 21.3688
1966.16 21.1896
1966.25 21.0276
1966.33 21.1908
1966.41 20.8299
1966.5 20.6723
1966.58 20.7155
1966.67 19.8921
1966.75 20.3579
1966.83 20.6022
1966.92 20.4162
1967 20.2204
1967.09 20.1417
1967.16 20.2906
1967.25 20.1498
1967.33 19.9034
1967.41 19.6922
1967.5 19.8898
1967.58 19.5579
1967.67 19.6831
1967.75 19.7058
1967.83 19.494
1967.92 19.4749
1968 19.6056
1968.09 19.5584
1968.16 19.4605
1968.25 19.6274
1968.33 19.357
1968.42 19.0704
1968.5 19.1062
1968.58 19.2005
1968.67 19.0553
1968.75 18.8141
1968.84 18.2896
1968.92 18.4938
1969 19.0329
1969.09 19.158
1969.16 18.9875
1969.25 18.91
1969.33 18.3094
1969.41 18.0596
1969.5 18.4799
1969.58 18.9306
1969.67 19.1627
1969.75 19.2449
1969.83 19.2516
1969.92 19.2555
1970 19.1972
1970.09 19.326
1970.16 19.3733
1970.25 19.1277
1970.33 19.0848
1970.41 18.5283
1970.5 18.6402
1970.58 18.9562
1970.67 19.3158
1970.75 19.3565
1970.83 19.0324
1970.92 19.6472
1971 19.6042
1971.09 19.9984
1971.16 20.0144
1971.25 20.0932
1971.33 20.2295
1971.41 20.6445
1971.5 20.6357
1971.58 20.7076
1971.67 20.6611
1971.75 20.8319
1971.83 20.7649
1971.92 20.742
1972 20.6772
1972.09 20.6723
1972.16 20.932
1972.25 21.0302
1972.33 20.8623
1972.42 20.5404
1972.5 20.9308
1972.58 19.5098
1972.67 20.4988
1972.75 20.5763
1972.84 20.4799
1972.92 20.5152
1973 20.5563
1973.09 20.5245
1973.16 20.403
1973.25 20.0324
1973.33 19.7194
1973.41 20.2128
1973.5 20.3557
1973.58 20.5161
1973.67 20.7657
1973.75 20.7703
1973.83 20.8019
1973.92 20.8263
1974 20.8307
1974.09 20.9507
1974.16 20.7576
1974.25 20.6303
1974.33 20.1803
1974.41 19.9431
1974.5 19.6771
1974.58 20.0385
1974.67 19.759
1974.75 19.8758
1974.83 20.0395
1974.92 20.4424
1975 20.4349
1975.09 20.6374
1975.16 20.7206
1975.25 20.8562
1975.33 20.8345
1975.41 20.9046
1975.5 20.8603
1975.58 20.7111
1975.67 20.7328
1975.75 20.7274
1975.83 20.5536
1975.92 20.6786
1976 20.6959
1976.09 20.7386
1976.16 20.7691
1976.25 20.6613
1976.33 20.7788
1976.42 20.7454
1976.5 20.8282
1976.58 20.8331
1976.67 20.8662
1976.75 20.8467
1976.84 20.8516
1976.92 20.8068
1977 20.7771
1977.09 20.7598
1977.16 20.8005
1977.25 20.8328
1977.33 20.7993
1977.41 20.6303
1977.5 20.3532
1977.58 20.4297
1977.67 20.4344
1977.75 20.7184
1977.83 20.8452
1977.92 20.8134
1978 20.465
1978.09 20.3625
1978.16 20.3213
1978.25 19.8837
1978.33 19.5239
1978.41 19.8175
1978.5 19.915
1978.58 20.4371
1978.67 20.3912
1978.75 19.9836
1978.83 20.2073
1978.92 20.1796
1979 19.9042
1979.09 19.7231
1979.16 19.5131
1979.25 19.0339
1979.33 19.1987
1979.41 18.6349
1979.5 18.7403
1979.58 18.2699
1979.67 18.5288
1979.75 18.9254
1979.83 18.9212
1979.92 19.407
1980 19.2079
1980.09 19.0716
1980.16 19.3666
1980.25 18.9433
1980.33 18.9274
1980.42 18.382
1980.5 18.4275
1980.58 18.6131
1980.67 18.5452
1980.75 18.1492
1980.84 17.8041
1980.92 17.8447
1981 18.5843
1981.09 18.1271
1981.16 18.0792
1981.25 17.8065
1981.33 17.5118
1981.41 18.1373
1981.5 18.3802
1981.58 18.4272
1981.67 18.6098
1981.75 17.8274
1981.83 17.967
1981.92 18.4836
1982 18.824
1982.09 18.0802
1982.16 18.7363
1982.25 18.8638
1982.33 19.0163
1982.41 17.8536
1982.5 16.9033
1982.58 17.014
1982.67 16.558
1982.75 17.1893
1982.83 17.4818
1982.92 17.0234
1983 17.4912
1983.09 17.9206
1983.16 18.3263
1983.25 18.3621
1983.33 17.6212
1983.41 18.036
1983.5 18.4834
1983.58 18.4021
1983.67 18.5293
1983.75 18.6262
1983.83 18.7756
1983.92 18.7798
1984 19.2863
1984.09 19.1027
1984.16 18.8089
1984.25 18.6412
1984.33 17.9926
1984.42 18.3879
1984.5 18.5748
1984.58 18.8628
1984.67 18.9887
1984.75 19.0257
1984.84 18.9241
1984.92 19.0478
1985 19.2486
1985.09 19.5982
1985.16 19.7132
1985.25 19.9375
1985.33 19.9557
1985.41 20.3284
1985.5 20.3883
1985.58 20.3905
1985.67 20.5631
1985.75 20.4934
1985.83 20.5773
1985.92 20.5125
1986 20.5289
1986.09 20.0789
1986.16 20.4375
1986.25 20.8491
1986.33 20.9769
1986.41 21.0615
1986.5 21.0711
1986.58 21.0738
1986.67 21.0186
1986.75 21.1103
1986.83 20.771
1986.92 21.0481
1987 21.2952
1987.09 21.4463
1987.16 21.4564
1987.25 21.3436
1987.33 21.2005
1987.41 20.8781
1987.5 20.771
1987.58 20.5768
1987.67 20.3473
1987.75 20.3672
1987.83 20.0602
1987.92 20.0518
1988 19.6586
1988.09 19.7446
1988.16 19.7772
1988.25 19.71
1988.33 19.799
1988.42 19.6969
1988.5 19.3173
1988.58 19.2196
1988.67 19.3133
1988.75 19.1843
1988.84 19.0856
1988.92 18.6747
1989 18.3079
1989.09 18.268
1989.16 17.0727
1989.25 17.2735
1989.33 16.8391
1989.41 17.0618
1989.5 17.7356
1989.58 17.3377
1989.67 16.964
1989.75 16.3024
1989.83 16.0863
1989.92 16.4885
1990 16.9387
1990.09 17.102
1990.16 16.8249
1990.25 16.2824
1990.33 16.1687
1990.41 16.3715
1990.5 16.9832
1990.58 16.8821
1990.67 17.2216
1990.75 17.6925
1990.83 17.9635
1990.92 17.9308
1991 18.4528
1991.09 18.4183
1991.16 16.7915
1991.25 17.0138
1991.33 17.1227
1991.41 14.6186
1991.5 14.8404
1991.58 16.1575
1991.67 17.1054
1991.75 17.2969
1991.83 17.2742
1991.92 17.6326
1992 17.7587
1992.09 17.5897
1992.16 18.0598
1992.25 18.6511
1992.33 18.4506
1992.42 18.9271
1992.5 19.3227
1992.58 19.2469
1992.67 19.0721
1992.75 19.3255
1992.84 19.2379
1992.92 19.5702
1993 19.438
1993.09 19.4189
1993.16 19.2099
1993.25 19.5113
1993.33 19.5883
1993.41 19.685
1993.5 19.6907
1993.58 19.7009
1993.67 19.8318
1993.75 19.8439
1993.83 19.9389
1993.92 19.8587
1994 19.8889
1994.09 19.6509
1994.16 19.6012
1994.25 19.5839
1994.33 19.6996
1994.41 19.7209
1994.5 19.8521
1994.58 19.9705
1994.67 20.1117
1994.75 20.0846
1994.83 20.0661
1994.92 20.0348
1995 20.1943
1995.09 20.2788
1995.16 20.1641
1995.25 20.2671
1995.33 20.3149
1995.41 20.2233
1995.5 20.1946
1995.58 20.2376
1995.67 20.3225
1995.75 20.3888
1995.83 20.3871
1995.92 20.3856
1996 20.3255
1996.09 20.4628
1996.16 20.5019
1996.25 20.5137
1996.33 20.4371
1996.42 20.3856
1996.5 20.3809
1996.58 20.3517
1996.67 20.3154
1996.75 20.2115
1996.84 20.1702
1996.92 20.2641
1997 20.5585
1997.09 20.6689
1997.16 20.6718
1997.25 20.6112
1997.33 20.6779
1997.41 20.6203
1997.5 20.5734
1997.58 20.6679
1997.67 20.6
1997.75 20.5183
1997.83 20.4701
1997.92 20.4748
1998 20.3365
1998.09 20.3483
1998.16 20.4253
1998.25 19.7916
1998.33 19.5192
1998.41 19.5316
1998.5 19.7982
1998.58 19.5452
1998.67 19.8612
1998.75 20.089
1998.83 19.9064
1998.92 19.6655
1999 19.3002
1999.09 19.2808
1999.16 19.3674
1999.25 19.4551
1999.33 19.3691
1999.41 19.6831
1999.5 19.7975
1999.58 19.2533
1999.67 18.8551
1999.75 18.7222
1999.83 18.6342
1999.92 18.4747
2000 18.6359
2000.09 18.4185
2000.16 18.0239
2000.25 18.1684
2000.33 17.6241
2000.42 17.2256
2000.5 16.8281
2000.58 17.3243
2000.67 17.5925
2000.75 18.1284
2000.84 17.4863
2000.92 17.7337
2001 18.0656
2001.09 18.5572
2001.16 18.8089
2001.25 17.462
2001.33 17.9995
2001.41 18.2213
2001.5 18.3186
2001.58 17.8611
2001.67 17.8586
2001.75 17.663
2001.83 18.0971
2001.92 18.145
2002 17.4811
2002.09 18.1579
2002.16 17.8474
2002.25 17.8212
2002.33 17.8026
2002.41 17.9343
2002.5 17.5689
2002.58 17.1481
2002.67 17.5204
2002.75 17.7094
2002.83 17.2979
2002.92 17.4578
2003 18.2342
2003.09 18.1607
2003.16 18.2781
2003.25 18.1318
2003.33 17.9777
2003.41 17.4257
2003.5 17.9229
2003.58 18.1328
2003.67 18.3052
2003.75 17.8685
2003.83 16.6952
2003.92 18.1999
2004 18.0497
2004.09 18.7348
2004.16 19.1248
2004.25 19.2478
2004.33 19.4645
2004.42 19.4311
2004.5 19.1583
2004.58 19.3195
2004.67 19.4791
2004.75 19.9572
2004.84 19.4464
2004.92 19.6279
2005 18.6464
2005.09 19.3812
2005.16 19.5118
2005.25 19.6376
2005.33 19.1811
2005.41 19.4754
2005.5 19.2759
2005.58 19.1404
2005.67 18.5209
2005.75 19.5858
2005.83 19.9069
2005.92 19.9431
2006 20.0476
2006.09 20.3593
2006.16 20.5271
2006.25 20.5607
2006.33 20.5663
2006.41 20.5428
2006.5 20.4123
2006.58 20.4292
2006.67 20.4361
2006.75 20.6598
2006.83 20.6398
2006.92 20.3375
2007 20.8309
2007.09 20.7881
2007.16 20.8931
2007.25 21.0278
2007.33 21.0106
2007.41 21.0055
2007.5 20.9538
2007.58 20.9067
2007.67 20.9381
2007.75 20.991
2007.83 20.9582
2007.92 21.0288
2008 20.9716
2008.09 20.9354
2008.16 20.9422
2008.25 21.0087
2008.33 20.9473
2008.42 20.9167
2008.5 20.9776
2008.58 21.067
2008.67 21.0782
2008.75 21.1331
2008.84 21.2103
2008.92 21.3243
2009 21.4051
2009.09 21.5548
2009.16 21.5967
2009.25 21.6396
2009.33 21.6682
2009.41 21.5998
2009.5 21.6084
2009.58 21.5534
2009.67 21.5565
2009.75 21.5974
2009.83 21.6091
2009.92 21.6566
2010 21.5967
2010.09 21.3462
2010.16 21.1468
2010.25 20.9228
2010.33 21.0176
2010.41 20.9092
2010.5 20.9216
2010.58 20.8686
2010.67 20.8499
2010.75 20.9519
2010.83 20.8321
2010.92 20.7944
2011 20.9834
2011.09 21.0055
2011.16 20.7211
2011.25 20.2442
2011.33 20.5325
2011.41 19.9165
2011.5 20.1668
2011.58 20.2297
2011.67 20.1887
2011.75 20.104
2011.83 20.3517
2011.92 20.6657
2012 20.5213
2012.09 20.2629
2012.16 19.6568
2012.25 20.416
2012.33 20.3441
2012.42 20.0673
2012.5 19.3609
2012.58 19.5636
2012.67 19.8982
2012.75 19.8533
2012.84 19.9468
2012.92 20.0789
2013 20.3098
2013.09 20.325
2013.16 19.9732
2013.25 19.9961
2013.33 19.3785
2013.41 19.4095
2013.5 19.5972
2013.58 19.7088
2013.67 19.729
2013.75 20.0122
2013.83 19.9064
2013.92 19.6996
2014 19.6845
2014.09 19.32
2014.16 19.4786
2014.25 19.5965
2014.33 19.795
2014.41 19.3716
2014.5 19.5351
2014.58 19.7716
2014.67 19.4459
2014.75 19.4229
2014.83 19.2972
2014.92 18.8871
2015 19.2994
2015.09 19.3515
2015.16 19.014
2015.25 19.229
2015.33 19.4814
2015.41 19.3547
2015.5 19.6942
2015.58 19.6954
2015.67 19.6643
2015.75 19.707
2015.83 19.7906
2015.92 19.9547
2016 20.2651
2016.09 20.5152
2016.16 20.4324
2016.25 20.3503
2016.33 20.4287
2016.42 20.4926
2016.5 20.4295
2016.58 20.5841
2016.67 20.599
2016.75 20.7837
2016.84 20.9453
2016.92 20.9888
2017 21.1147
2017.09 21.1874
2017.16 21.2639
2017.25 21.0462
2017.33 21.0227
2017.41 21.059
2017.5 20.8742
2017.58 20.6816
2017.67 20.6393
2017.75 20.8484
2017.83 21.0891
2017.92 21.1546
2018 21.2321
2018.09 21.2735
2018.16 21.2272
2018.25 21.2631
2018.33 21.2313
2018.41 21.254
2018.5 21.2607
2018.58 21.2699
2018.67 21.294
2018.75 21.3205
2018.83 21.3111
2018.92 21.3303
2019 21.3322
2019.09 21.3705
2019.16 21.3825
2019.25 21.3488
2019.25 21.3488
