1960.001  542.417295419772
1960.086  570.822406556637
1960.165  586.298795611522
1960.25  527.329958387845
1960.332  495.895677997885
1960.416  582.11165408718
1960.498  568.555360814654
1960.583  644.215059338128
1960.668  617.537551599644
1960.75  548.090459187377
1960.834  502.200643547572
1960.916  571.800282984591
1961.001  713.437865327272
1961.086  700.174243038401
1961.163  741.096139886015
1961.248  710.808126464023
1961.33  734.396879151818
1961.415  731.226314297317
1961.497  639.985217545161
1961.582  699.841047183539
1961.667  691.829938248722
1961.749  745.154754632242
1961.834  767.318793219763
1961.916  772.102488642936
1962.001  794.451473040729
1962.086  782.917095558093
1962.163  817.492282048272
1962.248  774.649841062901
1962.33  784.737775235899
1962.415  798.560460635041
1962.497  813.484495535967
1962.582  813.519178984387
1962.667  795.078486909463
1962.749  808.746333365947
1962.834  782.844172544978
1962.916  796.616519919424
1963.001  827.303257439324
1963.086  820.494388674993
1963.163  834.077147127625
1963.248  679.728434466846
1963.33  665.544005968952
1963.415  705.087728353993
1963.497  719.344909412303
1963.582  700.448601622498
1963.667  688.346557725481
1963.749  744.945508435492
1963.834  712.464341567054
1963.916  724.437710156041
1964.001  810.074438017224
1964.086  763.965438772403
1964.165  756.845181153359
1964.25  775.313034321065
1964.332  817.302969592685
1964.416  793.734133129479
1964.498  751.337918611666
1964.583  744.831357694902
1964.668  716.35514533522
1964.75  755.527713157754
1964.834  862.938422347865
1964.916  906.714131579238
1965.001  892.173208344438
1965.086  895.542834930616
1965.163  893.554906936875
1965.248  916.660099042682
1965.33  908.411678083858
1965.415  839.713479725525
1965.497  889.478011834626
1965.582  873.39203745947
1965.667  851.268339521848
1965.749  875.037549400894
1965.834  883.135439339785
1965.916  872.003009418677
1966.001  893.500901016707
1966.086  865.512214511857
1966.163  854.598473411674
1966.248  890.686272151213
1966.33  890.850496321743
1966.415  838.254271126376
1966.497  798.293308731573
1966.582  731.033914595054
1966.667  649.139253162244
1966.749  821.229236386555
1966.834  831.213254673085
1966.916  714.605375981248
1967.001  681.801301606728
1967.086  780.268983365461
1967.163  750.808254763339
1967.248  699.586216379187
1967.33  649.734834235472
1967.415  704.305482072196
1967.497  724.824293364931
1967.582  699.723436615034
1967.667  694.994382441209
1967.749  708.233144409924
1967.834  660.826513179453
1967.916  672.256309444911
1968.001  669.247817297879
1968.086  651.779471244754
1968.165  621.444227183889
1968.25  657.554018797749
1968.332  577.891782941003
1968.416  611.691814522173
1968.498  614.148303833692
1968.583  640.044794005044
1968.668  704.716199161856
1968.75  653.545922970522
1968.834  639.568182399893
1968.916  683.458654620506
1969.001  728.626617400307
1969.086  693.029358251334
1969.163  662.095435525271
1969.248  641.236320928904
1969.33  556.595972295059
1969.415  588.34545089612
1969.497  649.456899290402
1969.582  705.068175898109
1969.667  729.378147990165
1969.749  722.522641543726
1969.834  707.979356262858
1969.916  699.233325391331
1970.001  702.426870108227
1970.086  711.879969784415
1970.163  687.696623376293
1970.248  655.808133462638
1970.33  615.892249152623
1970.415  633.888814984335
1970.497  676.527882832031
1970.582  730.032994023071
1970.667  722.019290478225
1970.749  708.486898649211
1970.834  664.691961912484
1970.916  755.92313948647
1971.001  751.262268857576
1971.086  800.125398841365
1971.163  795.847972300761
1971.248  798.70289405206
1971.33  819.878309477599
1971.415  859.183289637357
1971.497  863.381667366505
1971.582  866.012168888312
1971.667  860.974233398578
1971.749  871.973376998131
1971.834  850.060879250081
1971.916  837.102821053679
1972.001  859.879275488404
1972.086  883.121269822365
1972.165  915.718157725298
1972.25  902.301817799546
1972.332  875.68115591318
1972.416  839.713479725525
1972.498  900.436996970834
1972.583  669.722973334135
1972.668  740.847970321912
1972.75  864.920251547197
1972.834  863.274737192305
1972.916  837.646058046093
1973.001  825.174526764902
1973.086  800.799917009405
1973.163  796.205553289301
1973.248  733.436912218632
1973.33  777.097186092392
1973.415  852.455785505409
1973.497  867.31102534542
1973.582  880.054825889615
1973.667  888.608753348839
1973.749  852.566403636682
1973.834  854.268509914954
1973.916  839.435169707303
1974.001  800.764434960643
1974.086  811.399296313204
1974.163  814.973798247689
1974.248  856.368352335591
1974.33  790.856830682431
1974.415  772.472168460474
1974.497  764.618480072896
1974.582  804.60185140113
1974.667  748.876502980131
1974.749  711.860487424828
1974.834  740.198665420231
1974.916  763.965438772403
1975.001  774.686699715381
1975.086  811.27740642009
1975.163  817.647120852979
1975.248  827.825464008067
1975.33  870.63654351722
1975.415  877.297620693017
1975.497  878.210474405158
1975.582  873.951497986245
1975.667  875.491167068854
1975.749  854.126996864279
1975.834  842.534446365241
1975.916  857.210758181418
1976.001  843.037757976688
1976.086  852.519000270222
1976.165  861.574039486111
1976.25  845.592611035864
1976.332  862.479204378195
1976.416  870.323668515355
1976.498  879.33603060961
1976.583  852.850685002301
1976.668  821.485315259569
1976.75  763.666746577311
1976.834  710.944578193558
1976.916  718.549471574655
1977.001  658.168959239898
1977.086  683.991191265924
1977.163  698.70388438166
1977.248  753.453857335787
1977.33  782.424723062353
1977.415  812.842437161599
1977.497  795.311220604476
1977.582  789.973143770069
1977.667  795.651216248345
1977.749  795.382813804492
1977.834  813.883216096165
1977.916  797.705165792931
1978.001  755.49004523231
1978.086  740.523362273643
1978.163  727.701099317872
1978.248  680.814381332912
1978.33  673.00811315553
1978.415  732.322464001556
1978.497  739.912094704234
1978.582  810.841858838546
1978.667  798.720695898561
1978.749  751.602649295761
1978.834  792.512824746596
1978.916  777.005319492993
1979.001  707.452150052522
1979.086  683.478379817778
1979.163  625.134499587264
1979.248  595.558848584292
1979.33  616.506710762632
1979.415  564.047811168645
1979.497  585.492335490469
1979.582  516.784212789874
1979.667  558.441716053193
1979.749  577.774118235392
1979.834  521.904384401734
1979.916  570.411823480357
1980.001  554.577420924585
1980.086  549.211885005478
1980.165  604.922765574767
1980.25  522.170407475241
1980.332  545.540962531302
1980.416  472.657294775975
1980.498  497.235827354833
1980.583  536.303099123821
1980.668  551.611812412851
1980.75  465.102547134871
1980.834  398.659596838531
1980.916  360.197169236838
1981.001  420.235560589664
1981.086  413.609784458735
1981.163  397.371196503618
1981.248  345.287778886706
1981.33  321.72608145879
1981.415  422.920354145112
1981.497  435.829565307494
1981.582  473.676434268135
1981.667  489.829488432737
1981.749  386.038815689521
1981.834  380.42657291737
1981.916  416.948869564631
1982.001  464.272908596528
1982.086  400.514130577935
1982.163  481.794380401879
1982.248  494.352772107203
1982.33  508.126128780006
1982.415  365.97151868579
1982.497  301.078616993356
1982.582  304.552685290758
1982.667  271.539852587165
1982.749  300.411852533177
1982.834  340.871202075557
1982.916  271.854539840251
1983.001  332.640628187944
1983.086  396.035987304453
1983.163  437.609326516142
1983.248  443.25417277653
1983.33  374.358904972614
1983.415  461.21339362733
1983.497  538.35775872101
1983.582  525.500041167955
1983.667  503.304747611992
1983.749  469.261932661263
1983.834  483.429543284873
1983.916  477.270122398899
1984.001  564.925156877067
1984.086  550.430797912093
1984.165  530.748249353091
1984.25  497.776059802729
1984.332  433.393365361528
1984.416  467.071417020598
1984.498  472.329942962019
1984.583  513.060956412383
1984.668  521.52444158571
1984.75  529.60155480964
1984.834  510.553428483283
1984.916  521.809388747054
1985.001  542.475087542828
1985.086  551.553711529892
1985.163  568.867919850782
1985.248  600.040420718171
1985.33  607.989425417056
1985.415  654.597717495761
1985.497  648.662772061179
1985.582  652.553568110305
1985.667  684.661662684252
1985.749  695.68176819631
1985.834  728.241059253518
1985.916  712.347482577888
1986.001  696.231534744711
1986.086  643.69875806995
1986.163  666.534589083651
1986.248  691.456234279536
1986.33  726.215146331864
1986.415  737.04264702861
1986.497  735.068430350532
1986.582  740.27507265228
1986.667  737.387336048511
1986.749  756.37486044436
1986.834  710.379211641867
1986.916  733.033514483598
1987.001  757.221273963553
1987.086  796.437871884101
1987.163  771.436643235631
1987.248  769.120510823481
1987.33  763.984103727931
1987.415  702.798813772968
1987.497  711.529254889394
1987.582  678.108756216879
1987.667  662.075610505804
1987.749  635.318509230986
1987.834  615.099484588642
1987.916  611.176883583292
1988.001  550.779212822434
1988.086  575.696291000437
1988.165  586.003723006406
1988.25  580.305106402183
1988.332  583.035034021702
1988.416  572.954710494218
1988.498  528.45576400889
1988.583  520.707924839469
1988.668  531.245429054941
1988.75  492.682166916465
1988.834  504.578556578151
1988.916  449.594252297006
1989.001  438.08111625236
1989.086  430.774376701371
1989.163  321.497310317827
1989.248  331.704037891889
1989.33  298.269430985888
1989.415  321.497310317827
1989.497  375.981348890701
1989.582  335.550110643104
1989.667  305.997525062978
1989.749  253.035373038081
1989.834  240.378713995967
1989.916  267.015123185954
1990.001  309.416428224919
1990.086  318.775473703584
1990.163  297.958520819885
1990.248  249.757122033366
1990.33  241.625367579999
1990.415  245.385314977742
1990.497  303.59228919911
1990.582  294.099439956335
1990.667  323.546139208061
1990.749  368.622290678803
1990.834  392.390916379646
1990.916  396.381883725523
1991.001  457.341002774841
1991.086  476.50285095955
1991.163  302.811924896861
1991.248  324.451761217132
1991.33  327.179597354321
1991.415  146.431663430857
1991.497  160.876329445588
1991.582  248.699379228578
1991.667  330.886064906265
1991.749  350.868038352005
1991.834  360.630815124554
1991.916  380.651330915724
1992.001  393.275609612981
1992.086  376.842148387074
1992.165  411.516225653149
1992.25  485.472544519882
1992.332  474.149971382251
1992.416  532.125464950001
1992.498  576.676180915556
1992.583  574.011804126915
1992.668  546.737980207066
1992.75  582.62242122823
1992.834  552.832362567816
1992.916  611.434342822323
1993.001  591.61509559051
1993.086  591.753047119257
1993.163  567.305569308199
1993.248  597.216583452426
1993.33  619.560038255096
1993.415  629.957648419329
1993.497  635.556798407707
1993.582  642.507269211975
1993.667  646.756719019794
1993.749  628.429120476166
1993.834  655.411292990137
1993.916  634.802222283227
1994.001  630.672340343218
1994.086  614.861675231223
1994.163  599.665103029273
1994.248  606.9999557974
1994.33  621.940140989938
1994.415  624.420137558829
1994.497  663.483031338768
1994.582  669.841754880707
1994.667  682.787924585092
1994.749  682.255185547721
1994.834  663.383927726287
1994.916  670.791897852742
1995.001  682.057852479595
1995.086  695.524668768067
1995.163  683.695348793849
1995.248  691.554582632589
1995.33  712.56171816845
1995.415  710.223217681374
1995.497  713.788201288763
1995.582  714.799884074481
1995.667  706.963867329046
1995.749  715.499929173109
1995.834  703.307681926875
1995.916  706.709911691735
1996.001  720.973340559354
1996.086  734.742292345932
1996.165  736.640388886538
1996.25  736.88942116135
1996.332  722.212906723605
1996.416  735.39448490768
1996.498  735.010882639592
1996.583  747.017211691523
1996.668  739.319631200861
1996.75  711.704620912579
1996.834  701.68278582002
1996.916  718.821128921133
1997.001  741.573242033147
1997.086  750.10792982719
1997.163  752.736439914761
1997.248  750.789333217928
1997.33  756.863989256432
1997.415  759.32467799436
1997.497  724.650343488274
1997.582  756.525387761008
1997.667  754.321629457673
1997.749  720.469482928045
1997.834  730.841487375758
1997.916  723.354739936623
1998.001  733.206414483835
1998.086  759.455986446436
1998.163  767.504712957313
1998.248  691.043130830733
1998.33  661.758401904535
1998.415  660.469585563195
1998.497  687.558739302807
1998.582  665.326053556288
1998.667  694.267505664862
1998.749  712.191658621236
1998.834  696.68303321021
1998.916  661.659271038294
1999.001  619.7186888299
1999.086  607.217621168885
1999.163  634.663223508015
1999.248  646.280177369336
1999.33  620.452491418589
1999.415  666.217622280595
1999.497  696.035204141025
1999.582  624.023292537144
1999.667  575.578730555183
1999.749  548.825105040319
1999.834  536.399050797963
1999.916  507.787816615172
2000.001  528.035868661012
2000.086  490.847440453649
2000.165  459.077904404374
2000.25  470.114172353919
2000.332  414.303406010975
2000.416  375.408197064619
2000.498  327.13616989997
2000.583  385.763427879875
2000.668  414.201857155167
2000.75  460.674553788038
2000.834  389.418419617302
2000.916  419.280346089358
2001.001  460.351405363278
2001.086  513.287444803236
2001.163  550.5469286389
2001.248  393.046124389427
2001.33  460.243715165203
2001.415  479.905271335123
2001.497  509.028751856665
2001.582  454.679662456603
2001.667  434.48870619759
2001.749  428.095388417484
2001.834  472.802820232277
2001.916  477.343226924069
2002.001  414.489617412423
2002.086  487.870339245279
2002.163  452.826915369286
2002.248  456.089696766747
2002.33  445.209269520812
2002.415  463.534081671951
2002.497  427.509016528023
2002.582  376.347828545629
2002.667  420.764887915584
2002.749  434.088639563381
2002.834  374.883310476074
2002.916  393.078902838654
2003.001  427.422824237133
2003.086  431.467273340418
2003.163  450.410134388189
2003.248  434.12341974096
2003.33  413.86346807576
2003.415  367.679729904469
2003.497  420.781969483302
2003.582  443.623696267305
2003.667  460.566824679754
2003.749  413.846552948727
2003.834  289.431454355186
2003.916  432.525156096601
2004.001  415.658805949216
2004.086  506.942447097044
2004.165  557.042673759201
2004.25  575.559137699361
2004.332  598.993574345465
2004.416  585.866032788724
2004.498  563.151351183695
2004.583  585.256341320518
2004.668  587.164514791915
2004.75  659.220196476668
2004.834  585.453001772101
2004.916  617.656505081244
2005.001  490.255060519989
2005.086  587.715559928525
2005.163  602.688419649827
2005.248  623.011414649584
2005.33  564.437697158301
2005.415  619.560038255096
2005.497  593.113169892271
2005.582  563.657998235259
2005.667  506.416736623465
2005.749  632.697466552495
2005.834  675.084758669929
2005.916  664.850491493813
2006.001  678.503867830876
2006.086  726.581953953973
2006.163  739.988520285241
2006.248  748.421462399972
2006.33  739.606343590551
2006.415  748.3645687615
2006.497  736.448791773146
2006.582  729.89819838491
2006.667  729.667089224131
2006.749  755.603044695709
2006.834  739.912094704234
2006.916  702.603062176709
2007.001  754.133047043243
2007.086  768.842144029294
2007.163  777.372720303725
2007.248  795.024767026229
2007.33  786.75327772514
2007.415  797.13431051292
2007.497  788.256563410794
2007.582  792.261094345701
2007.667  799.414563087189
2007.749  803.243066249755
2007.834  786.04578730949
2007.916  791.12711308742
2008.001  781.018725524882
2008.086  792.35100917527
2008.165  791.271218703929
2008.25  788.021325745241
2008.332  779.280367879011
2008.416  789.630175955444
2008.498  800.728950807968
2008.583  814.298946909626
2008.668  824.513626930627
2008.75  827.218973787931
2008.834  828.380693393011
2008.916  825.631519013904
2009.001  845.415308563697
2009.086  845.528147276684
2009.163  841.770092389828
2009.248  855.805532398921
2009.33  852.961174537938
2009.415  859.693830508004
2009.497  864.646634101608
2009.582  865.056964719391
2009.667  867.521910368791
2009.749  865.315026700574
2009.834  865.724421461698
2009.916  865.390883940475
2010.001  861.620129808745
2010.086  837.069874120521
2010.163  804.866177647451
2010.248  783.318040873449
2010.33  787.097692255888
2010.415  778.693908576005
2010.497  787.478161793036
2010.582  773.247948471865
2010.667  772.157951306792
2010.749  782.607122136824
2010.834  766.556103345414
2010.916  753.736908676024
2011.001  780.031102520944
2011.086  783.536644519365
2011.163  738.994608040731
2011.248  688.129929616722
2011.33  724.689000795557
2011.415  649.595867405218
2011.497  692.046268565585
2011.582  697.97815236712
2011.667  695.524668768067
2011.749  667.307115801809
2011.834  703.464231630104
2011.916  724.689000795557
2012.001  696.094105029024
2012.086  679.372959138014
2012.165  604.626103548085
2012.25  699.331356278985
2012.332  698.213550311952
2012.416  666.217622280595
2012.498  585.571004552374
2012.583  605.535930872011
2012.668  647.27296048551
2012.75  645.406492631297
2012.834  655.82797503315
2012.916  654.478651919786
2013.001  689.488499278135
2013.086  691.770935932116
2013.163  648.722332959073
2013.248  649.913503956591
2013.33  564.788656738879
2013.415  570.665985192856
2013.497  610.067973439003
2013.582  621.404555380143
2013.667  631.248087785429
2013.749  666.376108036367
2013.834  651.521427890583
2013.916  619.480714246685
2014.001  615.812968135354
2014.086  565.276197873564
2014.163  589.073926798007
2014.248  605.971131949834
2014.33  626.563373257926
2014.415  590.413199944583
2014.497  603.538518077973
2014.582  645.605060012146
2014.667  606.722941963759
2014.749  591.69392430842
2014.834  569.708140394549
2014.916  507.13025616477
2015.001  551.650547376843
2015.086  563.190319614154
2015.163  516.82206732817
2015.248  546.467612266266
2015.33  589.113308856858
2015.415  581.718822085944
2015.497  630.692193364802
2015.582  630.672340343218
2015.667  619.103936964479
2015.749  624.20187074442
2015.834  619.024617927516
2015.916  645.58520334183
2016.001  681.939446889974
2016.086  710.73014945067
2016.165  711.665652165811
2016.25  697.016693644435
2016.332  702.348557780966
2016.416  716.219117445205
2016.498  714.313572406179
2016.583  735.835484154223
2016.668  738.076425413354
2016.75  764.525217768781
2016.834  767.727763561711
2016.916  769.491523737336
2017.001  785.410250992208
2017.086  793.590569171752
2017.163  795.41860737233
2017.248  780.195797329434
2017.33  776.122845909145
2017.415  793.823844383005
2017.497  770.714701934279
2017.582  744.698167177486
2017.667  743.593984461455
2017.749  750.921776834438
2017.834  791.073065406183
2017.916  789.323162007816
2018.001  777.042067443274
2018.086  792.782428327375
2018.163  796.044666984606
2018.248  794.648600926736
2018.33  795.63332629455
2018.415  820.973021154177
2018.497  821.314611173269
2018.582  822.320886496654
2018.667  824.581454938406
2018.749  816.476043980123
2018.834  809.183566358021
2018.916  795.669105695712
2019.001  809.742715031239
2019.086  817.302969592685
2019.163  821.058441368506
2019.248  829.606468933099
2019.33  798.613877049773
2019.415  816.73460391698
2019.497  819.861185039534
2019.582  820.083755862912
2019.667  831.229960790175
2019.749  815.14669480463
2019.834  814.125766185592
2019.916  807.30977188597
2020.001  826.206343853054
2020.086  821.707139805842
2020.165  842.323182045995
2020.25  850.140446208146
2020.332  835.766332134789
2020.416  834.690685456779
2020.498  834.74039223673
2020.498  834.74039223673
