1960.001  701.449479902974
1960.086  674.245938151744
1960.165  660.124699787775
1960.25  716.631065047744
1960.332  750.074413913537
1960.416  663.898940494142
1960.498  676.354542743614
1960.583  611.134991997374
1960.668  632.987752729024
1960.75  695.876411255424
1960.834  743.158447388222
1960.916  673.339624682942
1961.001  559.335171954496
1961.086  568.761009236225
1961.163  540.365892222399
1961.248  561.186513285376
1961.33  544.878394958399
1961.415  547.0320069024
1961.497  614.523734738944
1961.582  569.0006627536
1961.667  574.805992969023
1961.749  537.656812046464
1961.834  523.181142512893
1961.916  520.125369790336
1962.001  506.156395700416
1962.086  513.303548908863
1962.163  492.260502759425
1962.248  518.507793485824
1962.33  512.166661030464
1962.415  503.641599590976
1962.497  494.642132160001
1962.582  494.621458559104
1962.667  505.771597844738
1962.749  497.476799056385
1962.834  513.349153124414
1962.916  504.829313908864
1963.001  486.491477899264
1963.086  490.486050370624
1963.163  482.558048926143
1963.248  583.736581708222
1963.33  594.460544395775
1963.415  565.243406643262
1963.497  555.207513633601
1963.582  568.563781785216
1963.667  577.356516150401
1963.749  537.796030161984
1963.834  560.019539080898
1963.916  551.682680531584
1964.001  496.680151311617
1964.086  525.337468174334
1964.165  529.955546450176
1964.25  518.087754989821
1964.332  492.372672750014
1964.416  506.597092806334
1964.498  533.564882016255
1964.583  537.871998872256
1964.668  557.291351855295
1964.75  530.815990423935
1964.834  466.236290567618
1964.916  442.742254412415
1965.001  450.385748212864
1965.086  448.600666308865
1965.163  449.652764455936
1965.248  437.602013485504
1965.33  441.859948393598
1965.415  479.3155242064
1965.497  451.8196360944
1965.582  460.492311344065
1965.667  472.752509699583
1965.749  459.595990138814
1965.834  455.215566293058
1965.916  461.250571683906
1966.001  449.6813876416
1966.086  464.814006025597
1966.163  470.881712736063
1966.248  451.176150115263
1966.33  451.088773278401
1966.415  480.152372899454
1966.497  503.804610295296
1966.582  547.163070246401
1966.667  607.224783933376
1966.749  490.05294216
1966.834  484.216143665855
1966.916  558.515973284415
1967.001  582.192829163905
1967.086  514.963026914942
1967.163  533.913754695936
1967.248  569.184047864704
1967.33  606.754355089216
1967.415  565.801369628225
1967.497  551.416383455105
1967.582  569.085289041856
1967.667  572.502861178621
1967.749  563.007617345536
1967.834  598.090559983743
1967.916  589.3505748816
1968.001  591.632976948543
1968.086  605.143454199426
1968.165  629.714726002815
1968.25  600.627739386305
1968.332  667.737088859903
1968.416  637.933888476545
1968.498  635.848274797697
1968.583  614.475811061056
1968.668  565.508315620097
1968.75  603.756797329215
1968.834  614.859356409665
1968.916  580.962738781824
1969.001  548.806582766398
1969.086  573.931490625023
1969.163  597.110976127105
1969.248  613.518506944575
1969.33  687.654273490623
1969.415  658.292077542399
1969.497  606.973819249602
1969.582  565.257343652224
1969.667  548.292769213056
1969.749  553.004495818815
1969.834  563.187551676736
1969.916  569.438138342657
1970.001  567.144520005183
1970.086  560.430901859136
1970.163  577.834181397183
1970.248  601.987789681599
1970.33  634.373933582975
1970.415  619.457367756736
1970.497  586.131753097537
1970.582  547.845597063425
1970.667  553.352644699585
1970.749  562.827787583425
1970.834  595.113793430465
1970.916  530.557538883902
1971.001  533.614691270401
1971.086  502.688074309697
1971.163  505.299883840575
1971.248  503.554717473855
1971.33  490.849532458817
1971.415  468.320942912704
1971.497  465.99097384
1971.582  464.538344125503
1971.667  467.325285068226
1971.749  461.266764282815
1971.834  473.433099369215
1971.916  480.814011855617
1972.001  467.933707878783
1972.086  455.223187081599
1972.165  438.085822412226
1972.25  445.045283996224
1972.332  459.245987507904
1972.416  479.3155242064
1972.498  446.022882209343
1972.583  591.271647271743
1972.668  540.532144090625
1972.75  465.140656998976
1972.834  466.050140578624
1972.916  480.501718599617
1973.001  487.735910468225
1973.086  502.277806048702
1973.163  505.080871791935
1973.248  545.529225726401
1973.33  516.959975857599
1973.415  472.084378840384
1973.497  463.823118661057
1973.582  456.876024039999
1973.667  452.283256650626
1973.749  472.022197542017
1973.834  471.066671388544
1973.916  479.474993033344
1974.001  502.299376839999
1974.086  495.887077478399
1974.163  493.755402253695
1974.248  469.891143606017
1974.33  508.369781262016
1974.415  519.890208314497
1974.497  524.916612545857
1974.582  499.973379921665
1974.667  535.188750354817
1974.749  560.444623542402
1974.834  540.967451051905
1974.916  525.337468174334
1975.001  518.484436976254
1975.086  495.959974323905
1975.163  492.168783000256
1975.248  486.186813714496
1975.33  461.997992867136
1975.415  458.368349139457
1975.497  457.873621445184
1975.582  460.1873323984
1975.667  459.349272697598
1975.749  471.146022913981
1975.834  477.702863568384
1975.916  469.420564239999
1976.001  477.415846190655
1976.086  472.048842957376
1976.165  466.992408212225
1976.25  475.962222012866
1976.332  466.490614088256
1976.416  462.169334025599
1976.498  457.264503960001
1976.583  471.862441993982
1976.668  489.9021270576
1976.75  525.530111769601
1976.834  561.090240608063
1976.916  555.760868392576
1977.001  600.149772047616
1977.086  580.568279787457
1977.163  569.819649951423
1977.248  532.174242313217
1977.33  513.611569486335
1977.415  495.025040206145
1977.497  505.628865977535
1977.582  508.915835421185
1977.667  505.420445964544
1977.749  505.584969517506
1977.834  494.404535178302
1977.916  504.163723896383
1978.001  530.840619087617
1978.086  540.749708161601
1978.163  549.440260632384
1978.248  582.927098639103
1978.33  588.782208059583
1978.415  546.286127348544
1978.497  541.159725632066
1978.582  496.220567701506
1978.667  503.543859993601
1978.749  533.390627589503
1978.834  507.348549943743
1978.916  517.017966489599
1979.001  563.561595567615
1979.086  580.948121145663
1979.163  626.646496441601
1979.248  651.895875807617
1979.33  633.8557046704
1979.415  680.578372953602
1979.497  660.849015105598
1979.582  727.567691837822
1979.667  685.890690031102
1979.749  667.844610209665
1979.834  722.223364213502
1979.916  674.627051088257
1980.001  689.591336123583
1980.086  694.783278558976
1980.165  643.7354514304
1980.25  721.947481008255
1980.332  698.371989645697
1980.416  776.542789668737
1980.498  748.595265105853
1980.583  707.537702449535
1980.668  692.453218240001
1980.75  785.498491036096
1980.834  872.977629568577
1980.916  932.363244054975
1981.001  842.6970020176
1981.086  851.786521854399
1981.163  874.849973811903
1981.248  957.539346710782
1981.33  1000.20739878745
1981.415  839.064456523264
1981.497  821.989861784896
1981.582  775.348300303745
1981.667  756.832579963264
1981.749  891.650332806399
1981.834  900.198953741824
1981.916  847.183386228863
1982.001  786.492999221825
1982.086  870.295718791744
1982.163  765.946387524736
1982.248  751.783523911297
1982.33  736.756569411905
1982.415  922.957746342401
1982.497  1040.91292171014
1982.582  1033.82598808826
1982.667  1105.58076957542
1982.749  1042.28467937574
1982.834  965.257228448704
1982.916  1104.84658341702
1983.001  979.9764543744
1983.086  876.798315748864
1983.163  819.685182360257
1983.248  812.451864231744
1983.33  909.619240539903
1983.415  790.179715847104
1983.497  705.482164798143
1983.582  718.509173553855
1983.667  741.958468976255
1983.749  780.545589295937
1983.834  764.0764457424
1983.916  771.161676968257
1984.001  679.7529594096
1984.086  693.598268658495
1984.165  713.144404262654
1984.25  748.0004029984
1984.332  825.163628928575
1984.416  783.147165938305
1984.498  776.927144767743
1984.583  731.495533905599
1984.668  722.617693453825
1984.75  714.310908430335
1984.834  734.160904271104
1984.916  722.321923320384
1985.001  701.392341770304
1985.086  692.509478363584
1985.163  676.063205729343
1985.248  647.970478067902
1985.33  641.09712084
1985.415  602.933363736577
1985.497  607.601527959999
1985.582  604.535214759616
1985.667  580.072195292225
1985.749  572.004302673985
1985.834  549.070441960001
1985.916  560.1017670864
1986.001  571.606001609537
1986.086  611.54713716
1986.163  593.702391093377
1986.248  575.078849196542
1986.33  550.459763286399
1986.415  543.090128489663
1986.497  544.423733814399
1986.582  540.916201343104
1986.667  542.857745069375
1986.749  530.262499821375
1986.834  561.489281938817
1986.916  545.803035928578
1987.001  529.710262191615
1987.086  504.938646682625
1987.163  520.549284148865
1987.248  522.027435196862
1987.33  525.325433209024
1987.415  566.878235542655
1987.497  560.677986826945
1987.582  584.946922904896
1987.667  597.126262634177
1987.749  618.295059573185
1987.834  635.043494678654
1987.916  638.372401136895
1988.001  693.260145471423
1988.086  669.747826967296
1988.165  660.389572540097
1988.25  665.537810058817
1988.332  663.0637130656
1988.416  672.272164386814
1988.498  715.479640105216
1988.583  723.466339420096
1988.668  712.639610888064
1988.75  753.641592700417
1988.834  740.578114781056
1988.916  804.463024365182
1989.001  819.076197716222
1989.086  828.600357781504
1989.163  1000.64051416
1989.248  981.680007771135
1989.33  1046.7180164224
1989.415  1000.64051416
1989.497  907.081864575614
1989.582  974.722135242623
1989.667  1030.90801210202
1989.749  1150.7033209344
1989.834  1183.98565461466
1989.916  1116.2551268704
1990.001  1024.07071935942
1990.086  1005.82306071866
1990.163  1047.36466354502
1990.248  1159.12313229702
1990.33  1180.61221618182
1990.415  1170.56672247034
1990.497  1035.77509526841
1990.582  1055.4612202144
1990.667  996.775164095423
1990.749  918.701534946495
1990.834  882.159026358399
1990.916  876.292800247744
1991.001  794.889809151423
1991.086  772.052242524866
1991.163  1037.3644649737
1991.248  995.076262715135
1991.33  989.9942935344
1991.415  1526.94435876
1991.497  1458.7741123049
1991.582  1161.86902976838
1991.667  983.172696000001
1991.749  947.961256030656
1991.834  931.650423923903
1991.916  899.853597062016
1992.001  880.852263064576
1992.086  905.741154072063
1992.165  854.696241422016
1992.25  761.751139307135
1992.332  774.794375545343
1992.416  711.747539570943
1992.498  668.849216960894
1992.583  671.297054639999
1992.668  697.198481346304
1992.75  663.436730869696
1992.834  691.273042030144
1992.916  638.153092522176
1993.001  655.380796729216
1993.086  655.258406529983
1993.163  677.521474805824
1993.248  650.439589494399
1993.33  631.290091291454
1993.415  622.670254502464
1993.497  618.101653393598
1993.582  612.499837761601
1993.667  609.112068078014
1993.749  623.926261495937
1993.834  602.297560273599
1993.916  618.714411959102
1994.001  622.084288995135
1994.086  635.244556057984
1994.163  648.297812934016
1994.248  641.946570999999
1994.33  629.301084318015
1994.415  627.238676694015
1994.497  596.042458230782
1994.582  591.181370540224
1994.667  581.460106568703
1994.749  581.855584647614
1994.834  596.118680390464
1994.916  590.459958590655
1995.001  582.002172479293
1995.086  572.118192078398
1995.163  580.787367985534
1995.248  575.007023269824
1995.33  559.951032758656
1995.415  561.599453881215
1995.497  559.089178465215
1995.582  558.379656735936
1995.667  563.908334692415
1995.749  557.889429488066
1995.834  566.514208248064
1995.916  564.088791869055
1996.001  554.077059648575
1996.086  544.644474558142
1996.165  543.361495858944
1996.25  543.19347436
1996.332  553.218691783745
1996.416  544.203171889983
1996.498  544.462675069505
1996.583  536.419809953534
1996.668  541.557534267906
1996.75  560.554419283583
1996.834  567.677759038656
1996.916  555.571801042943
1997.001  540.046470998402
1997.086  534.375509071934
1997.163  532.645196532865
1997.248  533.9262234064
1997.33  529.943276359105
1997.415  528.341244158464
1997.497  551.536186511296
1997.582  530.164232667457
1997.667  531.605335265665
1997.749  554.426495533506
1997.834  547.294195465601
1997.916  552.429629049985
1998.001  545.685655286463
1998.086  528.255938241601
1998.163  523.061934457215
1998.248  575.380687008063
1998.33  597.3709308976
1998.415  598.3665245824
1998.497  577.9355909536
1998.582  594.6275457136
1998.667  573.030732918337
1998.749  560.211439077181
1998.834  571.279188633215
1998.916  597.447422214397
1999.001  631.157213625665
1999.086  641.759559242494
1999.163  618.827385990397
1999.248  609.490594110398
1999.33  630.543169532418
1999.415  593.944831849599
1999.497  571.748196302017
1999.582  627.568012224257
1999.667  669.855764118398
1999.749  695.159985742334
1999.834  707.441491506496
1999.916  737.119573854398
2000.001  715.908733166973
2000.086  755.691257102783
2000.165  792.771057234815
2000.25  779.537502358655
2000.332  850.826530087295
2000.416  907.976673956223
2000.498  990.074787080063
2000.583  892.066196993344
2000.668  850.9669517184
2000.75  790.832169154623
2000.834  886.576590962943
2000.916  843.996377271616
2001.001  791.22390844
2001.086  731.255587675584
2001.163  693.4855386544
2001.248  881.1908802976
2001.33  791.354532751935
2001.415  768.116595672383
2001.497  735.789537668418
2001.582  798.155726705662
2001.667  823.733932930944
2001.749  832.142799513023
2001.834  776.372029530496
2001.916  771.076918126145
2002.001  850.569148283583
2002.086  759.037500196097
2002.163  800.443433622016
2002.248  796.422421985343
2002.33  809.973260750977
2002.415  787.380512235904
2002.497  832.921839297856
2002.582  906.510600627903
2002.667  841.978539389056
2002.749  824.255600812095
2002.834  908.7976203376
2002.916  881.142498982144
2003.001  833.036464300416
2003.086  827.688592402943
2003.163  803.445148391425
2003.248  824.210225393856
2003.33  851.435184697601
2003.415  920.210592596417
2003.497  841.955373075263
2003.582  811.982354528256
2003.667  790.962726641342
2003.749  851.458602843456
2003.834  1065.43256185274
2003.916  826.300056266175
2004.001  848.956370179455
2004.086  738.027962041599
2004.165  687.2267883264
2004.25  669.873755809216
2004.332  648.884127558399
2004.416  660.513227468417
2004.498  681.423424068734
2004.583  661.061206595905
2004.668  659.3485428544
2004.75  599.333979423423
2004.834  660.884374166465
2004.916  632.887712090944
2005.001  756.3550717936
2005.086  658.855248507904
2005.163  645.668248681022
2005.248  628.408938076865
2005.33  680.2113678016
2005.415  631.290091291454
2005.497  654.053611219583
2005.582  680.9456256064
2005.667  738.593813722623
2005.749  620.428408167616
2005.834  587.216366068863
2005.916  594.992172101056
2006.001  584.651334108734
2006.086  550.207856764097
2006.163  541.108438798145
2006.248  535.489684886401
2006.33  541.364971968064
2006.415  535.527326762304
2006.497  543.490814322304
2006.582  547.937603445697
2006.667  548.095399210176
2006.749  530.766740521602
2006.834  541.159725632066
2006.916  567.018357415935
2007.001  531.728899335424
2007.086  522.205463012222
2007.163  516.786096774402
2007.248  505.804550817984
2007.33  510.911961380734
2007.415  504.512598769215
2007.497  509.978744115902
2007.582  507.503616870974
2007.667  503.120900890175
2007.749  500.795398593598
2007.834  511.3519330704
2007.916  508.202918826495
2008.001  514.492476023615
2008.086  507.448221903616
2008.165  508.113982452734
2008.25  510.124629143294
2008.332  515.584363968257
2008.416  509.127970421183
2008.498  502.320950106303
2008.583  494.156956869183
2008.668  488.123082812222
2008.75  486.540672971585
2008.834  485.863147177983
2008.916  487.468419384253
2009.001  476.062923435135
2009.086  475.998832049341
2009.163  478.139153119935
2009.248  470.205865561598
2009.33  471.800368977216
2009.415  468.0368480416
2009.497  465.291736406463
2009.582  465.065192473599
2009.667  463.707119735103
2009.749  464.922785114304
2009.834  464.696976258816
2009.916  464.880934628223
2010.001  466.966841281599
2010.086  480.832960375934
2010.163  499.813673353023
2010.248  513.052902686401
2010.33  510.697957130944
2010.415  515.953415106302
2010.497  510.461685993858
2010.582  519.397174830336
2010.667  520.090079790783
2010.749  513.497435197056
2010.834  523.670542446402
2010.916  531.988585285696
2011.001  515.112443160002
2011.086  512.916312790463
2011.163  541.775939841601
2011.248  577.515663030335
2011.33  551.509559278657
2011.415  606.864072009985
2011.497  574.648125668224
2011.582  570.343194758398
2011.667  572.118192078398
2011.749  593.1121053616
2011.834  566.402283999999
2011.916  551.509559278657
2012.001  571.705531397377
2012.086  584.001909959999
2012.165  643.991562654402
2012.25  569.367537544896
2012.332  570.173303629824
2012.416  593.944831849599
2012.498  660.778304408896
2012.583  643.206596070977
2012.668  608.702400398399
2012.75  610.185484156095
2012.834  601.972307648897
2012.916  603.026495389824
2013.001  576.518616178942
2013.086  574.849060681216
2013.163  607.554415465983
2013.248  606.613335026942
2013.33  679.881274777985
2013.415  674.391091857216
2013.497  639.3183105984
2013.582  629.747834043902
2013.667  621.612844399105
2013.749  593.823591671423
2013.834  605.346409817536
2013.916  631.356544974398
2014.001  634.440845142401
2014.086  679.423144824384
2014.163  657.641700950464
2014.248  642.831640096703
2014.33  625.464541644542
2014.415  656.448623185598
2014.497  644.931828240001
2014.582  610.027449412417
2014.667  642.184694245696
2014.749  655.310855759999
2014.834  675.281022390403
2014.916  737.825989718398
2015.001  692.415714584703
2015.086  681.386655490816
2015.163  727.527938400256
2015.248  697.463259190657
2015.33  657.606569590334
2015.415  664.254770985025
2015.497  622.068023622401
2015.582  622.084288995135
2015.667  631.672335165696
2015.749  627.419780607423
2015.834  631.738845773825
2015.916  610.043250102399
2016.001  582.0901548784
2016.086  561.241539856384
2016.165  560.581874406402
2016.25  571.037841591616
2016.332  567.200608354624
2016.416  557.386420441215
2016.498  558.720564123135
2016.583  543.905049206401
2016.668  542.393579655745
2016.75  524.976688372095
2016.834  522.918966465664
2016.916  521.790281339583
2017.001  511.7475807424
2017.086  506.685351027905
2017.163  505.563024999999
2017.248  515.008990006654
2017.33  517.575463609342
2017.415  506.541951527297
2017.497  521.009429628735
2017.582  537.960657187456
2017.667  538.696421003775
2017.749  533.838955426944
2017.834  508.236280176063
2017.916  509.317964759293
2018.001  516.994768380542
2018.086  507.182541385984
2018.163  505.1793965856
2018.248  506.035377556225
2018.33  505.431409870145
2018.415  490.203896481598
2018.497  490.0026549904
2018.582  489.410434592895
2018.667  488.083329515583
2018.749  492.863017952704
2018.834  497.214349422784
2018.916  505.409482677695
2019.001  496.878978193599
2019.086  492.372672750014
2019.163  490.1535629056
2019.248  485.149551518401
2019.33  503.609014156416
2019.415  492.709631935744
2019.497  490.859640630399
2019.582  490.728282662463
2019.667  484.206450676864
2019.749  493.652591126014
2019.834  494.260071185343
2019.916  498.340348319614
2020.001  487.132220405823
2020.086  489.771533248386
2020.165  477.823402657599
2020.25  473.388213904576
2020.332  481.583406625601
2020.416  482.20375816
