1964.498  542.990808539713
1964.583  534.868328539172
1964.668  523.026688081834
1964.75  513.971360006194
1964.834  510.182274386469
1964.916  474.104299877893
1965.001  484.313864871813
1965.086  484.049274725952
1965.163  472.144186484217
1965.248  464.89063470581
1965.33  454.391332224912
1965.415  486.141638004354
1965.497  506.570690711825
1965.582  506.7062178417
1965.667  500.357276688427
1965.749  493.489433750057
1965.834  475.465857388868
1965.916  473.372016949509
1966.001  482.701064138793
1966.086  481.091131976769
1966.163  502.405893411777
1966.248  523.854062660674
1966.33  512.743047128209
1966.415  547.641157758778
1966.497  571.467708932914
1966.582  571.005559972434
1966.667  666.2034565425
1966.749  612.849705349818
1966.834  581.976573557825
1966.916  609.049175817669
1967.001  634.844806576271
1967.086  650.672480414657
1967.163  611.771127134753
1967.248  607.198315980801
1967.33  644.563084063313
1967.415  665.671186696673
1967.497  643.763084999554
1967.582  672.891368149234
1967.667  670.438214895824
1967.749  661.920324698033
1967.834  685.449976749199
1967.916  687.485910860432
1968.001  675.380752908548
1968.086  666.391369681152
1968.165  680.563950856452
1968.25  673.237703021733
1968.332  698.611567873088
1968.416  753.334338869393
1968.498  746.106292176932
1968.583  732.384166901697
1968.668  757.280034554698
1968.75  791.937131845392
1968.834  870.425010979267
1968.916  835.273989235578
1969.001  759.759930455825
1969.086  752.299538225408
1969.163  765.338296786857
1969.248  789.882185812033
1969.33  872.550025296354
1969.415  912.365276577978
1969.497  875.832851239568
1969.582  822.395190365072
1969.667  792.691307422052
1969.749  772.7302075968
1969.834  766.685657610617
1969.916  775.812605921898
1970.001  761.202890281189
1970.086  737.064505695114
1970.163  748.933229878698
1970.248  791.388874874768
1970.33  791.560183977953
1970.415  863.134021956826
1970.497  862.524888130629
1970.582  816.012133224378
1970.667  767.393515813508
1970.749  751.032083588133
1970.834  788.787349379648
1970.916  705.338228342178
1971.001  703.532566960626
1971.086  659.363620375377
1971.163  653.056518825489
1971.248  643.178799864849
1971.33  631.977937805349
1971.415  587.327509449727
1971.497  577.464554189701
1971.582  566.049922784826
1971.667  576.0130150052
1971.749  548.771675892618
1971.834  540.070462880001
1971.916  549.111071857938
1972.001  561.718134217872
1972.086  558.659229602993
1972.165  523.054256056209
1972.25  509.393623678497
1972.332  530.803616637969
1972.416  583.260779923818
1972.498  543.075173011594
1972.583  666.735949182473
1972.668  559.630261281017
1972.75  539.313659579752
1972.834  545.637525857829
1972.916  541.585755469412
1973.001  536.375878068369
1973.086  536.599409926032
1973.163  566.222409934338
1973.248  617.053673846657
1973.33  653.490471426949
1973.415  600.239511019173
1973.497  577.580760583173
1973.582  561.145705650753
1973.667  534.282666372594
1973.749  523.247253462426
1973.834  515.420041681699
1973.916  510.454373234688
1974.001  514.463122265627
1974.086  497.051187085568
1974.163  524.985929983749
1974.248  536.822991122192
1974.33  593.735544261091
1974.415  600.565688803315
1974.497  649.374022341018
1974.582  610.873075160393
1974.667  640.4762665988
1974.749  627.9636210377
1974.834  610.424309356688
1974.916  562.949899840195
1975.001  565.992433235633
1975.086  540.210673312426
1975.163  529.914916441872
1975.248  514.217209913892
1975.33  519.147321315014
1975.415  508.252589327313
1975.497  510.699328111234
1975.582  524.185206762538
1975.667  523.909245635176
1975.749  525.759657248773
1975.834  545.468382933248
1975.916  525.621447338176
1976.001  523.136964604817
1976.086  518.735524692177
1976.165  517.364122017977
1976.25  536.934800222208
1976.332  522.200007325593
1976.416  518.543412295232
1976.498  507.981114919433
1976.583  502.540826937872
1976.668  502.594805744709
1976.75  501.434940958426
1976.834  496.917039891754
1976.916  502.136084178138
1977.001  505.730852676613
1977.086  501.677585405712
1977.163  501.758480764594
1977.248  504.242640664456
1977.33  505.297677747909
1977.415  521.539162272873
1977.497  555.125371827272
1977.582  552.880144011812
1977.667  556.491910625577
1977.749  526.450995894497
1977.834  512.088585243408
1977.916  509.149001836801
1978.001  554.897788045626
1978.086  555.950776631108
1978.248  627.751115652713
1978.33  686.912985233252
1978.415  635.516759549349
1978.497  629.817052553936
1978.582  566.855100257394
1978.667  567.200361336426
1978.749  624.174567510826
1978.834  607.944273883424
1978.916  597.278537008772
1979.001  622.783227817697
1979.086  633.929108380453
1979.163  663.106896580256
1979.248  738.550955271429
1979.33  712.033711327807
1979.415  766.753058030194
1979.497  765.506649434851
1979.582  835.555882366697
1979.667  821.905957062501
1979.749  755.640264472209
1979.834  751.065423395626
1979.916  687.708782725977
1980.001  704.306125807456
1980.086  716.580782809488
1980.165  687.167588008772
1980.25  731.726213135417
1980.332  741.594777149701
1980.416  823.479030390426
1980.498  829.786934710624
1980.583  812.222471340287
1980.668  814.098773704932
1980.75  866.865338307979
1980.834  916.131227602937
1980.916  909.527665518847
1981.001  813.264584013828
1981.086  858.017076700689
1981.163  862.130861434434
1981.248  911.775266905114
1981.33  953.590287123333
1981.415  864.998637856674
1981.497  848.824984149572
1981.582  849.358003144336
1981.667  807.541550364034
1981.749  896.833256514213
1981.834  874.316907533731
1981.916  801.632553217093
1982.001  747.336156957833
1982.086  865.213919984154
1982.163  771.275910710152
1982.248  749.099693787392
1982.33  725.261846438852
1982.415  885.029681469189
1982.497  1029.85328420843
1982.582  1018.81238817435
1982.667  1098.56280481563
1982.749  1008.29876601471
1982.834  969.620582825514
1982.916  1027.61667024743
1983.001  913.693519917427
1983.086  857.374102743813
1983.163  794.784382180674
1983.248  779.955068513675
1983.33  879.882016150801
1983.415  824.528613220627
1983.497  762.412045909571
1983.582  770.836520171073
1983.667  740.270574582501
1983.749  739.708161999274
1983.834  728.999000277249
1983.916  724.116484804618
1984.001  695.052726712098
1984.086  711.482595718337
1984.165  751.398863870826
1984.25  783.802175413413
1984.332  863.205699407273
1984.416  819.078359046377
1984.498  796.6052842628
1984.583  756.342796430273
1984.668  735.942445797178
1984.75  734.557602184354
1984.834  735.777512152772
1984.916  720.131464437233
1985.001  692.7813317097
1985.086  647.644860297512
1985.163  627.0531496388
1985.248  607.765200044698
1985.33  615.971210225034
1985.415  582.385022782338
1985.497  609.706644858512
1985.582  610.514048640976
1985.667  581.801570145017
1985.749  575.867967087425
1985.834  552.482757403201
1985.916  554.983126181888
1986.001  547.584664230473
1986.086  627.568998245512
1986.163  565.417707344793
1986.248  511.897784171178
1986.33  504.107464300452
1986.415  509.665498961657
1986.497  518.955127972098
1986.582  519.614233842834
1986.667  513.152311298554
1986.749  491.273595900993
1986.834  526.478659462208
1986.916  490.127720120152
1987.001  461.557129320873
1987.086  440.214618420426
1987.163  430.938738192133
1987.248  443.161904065508
1987.33  469.511418997699
1987.415  512.034066796773
1987.497  538.277471523073
1987.582  558.116982408708
1987.667  581.714078845952
1987.749  566.337416785625
1987.834  597.426402617217
1987.916  589.909829470273
1988.001  658.242802240426
1988.086  629.938689265626
1988.165  616.361984614533
1988.25  632.069328387426
1988.332  635.272369842501
1988.416  648.200398730337
1988.498  704.209406667812
1988.583  720.066231827825
1988.668  702.823861433513
1988.75  720.196700130297
1988.834  734.458736820132
1988.916  786.531742373733
1989.001  812.326651385626
1989.086  814.2378484913
1989.163  974.803835308474
1989.248  944.481322122769
1989.33  1010.82468698677
1989.415  1005.00055316647
1989.497  913.1399637737
1989.582  966.3123039737
1989.667  1025.65679037133
1989.749  1102.0155319569
1989.834  1149.98262964589
1989.916  1102.82874780278
1990.001  1022.9944466468
1990.086  999.503022405632
1990.163  1032.87865214317
1990.248  1115.84122425
1990.33  1145.45796062318
1990.415  1145.4994297188
1990.497  1053.31020992166
1990.582  1078.48600109814
1990.667  1017.40732479663
1990.749  953.477089696937
1990.834  898.771790050858
1990.916  898.149760375269
1991.001  818.729623637419
1991.086  807.576172201508
1991.163  1016.93919236063
1991.248  993.288710291825
1991.33  981.571040669701
1991.415  1367.15572669335
1991.497  1342.21046970054
1991.582  1147.03432820939
1991.667  998.459476101258
1991.749  953.628021140625
1991.834  938.708214741188
1991.916  885.429092999674
1992.001  874.641638132826
1992.086  908.202558257553
1992.165  838.589349560626
1992.25  757.748880265626
1992.332  788.718948313701
1992.416  730.772727908708
1992.498  690.322380501834
1992.583  692.845261474449
1992.668  708.503953076937
1992.75  661.233870832618
1992.834  675.822411566353
1992.916  628.753257475473
1993.001  642.410427637673
1993.086  642.164650285627
1993.163  680.753973215808
1993.248  637.993984090698
1993.33  625.173707394468
1993.415  618.739492021425
1993.497  608.810188676132
1993.582  607.287805488953
1993.667  592.292014191874
1993.749  581.247575763201
1993.834  575.809953316714
1993.916  574.013055918017
1994.001  584.283373503553
1994.086  654.0486325092
1994.163  608.660846767377
1994.248  604.249054556537
1994.33  603.416290697393
1994.415  606.512460254913
1994.497  589.968587943909
1994.582  571.641065673419
1994.667  551.489951940426
1994.749  554.641815266192
1994.834  553.135686621234
1994.916  551.546658240994
1995.001  532.360741513233
1995.086  528.527902759172
1995.163  537.438093813252
1995.248  529.7483730393
1995.33  528.666517399618
1995.415  536.627354877353
1995.497  539.201588368977
1995.582  531.053705801753
1995.667  520.163827937273
1995.749  520.768737603425
1995.834  512.552116542426
1995.916  522.475490486273
1996.001  508.741437531825
1996.086  487.017087820352
1996.165  490.687155792453
1996.25  487.070172366948
1996.332  501.434940958426
1996.416  507.926829288825
1996.498  505.649617344657
1996.583  507.004445367858
1996.668  508.659945485509
1996.75  516.350524825152
1996.834  513.316065534274
1996.916  506.597794595972
1997.001  486.884389944858
1997.086  485.0021600388
1997.163  484.605003072826
1997.248  486.0620932868
1997.33  481.961722721825
1997.415  489.302507865349
1997.497  494.639486342949
1997.582  482.806733679714
1997.667  490.953673223313
1997.749  499.9534705892
1997.834  502.891744302657
1997.916  494.211393279333
1998.001  492.554396727873
1998.086  485.187559316634
1998.163  481.671432526212
1998.248  548.036698799273
1998.33  598.935732688547
1998.415  586.536403560138
1998.497  563.293902787577
1998.582  595.387559398788
1998.667  560.344823710992
1998.749  534.422078909028
1998.834  546.652966216293
1998.916  573.752462280068
1999.001  615.039889367269
1999.086  611.322014419749
1999.163  602.792114438289
1999.248  592.851530630673
1999.33  608.869930836033
1999.415  584.283373503553
1999.497  569.216596820625
1999.582  627.599349219428
1999.667  683.099864219972
1999.749  704.757573531234
1999.834  712.163417967249
1999.916  729.425803332537
2000.001  716.190441763393
2000.086  747.070150822426
2000.165  784.995753863778
2000.25  782.5754799497
2000.332  856.802780026308
2000.416  907.135837327954
2000.498  966.730269862338
2000.583  909.932758685513
2000.668  872.441908964132
2000.75  800.563745243825
2000.834  869.885180959313
2000.916  827.751660269273
2001.001  792.314172993425
2001.086  737.328649302297
2001.163  694.348498653498
2001.248  858.946257823428
2001.33  783.802175413413
2001.415  768.169179165825
2001.497  747.934851156377
2001.582  807.922432976528
2001.667  800.598211356672
2001.749  833.161363416738
2001.834  779.513112372801
2001.916  759.625774100778
2002.001  837.213000918372
2002.086  743.848752310149
2002.163  786.053711993408
2002.248  797.671343927658
2002.33  795.127782864753
2002.415  781.996554388594
2002.497  824.248656625473
2002.582  887.173071292377
2002.667  837.530515762426
2002.749  813.229835746457
2002.834  858.159993722432
2002.916  843.929347936833
2003.001  790.121786511376
2003.086  816.081753876274
2003.163  789.197820532112
2003.248  812.500300212801
2003.33  834.604690788608
2003.415  908.828178850554
2003.497  849.10923936119
2003.582  825.263734026213
2003.667  797.327372767218
2003.749  839.860865964297
2003.834  1016.43217416181
2003.916  815.838095085632
2004.001  827.646457991973
2004.086  729.195970113572
2004.165  680.975701044978
2004.25  660.610145647936
2004.332  644.532305232128
2004.416  646.966208081777
2004.498  685.672503245273
2004.583  667.4567350217
2004.668  642.963607073657
2004.75  577.203134902858
2004.834  649.930337855154
2004.916  619.613455156292
2005.001  750.865396114377
2005.086  655.973099214789
2005.163  630.820924307713
2005.248  609.8860193537
2005.33  675.948627507201
2005.415  635.150193491013
2005.497  653.335471009433
2005.582  676.769331779172
2005.667  747.070150822426
2005.749  614.049297378058
2005.834  578.103841994769
2005.916  572.248032819301
2006.001  560.573585449232
2006.086  522.8337338468
2006.163  502.324942547089
2006.248  499.576741392133
2006.33  496.487898385098
2006.415  502.864746033727
2006.497  521.208906263938
2006.582  518.323901524993
2006.667  515.283281089425
2006.749  492.474294639498
2006.834  490.713804066424
2006.916  533.418738816708
2007.001  479.036709320613
2007.086  485.108097857792
2007.163  475.5182666148
2007.248  452.781554066217
2007.33  454.340181130628
2007.415  456.645033192849
2007.497  462.382848926824
2007.582  467.275855502912
2007.667  462.434482613273
2007.749  466.212070678835
2007.834  466.393600739301
2007.916  445.739942915072
2008.001  449.469460727898
2008.086  454.468064648192
2008.165  452.118093122827
2008.25  461.247687989937
2008.332  470.318659705338
2008.416  474.365975968833
2008.498  464.554118785458
2008.583  449.342332706054
2008.668  443.010504497552
2008.75  432.3320715953
2008.834  420.933918721977
2008.916  418.507528947301
2009.001  410.256215569377
2009.086  398.009634292736
2009.163  399.750279854853
2009.248  391.1117256513
2009.33  397.652476199652
2009.415  401.231862634753
2009.497  400.323444232868
2009.582  410.183590575889
2009.667  400.275663574593
2009.749  391.583719542501
2009.834  388.803413009168
2009.916  384.115544119568
2010.001  385.729374740657
2010.086  437.077469044801
2010.163  432.880114019328
2010.248  464.217733149573
2010.33  462.847663116474
2010.415  474.549195101873
2010.497  503.026747211011
2010.582  513.7801865825
2010.667  513.343360605093
2010.749  504.05339915125
2010.834  515.994646628778
2010.916  511.271132327748
2011.001  510.917118201425
2011.086  508.252589327313
2011.163  534.338429074426
2011.248  590.497552971151
2011.33  559.973191116114
2011.415  624.810286665252
2011.497  603.802855896453
2011.582  595.092379385408
2011.667  602.376185806148
2011.749  609.258330039497
2011.834  578.191046513825
2011.916  544.566756051201
2012.001  563.924863179617
2012.086  590.379983601729
2012.165  674.05668353
2012.25  580.985254506977
2012.332  586.536403560138
2012.416  618.498512838114
2012.498  670.469635898372
2012.583  655.476178949252
2012.668  614.619535688767
2012.75  612.8796801177
2012.834  596.982863610433
2012.916  589.116891889018
2013.001  566.538708455569
2013.086  557.489464918592
2013.163  592.939900771697
2013.248  597.515131233253
2013.33  672.671021797953
2013.415  685.322835711553
2013.497  665.483379944153
2013.582  650.394124918148
2013.667  632.099793456612
2013.749  598.935732688547
2013.834  608.959549857737
2013.916  642.686986133649
2014.001  629.421818426949
2014.086  677.78014475287
2014.163  658.087212073699
2014.248  650.919959944817
2014.33  627.0531496388
2014.415  671.349736960772
2014.497  649.868512685626
2014.582  623.327470818594
2014.667  649.775780713188
2014.749  648.416508909188
2014.834  656.128427270754
2014.916  714.013077813258
2015.001  670.186874628354
2015.086  668.366133218577
2015.163  721.436764193154
2015.248  697.295934696177
2015.33  666.2034565425
2015.415  680.183989396452
2015.497  642.441153275793
2015.582  631.9170146052
2015.667  633.807067709829
2015.749  622.752999419109
2015.834  615.160018171171
2015.916  598.195614459474
2016.001  554.016366909252
2016.086  529.332135951825
2016.165  535.286866804939
2016.25  536.9907093977
2016.332  534.226906754416
2016.416  529.387624208274
2016.498  541.7542600772
2016.583  523.523029570425
2016.668  518.131870074017
2016.75  496.139366228228
2016.834  480.379454898426
2016.916  474.365975968833
2017.001  459.419098280001
2017.086  450.894611293674
2017.163  424.8960009593
2017.248  476.435927235425
2017.33  486.751711342213
2017.415  481.908935748034
2017.497  483.969912715017
2017.582  498.743093025426
2017.667  515.748345736388
2017.749  500.330350885413
2017.834  467.068185971713
2017.916  458.442013026308
2018.001  448.072112494352
2018.086  452.985800739257
2018.163  452.296665957188
2018.248  443.490031670625
2018.33  457.620067815301
2018.415  456.5937464177
2018.497  451.429666039808
2018.582  452.934734445513
2018.667  449.088134480912
2018.749  441.573592778057
2018.834  439.209420066426
2018.916  441.397302620049
2019.001  438.330883331301
2019.086  440.5918858052
2019.163  431.237106114372
2019.248  432.307169441538
2019.33  462.486119383378
2019.415  444.323556099648
2019.497  447.285543845626
2019.582  446.879862793818
2019.667  438.155289308633
2019.749  437.8292863425
2019.834  427.936398135714
2019.916  430.044300495108
2020.001  446.829166538794
2020.086  442.783457182314
2020.165  440.415806106712
2020.25  434.476540808193
2020.332  446.347705913408
2020.416  448.249827301433
2020.498  482.225703845626
2020.583  459.393371248258
2020.668  456.952818600513
2020.75  459.136143331098
2020.834  453.5221829993
2020.916  464.631764741828
