1964.25  532.132385150438
1964.332  528.220603940052
1964.416  527.067461683925
1964.498  515.004278349007
1964.583  513.856876315698
1964.668  504.430870910771
1964.75  510.408077402516
1964.834  512.584819205298
1964.916  497.161963273054
1965.001  499.387676483253
1965.086  513.0085067757
1965.163  490.360193585651
1965.248  470.292215151872
1965.33  461.69957169029
1965.415  497.059155092948
1965.497  510.851165647871
1965.582  517.51997357621
1965.667  511.5270504448
1965.749  498.438505845636
1965.834  481.454027497324
1965.916  498.62407517141
1966.001  528.460227042133
1966.086  545.797064517236
1966.163  533.185868985925
1966.248  538.193834362111
1966.33  524.335374016973
1966.415  557.348289121317
1966.497  573.436657356052
1966.582  584.067071507151
1966.667  684.390032691813
1966.749  631.283485884916
1966.834  607.084717066692
1966.916  634.107968955091
1967.001  692.933069316323
1967.086  720.797296073933
1967.163  669.197172049924
1967.248  635.613426527157
1967.33  684.254657937907
1967.415  704.570851075791
1967.497  681.254673352925
1967.582  711.295551401299
1967.667  685.799158215435
1967.749  671.461845392499
1967.834  698.252084525692
1967.916  701.254287556431
1968.001  724.7773912253
1968.086  760.342609258124
1968.165  743.943877889493
1968.25  680.499533068676
1968.332  710.097121185237
1968.416  747.526666720924
1968.498  738.220711766452
1968.583  729.711707599568
1968.668  753.157558666052
1968.75  799.053958858772
1968.834  892.917062368771
1968.916  875.528631165811
1969.001  814.318858187653
1969.086  835.546991467328
1969.163  828.604667465491
1969.248  785.254899488924
1969.33  858.5354311157
1969.415  890.029951636596
1969.497  857.033976187836
1969.582  807.2266911373
1969.667  783.096649368716
1969.749  769.586627710692
1969.834  774.447194173997
1969.916  767.636835660157
1970.001  803.742956361807
1970.086  804.780837993299
1970.163  802.3402883117
1970.248  798.082087825299
1970.33  778.972010675324
1970.415  852.158939799699
1970.497  857.002050226291
1970.582  809.125875111632
1970.667  764.866090671652
1970.749  745.271490345317
1970.834  802.523145573968
1970.916  731.333577106853
1971.001  745.387017773292
1971.086  701.281876280132
1971.163  723.420615633812
1971.248  662.676678443212
1971.33  644.112784915711
1971.415  593.150422236236
1971.497  588.677756331812
1971.582  567.347905337557
1971.667  566.141564328125
1971.749  541.97225634805
1971.834  556.480178164324
1971.916  577.079299076117
1972.001  604.1634636372
1972.086  644.835928748366
1972.165  540.413535199311
1972.25  520.670073226692
1972.332  533.273745486813
1972.416  587.073658101267
1972.498  553.246774939676
1972.583  661.199345634876
1972.668  556.640003430351
1972.75  554.3151358693
1972.834  637.01941704699
1972.916  553.973970735325
1973.001  549.826769042752
1973.086  561.960043326287
1973.163  571.821498198613
1973.248  616.342194820875
1973.33  646.517160145732
1973.415  589.733217578125
1973.497  569.790616501491
1973.582  551.636339285311
1973.667  510.998942938924
1973.749  520.133078277967
1973.834  509.754662659408
1973.916  509.944281675925
1974.001  517.690946832499
1974.086  508.282139347988
1974.163  530.752585047028
1974.248  543.222156800692
1974.33  582.307430556468
1974.415  609.746096454397
1974.497  660.382653857791
1974.582  617.813184030672
1974.667  636.738018405853
1974.749  633.9040611973
1974.834  618.612215224529
1974.916  573.530410756211
1975.001  567.812479288397
1975.086  546.403196620799
1975.163  541.058798461852
1975.248  526.285522768733
1975.33  522.909530904916
1975.415  514.642798574918
1975.497  519.982812502917
1975.582  535.122214754996
1975.667  527.197889248372
1975.749  529.528857181332
1975.834  553.496652783509
1975.916  526.480906814612
1976.001  530.774460947325
1976.086  531.277835365972
1976.165  530.293382562637
1976.25  547.459756517917
1976.332  532.263966217957
1976.416  521.788681709372
1976.498  512.288435128528
1976.583  509.544053586546
1976.668  505.370165560435
1976.75  508.303146806316
1976.834  503.805606726911
1976.916  512.076831656467
1977.001  524.486811525748
1977.086  522.564415573555
1977.163  517.455872278091
1977.248  524.011001799488
1977.33  523.66521027667
1977.415  525.374618055917
1977.497  558.309172337925
1977.582  553.019700273397
1977.667  548.901419799452
1977.749  529.812705252291
1977.834  507.379602557876
1977.916  517.947506156852
1978.001  558.446560696773
1978.086  570.513544720676
1978.163  575.760950811876
1978.248  621.565976445972
1978.33  679.045025758435
1978.415  635.434662099699
1978.497  632.198415749117
1978.582  571.307349411196
1978.667  568.1146301053
1978.749  606.568349058291
1978.834  589.901279784192
1978.916  586.906280373318
1979.001  623.902071254925
1979.086  635.306998082924
1979.163  667.867808007923
1979.248  724.692536815877
1979.33  704.072605832499
1979.415  770.888494449436
1979.497  767.813940323053
1979.582  837.587383282412
1979.667  809.6778477437
1979.749  758.4392456528
1979.834  755.196980674733
1979.916  702.800532229328
1980.001  715.040021550288
1980.086  734.042675920847
1980.165  695.917749375829
1980.25  744.116945291637
1980.332  742.733241369813
1980.416  828.417603894608
1980.498  828.137064473236
1980.583  818.020552517173
1980.668  819.968718885329
1980.75  877.409390794049
1980.834  929.176130245199
1980.916  934.044283385807
1981.001  834.324436912925
1981.086  880.333329822387
1981.163  895.316921609169
1981.248  927.928060129117
1981.33  968.602485478992
1981.415  880.398382482511
1981.497  870.322510820197
1981.582  866.842243691293
1981.667  823.595467993451
1981.749  921.033632113652
1981.834  907.614929984768
1981.916  845.878864494592
1982.001  784.475035847694
1982.086  889.440196806924
1982.163  791.815795374037
1982.248  769.143176189007
1982.33  742.070893179727
1982.415  889.6039906613
1982.497  1011.590817222
1982.582  1028.39542769805
1982.667  1107.58733975765
1982.749  1020.4373
1982.834  983.355389294324
1982.916  1040.86326935192
1983.001  954.581941678708
1983.086  881.016548072556
1983.163  818.885998190012
1983.248  815.5205999668
1983.33  904.529677192516
1983.415  847.3983237952
1983.497  790.156808981071
1983.582  787.928673420628
1983.667  767.5482945157
1983.749  752.953839790672
1983.834  738.851810186447
1983.916  738.019991833324
1984.001  713.389503508924
1984.086  724.7773912253
1984.165  767.046702236997
1984.25  798.355340786532
1984.332  866.070163602924
1984.416  810.015296524412
1984.498  792.963468407452
1984.583  752.633792167292
1984.668  740.258879950036
1984.75  740.230144352591
1984.834  749.119886036799
1984.916  736.558829346126
1985.001  728.348010989648
1985.086  686.938933848124
1985.163  679.152684174077
1985.248  667.655302011717
1985.33  657.806092044148
1985.415  627.331199908733
1985.497  637.531307826432
1985.582  636.763595957172
1985.667  603.159699387653
1985.749  586.452174077951
1985.834  559.432050268148
1985.916  576.985045161693
1986.001  584.233758956324
1986.086  631.969582600149
1986.163  590.429739633428
1986.248  540.925238539925
1986.33  533.977234805533
1986.415  530.512004835717
1986.497  528.155269586924
1986.582  525.287941463395
1986.667  518.568017165973
1986.749  507.002251397324
1986.834  540.168962475213
1986.916  502.121118698493
1987.001  473.983218488836
1987.086  466.978242281717
1987.163  464.072014276788
1987.248  470.661930101797
1987.33  484.531635900733
1987.415  522.262613678477
1987.497  539.546866174596
1987.582  560.556917825436
1987.667  580.055084155012
1987.749  578.518314101427
1987.834  596.851040851199
1987.916  593.246923492852
1988.001  666.116219605931
1988.086  639.094621923076
1988.165  628.697016754325
1988.25  641.998743832308
1988.332  635.434662099699
1988.416  646.051237848436
1988.498  694.739130906491
1988.583  693.179137889427
1988.668  695.616096480317
1988.75  706.400047363348
1988.834  717.114240687891
1988.916  793.567987472373
1989.001  832.164543387728
1989.086  841.993964702773
1989.163  991.192612858772
1989.248  959.159834423972
1989.33  1019.25245522864
1989.415  993.978913538317
1989.497  897.062052083036
1989.582  940.323726284772
1989.667  978.945402137253
1989.749  1046.76871662616
1989.834  1128.31415659439
1989.916  1071.46052195253
1990.001  1008.95029602665
1990.086  995.851102541299
1990.163  1036.93838645272
1990.248  1102.63277677521
1990.33  1115.29311393192
1990.415  1122.11619187949
1990.497  1032.00969054665
1990.582  1049.36376079173
1990.667  988.903965140076
1990.749  932.927147255972
1990.834  889.112671248125
1990.916  881.049091390272
1991.001  812.410991450972
1991.086  794.989912009551
1991.163  1007.98799250363
1991.248  979.609557861631
1991.33  961.333426118771
1991.415  1363.94029365371
1991.497  1334.34163980233
1991.582  1127.27965223145
1991.667  977.617988133773
1991.749  942.161992134276
1991.834  932.419656425807
1991.916  878.935499364076
1992.001  887.770682827347
1992.086  910.407770229199
1992.165  838.56172628
1992.25  752.575612462973
1992.332  776.260774517967
1992.416  710.319968933125
1992.498  675.526540125332
1992.583  689.604094973156
1992.668  705.152476531693
1992.75  660.251003957557
1992.834  676.975185452287
1992.916  636.584570499925
1993.001  646.646630654388
1993.086  644.861767329477
1993.163  680.634331899711
1993.248  638.889421446325
1993.33  623.298521942973
1993.415  609.943620169325
1993.497  605.217688567277
1993.582  601.888636248957
1993.667  585.449421683027
1993.749  584.329027157934
1993.834  574.233983877071
1993.916  579.416308411711
1994.001  575.173241503951
1994.086  617.114727815488
1994.163  614.724953012033
1994.248  622.921546007809
1994.33  595.687974223872
1994.415  593.078054994767
1994.497  580.055084155012
1994.582  559.799135192498
1994.667  548.225217516572
1994.749  561.108599275116
1994.834  563.920360077052
1994.916  569.115049751996
1995.001  550.866623915411
1995.086  543.825715896324
1995.163  555.750065464355
1995.248  545.909265626451
1995.33  538.792336937812
1995.415  537.662339216191
1995.497  536.004493307717
1995.582  532.812541774031
1995.667  537.573803097168
1995.749  547.774830327653
1995.834  545.258787568772
1995.916  527.806945660813
1996.001  525.157951434596
1996.086  516.345968103076
1996.165  497.470512113268
1996.25  489.893794243925
1996.332  489.873525955668
1996.416  488.012388469172
1996.498  487.084449911807
1996.583  494.802616443088
1996.668  496.524886508801
1996.75  506.855576232052
1996.834  509.375625992212
1996.916  505.370165560435
1997.001  490.096522703125
1997.086  483.730367736172
1997.163  481.414187828916
1997.248  486.741959847773
1997.33  481.533716778132
1997.415  484.471494797427
1997.497  485.394477932111
1997.582  474.591446903632
1997.667  476.243552161792
1997.749  488.274949767924
1997.834  505.140405241088
1997.916  495.048297040192
1998.001  492.352373506768
1998.086  488.780268958799
1998.163  486.621138179597
1998.248  540.813961393299
1998.33  582.830093058368
1998.415  571.938406130706
1998.497  543.669179605652
1998.582  575.126247133299
1998.667  544.429879089471
1998.749  524.746513151572
1998.834  542.396038439812
1998.916  560.465017322453
1999.001  595.058776977427
1999.086  595.518519858925
1999.163  589.397214979892
1999.248  569.720697968052
1999.33  578.329415142228
1999.415  558.950573241676
1999.497  542.128351788413
1999.582  597.627479295232
1999.667  648.954672018324
1999.749  674.107071246132
1999.834  684.687930073012
1999.916  725.796225861908
2000.001  696.576249187572
2000.086  720.769127284032
2000.165  759.580843682333
2000.25  749.757875643251
2000.332  809.892576275557
2000.416  866.938787263312
2000.498  922.611229016924
2000.583  875.625843471291
2000.668  842.088569196352
2000.75  783.036759297773
2000.834  854.418799340933
2000.916  829.041265144128
2001.001  790.910582955397
2001.086  721.670939579199
2001.163  691.649135070132
2001.248  832.258369763933
2001.33  757.357356216356
2001.415  736.1581029613
2001.497  721.840123852468
2001.582  771.036535363152
2001.667  771.036535363152
2001.749  814.2880608692
2001.834  772.221608472271
2001.916  746.629774991028
2002.001  832.790193435647
2002.086  745.098224063333
2002.163  776.826289985037
2002.248  775.190091907072
2002.33  770.089431499087
2002.415  745.820363713107
2002.497  795.141288303916
2002.582  859.718715295236
2002.667  809.585833660038
2002.749  786.696119460476
2002.834  836.394113731013
2002.916  821.951176227792
2003.001  794.596430598124
2003.086  795.625831661772
2003.163  777.153830406387
2003.248  788.650814781172
2003.33  813.703069265132
2003.415  875.852701187392
2003.497  825.1177331037
2003.582  799.844228887632
2003.667  774.625442395973
2003.749  819.009686320756
2003.834  999.7442068212
2003.916  799.35784257659
2004.001  822.509353910868
2004.086  739.167509799326
2004.165  683.442844464127
2004.25  655.420696473317
2004.332  629.558215193293
2004.416  630.699509610447
2004.498  668.0006511872
2004.583  651.816377161324
2004.668  634.898612445132
2004.75  576.490429635792
2004.834  642.565378666831
2004.916  622.896420908124
2005.001  721.9529299413
2005.086  643.055067880237
2005.163  624.078196381172
2005.248  601.766536724371
2005.33  661.410234075052
2005.415  612.417141402325
2005.497  629.431508285747
2005.582  651.660025609734
2005.667  727.922247343733
2005.749  601.278345792532
2005.834  571.985175104207
2005.916  571.517634529087
2006.001  562.881799527247
2006.086  534.901852283318
2006.163  508.345164208973
2006.248  505.119522911324
2006.33  495.642517791796
2006.415  496.833050019324
2006.497  502.827525643325
2006.582  501.85127508293
2006.667  503.1394803008
2006.749  485.113384400373
2006.834  491.2130104692
2006.916  520.176018814548
2007.001  474.768178506517
2007.086  483.610291867396
2007.163  471.207318448124
2007.248  451.516530118612
2007.33  451.460632613892
2007.415  450.214198230272
2007.497  453.253051929924
2007.582  455.937170528371
2007.667  451.125404203452
2007.749  449.712955354325
2007.834  452.654730270596
2007.916  445.228953858932
2008.001  453.028581867757
2008.086  458.108020703316
2008.165  457.824244833171
2008.25  454.865246040653
2008.332  457.635164502991
2008.416  456.653282595647
2008.498  451.367486679346
2008.583  450.251351363507
2008.668  443.251770840788
2008.75  437.360221547611
2008.834  429.75267615221
2008.916  430.211579220992
2009.001  425.682649085299
2009.086  426.101618017747
2009.163  413.790795356236
2009.248  402.476241980925
2009.33  400.963211389812
2009.415  404.258701694288
2009.497  407.256862734707
2009.582  406.9921876693
2009.667  402.982178207348
2009.749  397.717597609773
2009.834  398.844111432893
2009.916  396.291178975231
2010.001  405.211179725331
2010.086  431.786680423917
2010.163  450.530105517691
2010.248  467.964084437312
2010.33  458.600340557212
2010.415  464.878472269633
2010.497  468.428755956992
2010.582  475.259451808692
2010.667  475.259451808692
2010.749  466.823795940132
2010.834  476.223849852412
2010.916  489.995148115199
2011.001  481.513793214931
2011.086  491.395947123092
2011.163  498.665321914687
2011.248  542.998769698112
2011.33  516.026219841871
2011.415  578.140569217652
2011.497  556.959775776308
2011.582  551.025016417924
2011.667  553.814824146751
2011.749  567.138955200592
2011.834  537.861593960956
2011.916  506.352998214868
2012.001  539.236061652093
2012.086  566.790854132197
2012.165  631.613753339198
2012.25  549.036749751956
2012.332  541.637902848597
2012.416  574.867837344333
2012.498  650.852684499792
2012.583  637.147358666877
2012.668  598.574910936972
2012.75  601.131953148927
2012.834  590.862414193471
2012.916  573.7179573325
2013.001  566.814055069426
2013.086  564.752416711925
2013.163  586.308834239891
2013.248  583.044025135325
2013.33  656.861598691732
2013.415  660.198349798125
2013.497  651.165109171198
2013.582  635.000688966596
2013.667  618.637198622325
2013.749  590.597970058693
2013.834  602.964005367252
2013.916  625.413032773125
2014.001  613.508115958732
2014.086  661.9113066733
2014.163  643.235555104307
2014.248  630.623371110012
2014.33  609.721409719028
2014.415  645.482141875893
2014.497  627.685068545924
2014.582  602.670563776572
2014.667  631.334287147171
2014.749  630.217425064925
2014.834  638.222886167252
2014.916  693.726197253908
2015.001  670.528607756925
2015.086  664.685786700325
2015.163  701.392239461597
2015.248  676.626216663716
2015.33  644.784254072149
2015.415  651.868500974516
2015.497  620.688657192076
2015.582  616.915288224768
2015.667  616.267475825299
2015.749  610.338826703052
2015.834  600.059318628432
2015.916  584.495778414387
2016.001  545.640017768307
2016.086  525.721457012556
2016.165  529.725352468316
2016.25  525.266274386931
2016.332  523.168506619325
2016.416  511.992213470291
2016.498  522.542852909007
2016.583  506.4785979712
2016.668  504.848128033012
2016.75  486.782240366491
2016.834  473.238734555052
2016.916  474.316664492148
2017.001  461.794988169676
2017.086  456.464716038388
2017.163  450.604471448117
2017.248  462.635546490213
2017.33  457.540655412877
2017.415  452.169218736558
2017.497  472.358656377748
2017.582  495.4990213893
2017.667  510.091809538511
2017.749  485.796321866751
2017.834  462.578184732672
2017.916  458.070173147973
2018.001  457.219479467027
2018.086  450.864856616516
2018.163  448.305292880013
2018.248  443.653746426448
2018.33  446.736603680846
2018.415  434.509779765299
2018.497  436.210354767325
2018.582  436.174476122396
2018.667  433.190302991167
2018.749  430.052664765773
2018.834  433.813814279251
2018.916  437.306245719347
2019.001  436.856737183572
2019.086  439.941719805952
2019.163  426.853464381757
2019.248  427.308812473396
2019.33  444.532176226767
2019.415  431.042556344925
2019.497  431.024856921266
2019.582  432.763339089151
2019.667  425.229304708047
2019.749  421.364011525494
2019.834  425.055090645907
2019.916  424.028914428925
2020.001  418.496360435187
2020.086  409.831884327013
2020.165  412.460427692052
2020.25  404.324300338431
2020.332  410.533060304558
2020.416  417.147859072925
2020.498  419.283946174798
