1965.001 439.619
1965.086 438.3279
1965.163 423.9738
1965.248 405.7109
1965.33 408.4107
1965.415 447.153
1965.497 458.9475
1965.582 464.4937
1965.667 455.5825
1965.749 445.4575
1965.834 430.66
1965.916 418.8518
1966.001 436.1701
1966.086 439.9354
1966.163 459.6964
1966.248 477.7379
1966.33 459.5627
1966.415 499.9705
1966.497 517.8872
1966.582 512.9642
1966.667 609.0473
1966.749 554.1157
1966.834 525.9044
1966.916 547.341
1967.001 570.1722
1967.086 579.4204
1967.163 561.9516
1967.248 578.4642
1967.33 607.6904
1967.415 633.0904
1967.497 609.3129
1967.582 649.4186
1967.667 634.1981
1967.749 631.445
1967.834 657.2304
1967.916 659.5685
1968.001 643.5975
1968.086 649.3582
1968.165 661.3317
1968.25 640.9497
1968.332 674.0907
1968.417 709.8173
1968.499 705.3253
1968.583 693.5231
1968.668 711.7234
1968.75 742.325
1968.835 810.543
1968.917 783.7047
1969.001 714.5392
1969.086 698.8248
1969.163 720.2777
1969.248 730.1014
1969.33 807.9156
1969.415 841.1971
1969.497 785.522
1969.582 727.4831
1969.667 698.235
1969.749 687.9896
1969.834 687.1563
1969.916 686.6628
1970.001 693.9256
1970.086 677.9238
1970.163 672.0701
1970.248 702.6166
1970.33 708.0067
1970.415 779.201
1970.497 764.6895
1970.582 724.2389
1970.667 679.1828
1970.749 674.152
1970.834 714.6019
1970.916 638.5461
1971.001 643.7781
1971.086 596.3769
1971.163 594.4744
1971.248 585.1403
1971.33 569.1063
1971.415 521.0666
1971.497 522.072
1971.582 513.853
1971.667 519.1693
1971.749 499.7504
1971.834 507.3379
1971.916 509.9405
1972.001 517.3301
1972.086 517.8872
1972.165 488.4562
1972.25 477.4399
1972.332 496.3144
1972.417 533.0072
1972.499 488.5928
1972.583 655.2894
1972.668 537.7986
1972.75 528.8762
1972.835 539.9737
1972.917 535.9084
1973.001 531.1792
1973.086 534.8375
1973.163 548.8756
1973.248 592.3404
1973.33 629.8012
1973.415 571.0658
1973.497 554.3725
1973.582 535.7957
1973.667 507.255
1973.749 506.7295
1973.834 503.1392
1973.916 500.3834
1974.001 499.888
1974.086 486.3552
1974.163 508.1681
1974.248 522.6868
1974.33 574.8764
1974.415 602.9499
1974.497 634.917
1974.582 591.6102
1974.667 625.0283
1974.749 610.996
1974.834 591.4934
1974.916 544.3048
1975.001 545.1839
1975.086 521.8765
1975.163 512.3811
1975.248 497.001
1975.33 499.4477
1975.415 491.5451
1975.497 496.5341
1975.582 513.4641
1975.667 510.9939
1975.749 511.6041
1975.834 531.4884
1975.916 517.163
1976.001 515.1873
1976.086 510.3285
1976.165 506.8678
1976.25 519.1414
1976.332 505.762
1976.417 509.5526
1976.499 500.1632
1976.583 499.6128
1976.668 495.8752
1976.75 498.0726
1976.835 497.5229
1976.917 502.5877
1977.001 505.9555
1977.086 507.919
1977.163 503.3047
1977.248 499.6403
1977.33 503.4427
1977.415 522.6868
1977.497 554.6578
1977.582 545.7796
1977.667 545.2406
1977.749 512.631
1977.834 498.2375
1977.916 501.8434
1978.001 541.699
1978.086 553.5738
1978.163 558.372
1978.248 610.0509
1978.33 653.5624
1978.415 617.9828
1978.497 606.3051
1978.582 544.9286
1978.667 550.2409
1978.749 598.1349
1978.834 571.7003
1978.916 574.9631
1979.001 607.6019
1979.086 629.3532
1979.163 654.8954
1979.248 714.414
1979.33 693.7398
1979.415 765.3644
1979.497 751.7829
1979.582 813.1409
1979.667 779.1363
1979.749 728.1453
1979.834 728.6814
1979.916 667.9136
1980.001 692.5945
1980.086 709.6612
1980.165 672.8964
1980.25 725.8761
1980.332 727.893
1980.417 798.3538
1980.499 792.3838
1980.583 768.1949
1980.668 777.0014
1980.75 829.1937
1980.835 875.8168
1980.917 870.2677
1981.001 771.9321
1981.086 832.1467
1981.163 838.5645
1981.248 875.4781
1981.33 916.1551
1981.415 830.7858
1981.497 798.5825
1981.582 792.4164
1981.667 768.6134
1981.749 872.6345
1981.834 853.6706
1981.916 785.0351
1982.001 741.0548
1982.086 838.4313
1982.163 752.2937
1982.248 735.9819
1982.33 716.6382
1982.415 869.0515
1982.497 1002.789
1982.582 986.7444
1982.667 1053.633
1982.749 961.6082
1982.834 920.3324
1982.916 985.3943
1983.001 919.0197
1983.086 859.9512
1983.163 805.685
1983.248 800.9691
1983.33 900.9607
1983.415 844.3671
1983.497 785.0675
1983.582 795.7092
1983.667 779.0716
1983.749 766.4897
1983.834 747.2553
1983.916 746.7139
1984.001 682.842
1984.086 705.7616
1984.165 742.9923
1984.25 764.561
1984.332 850.2189
1984.417 797.5698
1984.499 773.1579
1984.583 736.1086
1984.668 720.1207
1984.75 715.4475
1984.835 728.3029
1984.917 712.6616
1985.001 687.5266
1985.086 644.501
1985.163 630.5482
1985.248 603.6263
1985.33 601.4511
1985.415 557.5427
1985.497 550.5824
1985.582 550.3263
1985.667 530.3925
1985.749 538.4197
1985.834 528.764
1985.916 536.2186
1986.001 534.3304
1986.086 586.8281
1986.163 544.8719
1986.248 497.7977
1986.33 483.4135
1986.415 473.9488
1986.497 472.8681
1986.582 472.571
1986.667 478.741
1986.749 468.4996
1986.834 506.6465
1986.916 475.4362
1987.001 448.0281
1987.086 431.4457
1987.163 430.3458
1987.248 442.7068
1987.33 458.4931
1987.415 494.5309
1987.497 506.6465
1987.582 528.8201
1987.667 555.3429
1987.749 553.0321
1987.834 589.0425
1987.916 590.0341
1988.001 637.1656
1988.086 626.757
1988.165 622.8253
1988.25 630.9368
1988.332 620.2092
1988.417 632.5218
1988.499 678.9985
1988.583 691.1407
1988.668 679.49
1988.75 695.5366
1988.835 707.9131
1988.917 760.2283
1989.001 808.1126
1989.086 813.4041
1989.163 978.3011
1989.248 949.6459
1989.33 1012.143
1989.415 979.8598
1989.497 885.1871
1989.582 940.5656
1989.667 993.9692
1989.749 1092.098
1989.834 1125.198
1989.916 1064.02
1990.001 997.6432
1990.086 974.0905
1990.163 1014.226
1990.248 1095.137
1990.33 1112.513
1990.415 1081.635
1990.497 991.1906
1990.582 1005.867
1990.667 957.0056
1990.749 891.1148
1990.834 854.1401
1990.916 858.5726
1991.001 789.0638
1991.086 793.5895
1991.163 1019.119
1991.248 986.7799
1991.33 971.1227
1991.415 1365.105
1991.497 1327.044
1991.582 1114.231
1991.667 973.5956
1991.749 946.324
1991.834 949.5409
1991.916 899.3852
1992.001 882.0253
1992.086 905.3161
1992.165 841.1638
1992.25 763.2763
1992.332 789.3566
1992.417 727.9245
1992.499 678.3229
1992.583 687.7426
1992.668 709.5987
1992.75 677.9852
1992.835 688.854
1992.917 647.9087
1993.001 664.1017
1993.086 666.4489
1993.163 692.347
1993.248 655.1075
1993.33 645.7065
1993.415 633.9585
1993.497 633.2699
1993.582 632.0431
1993.667 616.263
1993.749 614.8115
1993.834 603.4498
1993.916 613.0358
1994.001 609.4309
1994.086 638.0958
1994.163 644.1396
1994.248 646.2493
1994.33 632.1927
1994.415 629.622
1994.497 613.8346
1994.582 599.6895
1994.667 582.9603
1994.749 586.1586
1994.834 588.3429
1994.916 592.0482
1995.001 573.2298
1995.086 563.3283
1995.163 576.785
1995.248 564.7062
1995.33 559.1159
1995.415 569.8264
1995.497 573.2009
1995.582 568.1562
1995.667 558.229
1995.749 550.5255
1995.834 550.7247
1995.916 550.8955
1996.001 557.8858
1996.086 541.9538
1996.165 537.4317
1996.25 536.0776
1996.332 544.9286
1996.417 550.8955
1996.499 551.4365
1996.583 554.8291
1996.668 559.0587
1996.75 571.21
1996.835 576.0618
1996.917 565.0509
1997.001 530.9263
1997.086 518.2773
1997.163 517.9429
1997.248 524.8684
1997.33 517.2466
1997.415 523.8332
1997.497 529.213
1997.582 518.3888
1997.667 526.1565
1997.749 535.542
1997.834 541.1049
1997.916 540.5675
1998.001 556.5995
1998.086 555.2287
1998.163 546.2905
1998.248 621.1006
1998.33 654.1379
1998.415 652.6239
1998.497 620.2984
1998.582 650.96
1998.667 612.74
1998.749 585.6348
1998.834 607.3366
1998.916 636.3258
1999.001 681.1191
1999.086 683.5193
1999.163 672.8046
1999.248 662.001
1999.33 672.5904
1999.415 634.1981
1999.497 620.3875
1999.582 686.9404
1999.667 737.0905
1999.749 754.1146
1999.834 765.4608
1999.916 786.2039
2000.001 765.2358
2000.086 793.5569
2000.165 846.004
2000.25 826.6422
2000.332 900.5496
2000.417 956.4441
2000.499 1013.759
2000.583 942.4486
2000.668 904.9386
2000.75 831.9807
2000.835 919.7105
2000.917 885.4593
2001.001 840.397
2001.086 775.4502
2001.163 742.9923
2001.248 923.0984
2001.33 849.2816
2001.415 819.6001
2001.497 806.7016
2001.582 868.0385
2001.667 868.3761
2001.749 895.1779
2001.834 836.1681
2001.916 829.7575
2002.001 920.436
2002.086 828.0336
2002.163 869.896
2002.248 873.4804
2002.33 876.0201
2002.415 858.102
2002.497 908.2015
2002.582 967.4887
2002.667 914.9483
2002.749 888.7964
2002.834 946.1843
2002.916 923.6866
2003.001 817.8845
2003.086 827.6691
2003.163 812.0553
2003.248 831.516
2003.33 852.2289
2003.415 928.1895
2003.497 859.6485
2003.582 831.3832
2003.667 808.4737
2003.749 867.0259
2003.834 1033.273
2003.916 822.4406
2004.001 842.5313
2004.086 752.4853
2004.165 702.99
2004.25 687.6192
2004.332 660.8452
2004.417 664.9548
2004.499 698.7937
2004.583 678.7221
2004.668 659.0521
2004.75 601.2748
2004.835 663.0663
2004.917 640.8896
2005.001 763.8864
2005.086 671.0912
2005.163 655.0469
2005.248 639.7174
2005.33 695.9395
2005.415 659.5078
2005.497 684.1352
2005.582 701.0306
2005.667 780.1722
2005.749 646.008
2005.834 607.2776
2005.916 602.9499
2006.001 590.5301
2006.086 553.9446
2006.163 534.5276
2006.248 530.6734
2006.33 530.0273
2006.415 532.7259
2006.497 547.7956
2006.582 545.8364
2006.667 545.0421
2006.749 519.3088
2006.834 521.5972
2006.916 556.4853
2007.001 499.8604
2007.086 504.7123
2007.163 492.8318
2007.248 477.7108
2007.33 479.6363
2007.415 480.2063
2007.497 486.0008
2007.582 491.2989
2007.667 487.7737
2007.749 481.8362
2007.834 485.5102
2007.916 477.6024
2008.001 484.0122
2008.086 488.074
2008.165 487.3098
2008.25 479.8534
2008.332 486.737
2008.417 490.1775
2008.499 483.3319
2008.583 473.3273
2008.668 472.0851
2008.75 465.971
2008.835 457.3975
2008.917 444.8222
2009.001 435.9598
2009.086 419.6305
2009.163 415.0946
2009.248 410.4457
2009.33 407.3558
2009.415 414.7583
2009.497 413.8274
2009.582 419.7863
2009.667 419.4487
2009.749 415.017
2009.834 413.7499
2009.916 408.6166
2010.001 415.0946
2010.086 442.4162
2010.163 464.44
2010.248 489.4942
2010.33 478.8495
2010.415 491.0253
2010.497 489.6309
2010.582 495.6008
2010.667 497.7153
2010.749 486.2189
2010.834 499.7228
2010.916 503.9946
2011.001 482.679
2011.086 480.2063
2011.163 512.3256
2011.248 567.3793
2011.33 533.908
2011.415 606.1284
2011.497 576.4668
2011.582 569.0775
2011.667 573.894
2011.749 583.861
2011.834 554.8291
2011.916 518.6396
2012.001 535.2038
2012.086 565.1945
2012.165 637.3756
2012.25 547.3694
2012.332 555.7141
2012.417 588.1972
2012.499 673.6007
2012.583 648.7239
2012.668 608.3097
2012.75 613.6867
2012.835 602.5089
2012.917 586.8281
2013.001 559.717
2013.086 557.943
2013.163 599.3667
2013.248 596.6404
2013.33 671.4277
2013.415 667.6083
2013.497 644.6215
2013.582 631.0862
2013.667 628.6366
2013.749 594.7377
2013.834 607.3366
2013.916 632.1927
2014.001 634.0184
2014.086 678.6607
2014.163 659.1128
2014.248 644.7119
2014.33 620.6846
2014.415 672.2843
2014.497 652.2002
2014.582 623.5097
2014.667 663.1272
2014.749 665.9609
2014.834 681.4882
2014.916 733.0078
2015.001 681.2114
2015.086 674.7648
2015.163 716.9203
2015.248 689.9661
2015.33 658.7787
2015.415 674.3664
2015.497 632.8509
2015.582 632.7013
2015.667 636.4757
2015.749 631.2955
2015.834 621.2195
2015.916 601.5686
2016.001 564.936
2016.086 535.9084
2016.165 545.4675
2016.25 555.0003
2016.332 545.8931
2016.417 538.5045
2016.499 545.808
2016.583 527.9785
2016.668 526.2685
2016.75 505.2095
2016.835 486.9552
2016.917 482.0808
2017.001 468.015
2017.086 459.9373
2017.163 451.4809
2017.248 475.6527
2017.33 478.2801
2017.415 474.2191
2017.497 494.9698
2017.582 516.8289
2017.667 521.653
2017.749 497.8802
2017.834 470.8709
2017.916 463.5812
2018.001 454.9958
2018.086 450.4176
2018.163 455.5292
2018.248 451.5607
2018.33 455.0758
2018.415 452.5717
2018.497 451.8267
2018.582 450.8162
2018.667 448.1608
2018.749 445.2457
2018.834 446.2785
2018.916 444.1608
2019.001 443.9492
2019.086 439.7508
2019.163 438.4333
2019.248 442.1257
2019.248 442.1257
