MONTHLY SUNSPOT NUMBER DATA downloaded from HVO: 
column 1 - Date in fraction of year. 
column 2 - Monthly total sunspot number.
column 3 - Monthly mean standard deviation of the input sunspot numbers from individual stations.

1950.040    143.900       8.000
1950.125    134.300       7.700
1950.202    155.400       8.300
1950.287    160.600       8.500
1950.369    150.500       8.200
1950.454    118.300       7.300
1950.536    128.900       7.600
1950.621    120.600       7.300
1950.706     72.700       5.700
1950.788     87.000       6.200
1950.873     77.700       5.900
1950.955     76.700       5.900
1951.040     85.000       6.200
1951.125     84.800       6.100
1951.202     79.300       5.900
1951.287    131.700       7.700
1951.369    153.700       8.300
1951.454    142.400       8.000
1951.536     87.200       6.200
1951.621     86.500       6.200
1951.706    117.700       7.200
1951.788     73.300       5.700
1951.873     74.200       5.700
1951.955     65.000       5.400
1952.040     57.900       5.100
1952.125     32.400       3.800
1952.204     31.500       3.800
1952.289     41.700       4.300
1952.371     33.600       3.900
1952.455     52.000       4.800
1952.537     56.100       5.000
1952.622     77.800       5.900
1952.707     40.400       4.300
1952.789     34.200       3.900
1952.873     31.800       3.800
1952.955     48.900       4.700
1953.040     37.900       4.100
1953.125      5.900       1.700
1953.202     14.700       2.600
1953.287     39.600       4.200
1953.369     18.300       2.900
1953.454     31.500       3.800
1953.536     12.700       2.400
1953.621     33.600       3.900
1953.706     28.000       3.600
1953.788     12.300       2.400
1953.873      2.500       1.100
1953.955      3.900       1.300
1954.040      0.400       0.400
1954.125      0.800       0.600
1954.202     15.800       2.700
1954.287      2.700       1.100
1954.369      1.200       0.700
1954.454      0.400       0.400
1954.536      7.300       1.900
1954.621     12.600       2.400
1954.706      2.300       1.000
1954.788     10.500       2.200
1954.873     13.400       2.500
1954.955     11.300       2.300
1955.040     33.400       3.900
1955.125     29.900       3.700
1955.202      7.300       1.900
1955.287     16.400       2.700
1955.369     41.300       4.300
1955.454     45.200       4.500
1955.536     38.200       4.100
1955.621     58.000       5.100
1955.706     60.800       5.200
1955.788     83.000       6.100
1955.873    126.300       7.500
1955.955    108.800       6.900
1956.040    104.100       6.800
1956.125    175.600       8.900
1956.204    167.700       8.600
1956.289    156.700       8.400
1956.371    193.400       9.300
1956.455    165.100       8.600
1956.537    182.700       9.000
1956.622    240.200      10.400
1956.707    245.400      10.500
1956.789    219.900       9.900
1956.873    285.000      11.300
1956.955    272.000      11.000
1957.040    233.700      10.200
1957.125    184.500       9.100
1957.202    222.800      10.000
1957.287    248.000      10.500
1957.369    233.000      10.200
1957.454    284.300      11.300
1957.536    265.100      10.900
1957.621    223.700      10.000
1957.706    334.000      12.300
1957.788    359.400      12.700
1957.873    298.600      11.600
1957.955    339.000      12.300
1958.040    286.700      11.300
1958.125    233.600      10.200
1958.202    270.000      11.000
1958.287    277.600      11.200
1958.369    248.200      10.500
1958.454    242.900      10.400
1958.536    271.000      11.000
1958.621    283.500      11.300
1958.706    285.100      11.300
1958.788    256.900      10.700
1958.873    215.600       9.800
1958.955    265.700      10.900
1959.040    307.700      11.700
1959.125    202.600       9.500
1959.202    263.000      10.900
1959.287    231.300      10.200
1959.369    243.600      10.400
1959.454    238.900      10.300
1959.536    211.900       9.700
1959.621    282.600      11.300
1959.706    205.600       9.600
1959.788    157.700       8.400
1959.873    175.600       8.900
1959.955    177.100       8.900
1960.040    207.200       9.600
1960.125    149.900       8.200
1960.204    144.600       8.000
1960.289    172.700       8.800
1960.371    169.300       8.700
1960.455    156.000       8.300
1960.537    172.400       8.800
1960.622    190.000       9.200
1960.707    180.100       9.000
1960.789    117.300       7.200
1960.873    126.900       7.500
1960.955    121.200       7.400
1961.040     82.100       6.000
1961.125     65.400       5.400
1961.202     75.200       5.800
1961.287     86.900       6.200
1961.369     72.300       5.700
1961.454    109.500       7.000
1961.536     99.300       6.600
1961.621     79.200       6.000
1961.706     90.100       6.300
1961.788     53.700       4.900
1961.873     46.500       4.600
1961.955     56.900       5.000
1962.040     55.100       5.000
1962.125     71.700       5.700
1962.202     64.900       5.400
1962.287     65.900       5.400
1962.369     61.900       5.200
1962.454     59.600       5.200
1962.536     31.400       3.800
1962.621     31.500       3.800
1962.706     72.700       5.700
1962.788     56.100       5.000
1962.873     38.800       4.200
1962.955     33.200       3.900
1963.040     28.700       3.600
1963.125     35.200       4.000
1963.202     24.800       3.400
1963.287     41.700       4.300
1963.369     61.100       5.200
1963.454     51.200       4.800
1963.536     28.700       3.600
1963.621     47.500       4.600
1963.706     55.200       5.000
1963.788     50.100       4.700
1963.873     33.700       3.900
1963.955     21.600       3.200
1964.040     22.600       3.200
1964.125     25.300       3.400
1964.204     24.100       3.300
1964.289     12.900       2.500
1964.371     14.300       2.600
1964.455     13.500       2.500
1964.537      4.800       1.500
1964.622     13.800       2.500
1964.707      7.000       1.800
1964.789      9.200       2.100
1964.873     11.100       2.300
1964.955     22.100       3.200
1965.040     25.400       3.400
1965.125     20.800       3.100
1965.202     17.500       2.800
1965.287     10.200       2.200
1965.369     34.500       3.900
1965.454     23.300       3.300
1965.536     17.300       2.800
1965.621     13.300       2.500
1965.706     24.500       3.400
1965.788     29.100       3.600
1965.873     22.800       3.200
1965.955     24.700       3.400
1966.040     40.300       4.300
1966.125     35.300       4.000
1966.202     36.400       4.000
1966.287     69.000       5.500
1966.369     64.200       5.300
1966.454     67.700       5.500
1966.536     80.200       6.000
1966.621     72.600       5.700
1966.706     71.100       5.600
1966.788     81.200       6.000
1966.873     81.000       6.000
1966.955     99.800       6.700
1967.040    157.000       8.400
1967.125    132.600       7.700
1967.202    158.300       8.400
1967.287     98.400       6.600
1967.369    122.500       7.400
1967.454     95.400       6.500
1967.536    129.500       7.600
1967.621    151.800       8.200
1967.706    108.700       7.000
1967.788    125.000       7.500
1967.873    133.600       7.700
1967.955    179.000       8.900
1968.040    172.500       8.800
1968.125    158.500       8.400
1968.204    130.500       7.600
1968.289    115.000       7.200
1968.371    180.000       9.000
1968.455    156.200       8.300
1968.537    136.200       7.800
1968.622    154.800       8.300
1968.707    166.000       8.600
1968.789    152.500       8.200
1968.873    121.700       7.400
1968.955    155.500       8.300
1969.040    147.800       8.100
1969.125    170.500       8.700
1969.202    192.300       9.300
1969.287    151.100       8.200
1969.369    169.900       8.700
1969.454    150.100       8.200
1969.536    137.100       7.800
1969.621    138.800       7.900
1969.706    129.300       7.600
1969.788    135.400       7.800
1969.873    132.400       7.700
1969.955    138.600       7.900
1970.040    157.900       8.400
1970.125    180.800       9.000
1970.202    145.700       8.100
1970.287    155.100       8.300
1970.369    180.500       9.000
1970.454    151.300       8.200
1970.536    159.300       8.400
1970.621    131.700       7.700
1970.706    140.800       7.900
1970.788    122.600       7.400
1970.873    134.800       7.800
1970.955    118.200       7.200
1971.040    129.200       7.600
1971.125    111.800       7.000
1971.202     85.900       6.200
1971.287    101.600       6.700
1971.369     81.500       6.000
1971.454     70.700       5.600
1971.536    114.700       7.100
1971.621     87.000       6.200
1971.706     71.300       5.600
1971.788     73.400       5.700
1971.873     89.500       6.300
1971.955    116.500       7.200
1972.040     87.000       6.200
1972.125    125.300       7.500
1972.204    113.500       7.100
1972.289     89.600       6.300
1972.371    113.900       7.100
1972.455    124.700       7.400
1972.537    108.300       6.900
1972.622    108.900       7.000
1972.707     90.700       6.400
1972.789     86.900       6.200
1972.873     59.200       5.200
1972.955     64.300       5.400
1973.040     61.800       5.200
1973.125     60.900       5.200
1973.202     65.400       5.400
1973.287     81.800       6.000
1973.369     60.300       5.200
1973.454     56.100       5.000
1973.536     33.200       3.900
1973.621     36.600       4.100
1973.706     84.100       6.100
1973.788     43.700       4.400
1973.873     34.300       3.900
1973.955     33.300       3.900
1974.040     39.400       4.200
1974.125     37.300       4.100
1974.202     30.900       3.800
1974.287     57.500       5.100
1974.369     56.300       5.000
1974.454     51.500       4.800
1974.536     79.100       5.900
1974.621     47.900       4.600
1974.706     57.200       5.000
1974.788     67.200       5.500
1974.873     35.900       4.000
1974.955     29.600       3.700
1975.040     27.300       3.500
1975.125     16.700       2.800
1975.202     16.900       2.800
1975.287      7.700       1.900
1975.369     13.100       2.500
1975.454     16.700       2.800
1975.536     40.400       4.300
1975.621     56.700       5.000
1975.706     20.300       3.100
1975.788     13.600       2.500
1975.873     27.900       3.600
1975.955     11.600       2.300
1976.040     11.900       2.300
1976.125      6.400       1.700
1976.204     31.500       3.800
1976.289     27.300       3.500
1976.371     18.200       2.900
1976.455     17.900       2.900
1976.537      2.900       1.200
1976.622     24.100       3.300
1976.707     20.000       3.000
1976.789     29.700       3.700
1976.873      7.900       1.900
1976.955     22.300       3.200
1977.040     23.800       3.300
1977.125     33.300       3.900
1977.202     13.000       2.500
1977.287     19.000       3.000
1977.369     27.000       3.500
1977.454     54.900       5.000
1977.536     30.600       3.700
1977.621     43.000       4.400
1977.706     62.400       5.300
1977.788     62.100       5.300
1977.873     41.600       4.300
1977.955     61.400       5.200
1978.040     73.700       5.700
1978.125    132.600       7.700
1978.202    108.400       6.900
1978.287    141.200       7.900
1978.369    117.100       7.200
1978.454    134.600       7.800
1978.536     99.700       6.700
1978.621     82.400       6.000
1978.706    195.700       9.300
1978.788    177.100       8.900
1978.873    138.500       7.900
1978.955    173.900       8.800
1979.040    235.900      10.300
1979.125    194.700       9.300
1979.202    195.300       9.300
1979.287    143.700       8.000
1979.369    190.300       9.200
1979.454    211.700       9.700
1979.536    225.700      10.000
1979.621    201.400       9.500
1979.706    266.900      10.900
1979.788    263.600      10.900
1979.873    259.500      10.800
1979.955    249.600      10.600
1980.040    226.100      10.100
1980.125    219.400       9.900
1980.204    178.700       8.900
1980.289    232.200      10.200
1980.371    254.700      10.700
1980.455    222.700      10.000
1980.537    192.900       9.300
1980.622    191.700       9.300
1980.707    219.600       9.900
1980.789    233.300      10.200
1980.873    209.500       9.700
1980.955    246.900      10.500
1981.040    156.600       9.500
1981.125    189.900      12.400
1981.202    196.600      11.600
1981.287    225.300      14.900
1981.369    194.700      13.400
1981.454    131.600       9.500
1981.536    205.300      13.000
1981.621    242.500      13.900
1981.706    245.300      18.500
1981.788    216.200      12.100
1981.873    186.000      14.200
1981.955    195.400      11.900
1982.040    149.800      10.200
1982.125    230.900      13.600
1982.202    221.100      11.400
1982.287    170.300       8.300
1982.369    119.300       8.500
1982.454    163.700      11.200
1982.536    139.400      14.000
1982.621    161.900      11.800
1982.706    167.400       9.700
1982.788    134.300      10.400
1982.873    127.500      18.600
1982.955    169.000      15.400
1983.040    115.500       8.700
1983.125     73.100       6.300
1983.202     88.700       7.100
1983.287    109.600       9.700
1983.369    132.500       9.400
1983.454    131.500       8.200
1983.536    108.900       7.300
1983.621     96.000       8.400
1983.706     69.900       5.500
1983.788     72.500       7.000
1983.873     45.700       7.300
1983.955     45.600       5.500
1984.040     74.800       6.500
1984.125    110.200       8.100
1984.204    116.700       8.700
1984.289     90.400       7.600
1984.371     96.900       7.000
1984.455     65.100       5.400
1984.537     55.700       5.100
1984.622     35.000       3.400
1984.707     22.600       3.900
1984.789     12.600       3.800
1984.873     26.500       4.700
1984.955     21.400       3.900
1985.040     17.800       3.900
1985.125     20.700       3.800
1985.202     16.900       3.900
1985.287     20.400       3.700
1985.369     32.400       3.700
1985.454     28.300       3.900
1985.536     39.900       3.800
1985.621     10.100       3.500
1985.706      4.300       2.400
1985.788     22.000       4.200
1985.873     17.900       2.600
1985.955     15.800       4.600
1986.040      2.800       2.800
1986.125     27.900       3.600
1986.202     13.800       3.800
1986.287     22.400       4.100
1986.369     16.100       3.600
1986.454      0.600       2.100
1986.536     18.100       3.900
1986.621      9.900       2.300
1986.706      5.100       3.000
1986.788     40.100       4.400
1986.873     15.400       4.300
1986.955      5.800       2.800
1987.040      9.800       2.700
1987.125      3.400       2.600
1987.202     17.400       3.000
1987.287     46.000       4.400
1987.369     39.100       3.500
1987.454     18.800       3.500
1987.536     38.200       4.300
1987.621     47.900       3.300
1987.706     42.200       3.500
1987.788     63.400       4.800
1987.873     48.800       5.100
1987.955     29.100       3.200
1988.040     70.500       5.500
1988.125     45.400       4.600
1988.204     91.200       5.700
1988.289    108.800       6.700
1988.371     74.200       6.100
1988.455    124.300       8.300
1988.537    131.400       9.600
1988.622    139.400       9.000
1988.707    142.700       9.400
1988.789    156.500       9.700
1988.873    156.800       8.900
1988.955    231.200      13.500
1989.040    210.100      15.000
1989.125    208.700      12.700
1989.202    170.400      10.200
1989.287    166.300       9.700
1989.369    195.400      10.600
1989.454    284.500      15.500
1989.536    180.500      10.200
1989.621    232.000      13.500
1989.706    225.100      14.900
1989.788    212.200      11.200
1989.873    238.200      15.200
1989.955    211.400      13.500
1990.040    227.400      13.600
1990.125    171.800      11.300
1990.202    191.700      11.000
1990.287    189.700      10.100
1990.369    175.200      10.000
1990.454    153.300       9.100
1990.536    191.100       9.800
1990.621    252.100      12.800
1990.706    169.100       9.200
1990.788    199.400      12.600
1990.873    178.800      12.300
1990.955    197.100      12.600
1991.040    195.300      14.500
1991.125    240.300      13.900
1991.202    197.000      11.800
1991.287    197.600      11.900
1991.369    166.900       9.900
1991.454    224.700      12.900
1991.536    240.200      13.700
1991.621    240.800      14.300
1991.706    168.900      11.300
1991.788    197.100      13.200
1991.873    159.500      10.100
1991.955    212.600      14.100
1992.040    198.300      12.900
1992.125    230.700      14.500
1992.204    151.000       9.200
1992.289    142.200       9.500
1992.371     94.300       7.700
1992.455     98.500       6.600
1992.537    114.200       7.700
1992.622     91.900       6.700
1992.707     94.000       5.500
1992.789    133.400       8.200
1992.873    129.600       8.200
1992.955    122.000       8.400
1993.040     81.400       5.900
1993.125    127.800       8.300
1993.202    102.400       6.600
1993.287     94.400       6.700
1993.369     78.800       5.700
1993.454     69.600       5.400
1993.536     80.400       5.400
1993.621     62.500       5.000
1993.706     31.200       4.500
1993.788     71.100       5.500
1993.873     48.200       4.400
1993.955     68.400       5.900
1994.040     84.900       6.600
1994.125     54.900       4.800
1994.202     47.500       4.100
1994.287     27.400       3.900
1994.369     29.800       4.100
1994.454     39.700       5.000
1994.536     50.600       4.300
1994.621     34.300       3.200
1994.706     40.500       4.100
1994.788     67.100       4.200
1994.873     29.500       4.700
1994.955     32.200       3.500
1995.040     32.600       5.300
1995.125     45.800       3.900
1995.202     46.300       3.800
1995.287     21.600       3.600
1995.369     19.400       2.800
1995.454     22.500       3.800
1995.536     20.400       3.100
1995.621     18.200       3.600
1995.706     15.700       3.000
1995.788     30.600       3.700
1995.873     14.000       3.700
1995.955     14.900       3.600
1996.040     13.300       3.400
1996.125      7.700       3.400
1996.204     12.600       3.100
1996.289      6.800       2.500
1996.371      7.600       3.100
1996.455     16.500       2.900
1996.537     11.800       2.600
1996.622     19.700       3.500
1996.707      3.000       2.500
1996.789      0.700       2.100
1996.873     24.900       4.400
1996.955     14.000       2.900
1997.040      7.400       3.200
1997.125     11.000       2.900
1997.202     12.100       2.400
1997.287     23.000       3.300
1997.369     25.400       2.800
1997.454     20.800       2.500
1997.536     12.900       4.200
1997.621     35.700       3.800
1997.706     59.700       4.800
1997.788     32.800       3.600
1997.873     50.400       4.700
1997.955     55.500       4.600
1998.040     44.500       4.600
1998.125     50.200       4.600
1998.202     82.000       5.900
1998.287     70.600       7.200
1998.369     74.000       4.800
1998.454     90.500       6.000
1998.536     96.700       6.300
1998.621    121.100       7.400
1998.706    132.000       8.600
1998.788     78.500       6.600
1998.873     97.300       6.800
1998.955    119.200       9.400
1999.040     86.000       7.600
1999.125     98.000       7.600
1999.202    103.500       6.800
1999.287     93.600       7.500
1999.369    149.600       8.500
1999.454    207.200      10.500
1999.536    173.500       9.300
1999.621    142.300      12.900
1999.706    106.300       6.500
1999.788    168.700      10.400
1999.873    188.300      12.300
1999.955    116.800       9.300
2000.040    133.100      10.400
2000.125    165.700      10.400
2000.204    217.700      11.900
2000.289    191.500      10.200
2000.371    165.900      10.100
2000.455    188.000       8.800
2000.537    244.300      12.000
2000.622    180.500       9.400
2000.707    156.000      11.200
2000.789    141.600       8.000
2000.873    158.100       8.900
2000.955    143.300       8.700
2001.040    142.600       9.200
2001.125    121.500       8.100
2001.202    165.800      11.900
2001.287    161.700       9.400
2001.369    142.100       8.300
2001.454    202.900      10.800
2001.536    123.000       8.400
2001.621    161.500       9.300
2001.706    238.200      12.100
2001.788    194.100      11.300
2001.873    176.600      13.300
2001.955    213.400      12.500
2002.040    184.600      11.700
2002.125    170.200      11.300
2002.202    147.100       9.100
2002.287    186.900       9.800
2002.369    187.500       9.700
2002.454    128.800       7.700
2002.536    161.000      11.000
2002.621    175.600       9.800
2002.706    187.900      10.100
2002.788    151.200       8.000
2002.873    147.200       8.200
2002.955    135.300      10.000
2003.040    133.500       7.400
2003.125     75.700       5.700
2003.202    100.700       7.500
2003.287     97.900       6.400
2003.369     86.800       6.600
2003.454    118.700       7.900
2003.536    128.300       7.900
2003.621    115.400       7.300
2003.706     78.500       5.800
2003.788     97.800       8.800
2003.873     82.900       6.300
2003.955     72.200       5.300
2004.040     60.600       5.200
2004.125     74.600       6.000
2004.204     74.800       5.100
2004.289     59.200       5.100
2004.371     72.800       5.700
2004.455     66.500       6.800
2004.537     83.800       8.800
2004.622     69.700       5.500
2004.707     48.800       5.300
2004.789     74.200       5.500
2004.873     70.100       5.400
2004.955     28.900       3.400
2005.040     48.100       4.600
2005.125     43.500       4.300
2005.202     39.600       3.800
2005.287     38.700       3.800
2005.369     61.900       5.700
2005.454     56.800       5.300
2005.536     62.400       6.100
2005.621     60.500       5.300
2005.706     37.200       4.500
2005.788     13.200       3.400
2005.873     27.500       4.100
2005.955     59.300       3.900
2006.040     20.900       3.400
2006.125      5.700       3.700
2006.202     17.300       4.200
2006.287     50.300       5.100
2006.369     37.200       3.900
2006.454     24.500       3.300
2006.536     22.200       2.400
2006.621     20.800       2.500
2006.706     23.700       3.000
2006.788     14.900       2.400
2006.873     35.700       3.500
2006.955     22.300       3.500
2007.040     29.300       2.800
2007.125     18.400       2.700
2007.202      7.200       2.800
2007.287      5.400       2.400
2007.369     19.500       3.300
2007.454     21.300       3.400
2007.536     15.100       1.900
2007.621      9.800       2.200
2007.706      4.000       2.100
2007.788      1.500       2.400
2007.873      2.800       2.500
2007.955     17.300       3.100
2008.040      4.100       2.800
2008.125      2.900       2.400
2008.204     15.500       2.700
2008.289      3.600       2.300
2008.371      4.600       3.200
2008.455      5.200       2.300
2008.537      0.600       2.000
2008.622      0.300       2.000
2008.707      1.200       2.400
2008.789      4.200       2.900
2008.873      6.600       2.400
2008.955      1.000       2.000
2009.040      1.300       2.000
2009.125      1.200       2.200
2009.202      0.600       2.000
2009.287      1.200       2.200
2009.369      2.900       2.400
2009.454      6.300       2.700
2009.536      5.500       2.600
2009.621      0.000       2.000
2009.706      7.100       2.200
2009.788      7.700       2.700
2009.873      6.900       3.200
2009.955     16.300       3.500
2010.040     19.500       2.500
2010.125     28.500       2.700
2010.202     24.000       3.600
2010.287     10.400       3.300
2010.369     13.900       3.400
2010.454     18.800       3.000
2010.536     25.200       3.400
2010.621     29.600       3.400
2010.706     36.400       4.000
2010.788     33.600       3.900
2010.873     34.400       3.700
2010.955     24.500       3.600
2011.040     27.300       3.100
2011.125     48.300       5.100
2011.202     78.600       6.900
2011.287     76.100       6.200
2011.369     58.200       5.000
2011.454     56.100       5.000
2011.536     64.500       4.800
2011.621     65.800       5.600
2011.706    120.100       8.800
2011.788    125.700       9.000
2011.873    139.100       9.900
2011.955    109.300       8.400
2012.040     94.400       7.100
2012.125     47.800       4.400
2012.204     86.600       7.300
2012.289     85.900       6.900
2012.371     96.500       7.200
2012.455     92.000       6.500
2012.537    100.100       7.300
2012.622     94.800       6.500
2012.707     93.700       8.100
2012.789     76.500       5.100
2012.873     87.600       6.500
2012.955     56.800       5.100
2013.040     96.100       6.300
2013.125     60.900       4.400
2013.202     78.300       6.100
2013.287    107.300       6.800
2013.369    120.200       8.200
2013.454     76.700       5.200
2013.536     86.200       6.700
2013.621     91.800       6.600
2013.706     54.500       5.300
2013.788    114.400       8.200
2013.873    113.900       8.200
2013.955    124.200       9.100
2014.040    117.000       8.200
2014.125    146.100      10.700
2014.202    128.700       8.600
2014.287    112.500       6.900
2014.369    112.500       7.500
2014.454    102.900       7.700
2014.536    100.200       7.400
2014.621    106.900       7.600
2014.706    130.000       8.700
2014.788     90.000       6.900
2014.873    103.600       8.500
2014.955    112.900       7.400
2015.040     93.000       7.500
2015.125     66.700       5.300
2015.202     54.500       4.800
2015.287     75.300       8.200
2015.369     88.800       8.600
2015.454     66.500       6.300
2015.536     65.800       5.700
2015.621     64.400       5.200
2015.706     78.600       6.400
2015.788     63.600       5.400
2015.873     62.200       5.200
2015.955     58.000       5.400
2016.040     57.000       4.700
2016.125     56.400       5.100
2016.204     54.100       4.900
2016.289     37.900       3.500
2016.371     51.500       4.700
2016.455     20.500       2.000
2016.537     32.400       3.800
2016.622     50.200       4.500
2016.707     44.600       3.800
2016.789     33.400       3.100
2016.873     21.400       2.600
2016.955     18.500       2.400
2017.040     26.100       2.500
2017.125     26.400       3.700
2017.202     17.700       2.600
2017.287     32.300       3.700
2017.369     18.900       1.800
2017.454     19.200       1.400
2017.536     17.800       2.600
2017.621     32.600       2.900
2017.706     43.700       4.100
2017.788     13.200       1.000
2017.873      5.700       0.500
2017.955      8.200       1.200
2018.040      6.800       1.500
2018.125     10.700       1.100
2018.202      2.500       0.400
2018.287      8.900       1.300
2018.369     13.100       1.600
2018.454     15.600       1.600
2018.536      1.600       0.600
2018.621      8.700       1.000
2018.706      3.300       0.600
2018.788      4.900       1.200
2018.873      4.900       0.600
2018.955      3.100       0.500
2019.040      7.700       0.800
2019.125      0.800       0.100
2019.202      9.400       1.000
2019.287      9.100       0.700
2019.369      9.900       0.700
2019.454      1.200       0.700
2019.536      0.900       0.200
2019.621      0.500       0.100
2019.706      1.100       0.300
2019.788      0.400       0.100
2019.873      0.500       0.100
2019.955      1.500       0.500
2020.040      6.200       0.700
2020.125      0.200       0.100
2020.204      1.500       0.100
2020.289      5.400       0.600
2020.371      0.200       0.100
2020.455      5.800       0.500
