MONTHLY SMOOTHED SUNSPOT NUMBER DATA downloaded from HVO:
column 1 - Date in fraction of year.
column 2 - Monthly smoothed total sunspot number.
column 3 - Monthly mean standard deviation of the input sunspot numbers.

1950.040    162.800       8.500
1950.125    158.500       8.400
1950.202    150.700       8.200
1950.287    141.000       7.900
1950.369    131.600       7.700
1950.454    122.600       7.400
1950.536    116.400       7.200
1950.621    111.900       7.100
1950.706    106.700       6.900
1950.788    102.300       6.800
1950.873    101.200       6.700
1950.955    102.400       6.800
1951.040    101.600       6.700
1951.125     98.500       6.600
1951.202     98.900       6.600
1951.287    100.200       6.700
1951.369     99.500       6.700
1951.454     98.900       6.600
1951.536     97.300       6.600
1951.621     94.000       6.500
1951.706     89.800       6.300
1951.788     84.000       6.100
1951.873     75.300       5.800
1951.955     66.500       5.400
1952.040     61.500       5.200
1952.125     59.800       5.200
1952.204     56.200       5.000
1952.289     51.400       4.800
1952.371     48.000       4.600
1952.455     45.500       4.500
1952.537     44.000       4.400
1952.622     42.100       4.300
1952.707     40.300       4.300
1952.789     39.500       4.200
1952.873     38.800       4.200
1952.955     37.300       4.100
1953.040     34.600       4.000
1953.125     31.000       3.700
1953.202     28.600       3.600
1953.287     27.200       3.500
1953.369     25.000       3.400
1953.454     22.000       3.200
1953.536     18.500       2.900
1953.621     16.700       2.800
1953.706     16.600       2.700
1953.788     15.100       2.600
1953.873     12.800       2.400
1953.955     10.800       2.200
1954.040      9.300       2.100
1954.125      8.200       1.900
1954.202      6.300       1.700
1954.287      5.100       1.500
1954.369      5.500       1.600
1954.454      6.300       1.700
1954.536      7.900       1.900
1954.621     10.500       2.200
1954.706     11.400       2.300
1954.788     11.600       2.300
1954.873     13.800       2.500
1954.955     17.400       2.800
1955.040     20.500       3.100
1955.125     23.700       3.300
1955.202     28.000       3.600
1955.287     33.500       3.900
1955.369     41.200       4.300
1955.454     50.000       4.700
1955.536     57.000       5.000
1955.621     66.000       5.400
1955.706     78.800       5.900
1955.788     91.300       6.400
1955.873    103.500       6.800
1955.955    114.800       7.200
1956.040    125.800       7.500
1956.125    139.400       7.900
1956.204    154.700       8.300
1956.289    168.100       8.700
1956.371    180.400       9.000
1956.455    193.900       9.300
1956.537    206.100       9.600
1956.622    211.800       9.700
1956.707    214.500       9.800
1956.789    220.600       9.900
1956.873    226.000      10.100
1956.955    232.700      10.200
1957.040    241.100      10.400
1957.125    243.800      10.400
1957.202    246.800      10.500
1957.287    256.300      10.700
1957.369    262.700      10.800
1957.454    266.100      10.900
1957.536    271.100      11.000
1957.621    275.300      11.100
1957.706    279.300      11.200
1957.788    282.500      11.300
1957.873    284.400      11.300
1957.955    283.300      11.300
1958.040    281.800      11.200
1958.125    284.500      11.300
1958.202    285.000      11.300
1958.287    278.700      11.200
1958.369    271.000      11.000
1958.454    264.500      10.900
1958.536    262.300      10.800
1958.621    261.900      10.800
1958.706    260.300      10.800
1958.788    258.100      10.700
1958.873    255.900      10.700
1958.955    255.600      10.700
1959.040    252.900      10.600
1959.125    250.400      10.600
1959.202    247.100      10.500
1959.287    239.700      10.400
1959.369    233.900      10.200
1959.454    228.500      10.100
1959.536    220.600       9.900
1959.621    214.200       9.800
1959.706    207.100       9.600
1959.788    199.700       9.400
1959.873    194.200       9.300
1959.955    187.600       9.200
1960.040    182.500       9.000
1960.125    177.000       8.900
1960.204    172.100       8.800
1960.289    169.400       8.700
1960.371    165.700       8.600
1960.455    161.300       8.500
1960.537    153.800       8.300
1960.622    145.000       8.000
1960.707    138.600       7.900
1960.789    132.100       7.700
1960.873    124.500       7.500
1960.955    118.500       7.300
1961.040    113.600       7.100
1961.125    105.900       6.900
1961.202     97.500       6.600
1961.287     91.100       6.400
1961.369     85.100       6.200
1961.454     79.100       5.900
1961.536     75.300       5.800
1961.621     74.400       5.800
1961.706     74.300       5.800
1961.788     73.000       5.700
1961.873     71.700       5.700
1961.955     69.100       5.600
1962.040     64.200       5.400
1962.125     59.400       5.200
1962.202     56.700       5.000
1962.287     56.100       5.000
1962.369     55.900       5.000
1962.454     54.600       4.900
1962.536     52.500       4.900
1962.621     49.800       4.700
1962.706     46.700       4.600
1962.788     44.000       4.500
1962.873     42.900       4.400
1962.955     42.600       4.400
1963.040     42.100       4.400
1963.125     42.600       4.400
1963.202     42.600       4.400
1963.287     41.600       4.300
1963.369     41.100       4.300
1963.454     40.400       4.300
1963.536     39.700       4.200
1963.621     39.000       4.200
1963.706     38.600       4.200
1963.788     37.400       4.100
1963.873     34.200       3.900
1963.955     30.700       3.700
1964.040     28.100       3.600
1964.125     25.700       3.400
1964.204     22.300       3.200
1964.289     18.600       2.900
1964.371     16.000       2.700
1964.455     15.000       2.600
1964.537     15.200       2.700
1964.622     15.100       2.600
1964.707     14.600       2.600
1964.789     14.300       2.600
1964.873     15.000       2.600
1964.955     16.200       2.700
1965.040     17.200       2.800
1965.125     17.700       2.800
1965.202     18.400       2.900
1965.287     19.900       3.000
1965.369     21.200       3.100
1965.454     21.800       3.200
1965.536     22.600       3.200
1965.621     23.800       3.300
1965.706     25.200       3.400
1965.788     28.400       3.600
1965.873     32.100       3.800
1965.955     35.200       4.000
1966.040     39.700       4.200
1966.125     44.800       4.500
1966.202     49.200       4.700
1966.287     53.300       4.900
1966.369     57.900       5.100
1966.454     63.400       5.300
1966.536     71.400       5.600
1966.621     80.300       6.000
1966.706     89.500       6.300
1966.788     95.800       6.500
1966.873     99.400       6.700
1966.955    103.000       6.800
1967.040    106.200       6.900
1967.125    111.600       7.100
1967.202    116.500       7.200
1967.287    119.800       7.300
1967.369    123.900       7.400
1967.454    129.400       7.600
1967.536    133.300       7.700
1967.621    135.000       7.800
1967.706    134.900       7.800
1967.788    134.500       7.700
1967.873    137.600       7.800
1967.955    142.500       8.000
1968.040    145.300       8.100
1968.125    145.700       8.100
1968.204    148.200       8.100
1968.289    151.800       8.200
1968.371    152.400       8.200
1968.455    150.900       8.200
1968.537    148.900       8.100
1968.622    148.400       8.100
1968.707    151.500       8.200
1968.789    155.500       8.300
1968.873    156.600       8.400
1968.955    156.000       8.300
1969.040    155.700       8.300
1969.125    155.100       8.300
1969.202    152.900       8.300
1969.287    150.700       8.200
1969.369    150.400       8.200
1969.454    150.100       8.200
1969.536    149.900       8.200
1969.621    150.700       8.200
1969.706    149.200       8.200
1969.788    147.400       8.100
1969.873    148.000       8.100
1969.955    148.500       8.200
1970.040    149.500       8.200
1970.125    150.100       8.200
1970.202    150.300       8.200
1970.287    150.300       8.200
1970.369    149.800       8.200
1970.454    149.100       8.200
1970.536    147.000       8.100
1970.621    143.000       8.000
1970.706    137.600       7.800
1970.788    132.900       7.700
1970.873    126.500       7.500
1970.955    119.000       7.300
1971.040    113.800       7.100
1971.125    110.100       7.000
1971.202    105.300       6.800
1971.287    100.400       6.700
1971.369     96.500       6.500
1971.454     94.500       6.500
1971.536     92.700       6.400
1971.621     91.500       6.400
1971.706     93.200       6.400
1971.788     93.800       6.400
1971.873     94.700       6.500
1971.955     98.300       6.600
1972.040    100.300       6.700
1972.125    100.900       6.700
1972.204    102.600       6.800
1972.289    104.000       6.800
1972.371    103.300       6.800
1972.455     99.900       6.700
1972.537     96.600       6.600
1972.622     92.900       6.400
1972.707     88.200       6.300
1972.789     85.900       6.200
1972.873     83.300       6.100
1972.955     78.200       5.900
1973.040     72.300       5.700
1973.125     66.100       5.400
1973.202     62.800       5.300
1973.287     60.800       5.200
1973.369     57.900       5.100
1973.454     55.600       5.000
1973.536     53.400       4.900
1973.621     51.400       4.800
1973.706     49.000       4.700
1973.788     46.600       4.600
1973.873     45.400       4.500
1973.955     45.000       4.500
1974.040     46.800       4.600
1974.125     49.100       4.700
1974.202     48.500       4.700
1974.287     48.300       4.600
1974.369     49.400       4.700
1974.454     49.300       4.700
1974.536     48.600       4.700
1974.621     47.300       4.600
1974.706     45.800       4.500
1974.788     43.200       4.400
1974.873     39.300       4.200
1974.955     36.100       4.000
1975.040     33.000       3.900
1975.125     31.800       3.800
1975.202     30.600       3.700
1975.287     26.800       3.500
1975.369     24.200       3.300
1975.454     23.200       3.300
1975.536     21.800       3.200
1975.621     20.700       3.100
1975.706     20.900       3.100
1975.788     22.300       3.200
1975.873     23.300       3.300
1975.955     23.600       3.300
1976.040     22.100       3.200
1976.125     19.200       3.000
1976.204     17.800       2.900
1976.289     18.400       2.900
1976.371     18.300       2.900
1976.455     17.900       2.900
1976.537     18.800       2.900
1976.622     20.500       3.100
1976.707     20.800       3.100
1976.789     19.700       3.000
1976.873     19.700       3.000
1976.955     21.600       3.200
1977.040     24.300       3.300
1977.125     26.300       3.500
1977.202     28.800       3.600
1977.287     31.900       3.800
1977.369     34.700       4.000
1977.454     37.700       4.100
1977.536     41.400       4.300
1977.621     47.600       4.600
1977.706     55.800       5.000
1977.788     64.800       5.400
1977.873     73.700       5.700
1977.955     80.700       6.000
1978.040     86.900       6.200
1978.125     91.500       6.400
1978.202     98.700       6.600
1978.287    109.000       7.000
1978.369    117.800       7.200
1978.454    126.600       7.500
1978.536    138.000       7.800
1978.621    147.300       8.100
1978.706    153.600       8.300
1978.788    157.300       8.400
1978.873    160.400       8.500
1978.955    166.700       8.600
1979.040    175.200       8.800
1979.125    185.400       9.100
1979.202    193.300       9.300
1979.287    199.900       9.400
1979.369    208.500       9.600
1979.454    216.700       9.800
1979.536    219.500       9.900
1979.621    220.100       9.900
1979.706    220.400       9.900
1979.788    223.400      10.000
1979.873    229.800      10.100
1979.955    232.900      10.200
1980.040    232.000      10.200
1980.125    230.200      10.200
1980.204    227.900      10.100
1980.289    224.600      10.000
1980.371    221.300      10.000
1980.455    219.100       9.900
1980.537    216.100       9.900
1980.622    212.000      10.000
1980.707    211.500      10.200
1980.789    211.900      10.500
1980.873    209.100      10.900
1980.955    202.800      11.000
1981.040    199.600      11.100
1981.125    202.200      11.500
1981.202    205.400      12.100
1981.287    205.700      12.600
1981.369    204.100      12.800
1981.454    200.900      13.100
1981.536    198.500      13.100
1981.621    199.900      13.200
1981.706    202.700      13.300
1981.788    201.400      13.000
1981.873    196.000      12.600
1981.955    194.100      12.500
1982.040    192.700      12.600
1982.125    186.600      12.500
1982.202    180.000      12.000
1982.287    173.400      11.500
1982.369    167.500      11.700
1982.454    164.000      12.100
1982.536    161.500      12.200
1982.621    153.500      11.900
1982.706    141.400      11.500
1982.788    133.300      11.400
1982.873    131.300      11.500
1982.955    130.500      11.400
1983.040    127.900      11.000
1983.125    123.900      10.600
1983.202    117.100      10.400
1983.287    110.500      10.100
1983.369    104.500       9.400
1983.454     95.900       8.200
1983.536     89.100       7.600
1983.621     88.900       7.500
1983.706     91.700       7.700
1983.788     92.000       7.600
1983.873     89.700       7.400
1983.955     85.500       7.200
1984.040     80.500       7.000
1984.125     75.800       6.800
1984.204     71.200       6.500
1984.289     66.800       6.400
1984.371     63.500       6.200
1984.455     61.700       6.000
1984.537     58.300       5.800
1984.622     52.200       5.600
1984.707     44.300       5.100
1984.789     37.200       4.700
1984.873     31.600       4.300
1984.955     27.400       4.100
1985.040     25.200       3.900
1985.125     23.500       3.900
1985.202     21.700       3.800
1985.287     21.300       3.800
1985.369     21.400       3.700
1985.454     20.800       3.700
1985.536     19.900       3.700
1985.621     19.600       3.600
1985.706     19.800       3.600
1985.788     19.700       3.600
1985.873     19.100       3.600
1985.955     17.300       3.600
1986.040     15.200       3.500
1986.125     14.300       3.500
1986.202     14.300       3.500
1986.287     15.100       3.500
1986.369     15.800       3.600
1986.454     15.200       3.600
1986.536     15.100       3.500
1986.621     14.400       3.400
1986.706     13.500       3.400
1986.788     14.700       3.300
1986.873     16.600       3.300
1986.955     18.300       3.400
1987.040     19.900       3.500
1987.125     22.300       3.500
1987.202     25.500       3.600
1987.287     28.000       3.600
1987.369     30.300       3.700
1987.454     32.700       3.700
1987.536     36.200       3.900
1987.621     40.500       4.100
1987.706     45.300       4.300
1987.788     51.000       4.500
1987.873     55.100       4.700
1987.955     60.900       5.100
1988.040     69.200       5.600
1988.125     76.900       6.100
1988.204     84.900       6.600
1988.289     93.000       7.000
1988.371    101.400       7.400
1988.455    114.300       8.000
1988.537    128.500       8.900
1988.622    141.100       9.600
1988.707    151.200      10.100
1988.789    156.900      10.300
1988.873    164.400      10.600
1988.955    176.100      11.100
1989.040    184.800      11.400
1989.125    190.700      11.600
1989.202    198.000      12.000
1989.287    203.800      12.300
1989.369    209.500      12.600
1989.454    212.100      12.900
1989.536    212.000      12.800
1989.621    211.100      12.700
1989.706    210.500      12.600
1989.788    212.400      12.700
1989.873    212.500      12.700
1989.955    206.200      12.400
1990.040    201.200      12.100
1990.125    202.400      12.100
1990.202    200.900      11.800
1990.287    198.100      11.600
1990.369    195.100      11.500
1990.454    192.000      11.300
1990.536    190.100      11.300
1990.621    191.600      11.500
1990.706    194.600      11.700
1990.788    195.200      11.800
1990.873    195.200      11.800
1990.955    197.800      12.000
1991.040    202.800      12.300
1991.125    204.400      12.500
1991.202    203.900      12.600
1991.287    203.800      12.700
1991.369    202.900      12.700
1991.454    202.800      12.700
1991.536    203.500      12.700
1991.621    203.300      12.600
1991.706    200.900      12.500
1991.788    196.700      12.400
1991.873    191.400      12.200
1991.955    183.100      11.900
1992.040    172.600      11.500
1992.125    161.100      11.000
1992.204    151.800      10.500
1992.289    146.000      10.000
1992.371    142.100       9.700
1992.455    137.100       9.400
1992.537    128.500       8.800
1992.622    119.300       8.100
1992.707    113.000       7.600
1992.789    109.000       7.400
1992.873    106.300       7.200
1992.955    104.500       7.100
1993.040    101.900       6.900
1993.125     99.300       6.800
1993.202     95.400       6.700
1993.287     90.200       6.500
1993.369     84.200       6.300
1993.454     78.600       6.000
1993.536     76.500       5.900
1993.621     73.600       5.800
1993.706     68.300       5.500
1993.788     63.200       5.300
1993.873     58.400       5.100
1993.955     55.100       5.000
1994.040     52.600       4.900
1994.125     50.200       4.800
1994.202     49.400       4.800
1994.287     49.600       4.700
1994.369     48.700       4.600
1994.454     46.400       4.600
1994.536     42.700       4.400
1994.621     40.100       4.300
1994.706     39.700       4.200
1994.788     39.400       4.200
1994.873     38.700       4.100
1994.955     37.600       4.000
1995.040     35.600       3.900
1995.125     33.700       3.900
1995.202     32.000       3.900
1995.287     29.400       3.800
1995.369     27.300       3.700
1995.454     25.900       3.700
1995.536     24.400       3.600
1995.621     22.000       3.500
1995.706     19.000       3.400
1995.788     17.000       3.400
1995.873     15.900       3.300
1995.955     15.100       3.300
1996.040     14.500       3.300
1996.125     14.200       3.200
1996.204     13.700       3.200
1996.289     12.000       3.100
1996.371     11.200       3.100
1996.455     11.600       3.100
1996.537     11.300       3.100
1996.622     11.200       3.000
1996.707     11.300       3.000
1996.789     12.000       3.000
1996.873     13.400       3.000
1996.955     14.300       3.000
1997.040     14.500       3.100
1997.125     15.200       3.100
1997.202     18.300       3.300
1997.287     22.000       3.400
1997.369     24.400       3.500
1997.454     27.200       3.600
1997.536     30.400       3.700
1997.621     33.600       3.900
1997.706     38.200       4.100
1997.788     43.100       4.400
1997.873     47.100       4.700
1997.955     52.000       4.900
1998.040     58.400       5.100
1998.125     65.400       5.300
1998.202     72.000       5.700
1998.287     76.900       6.000
1998.369     80.800       6.200
1998.454     85.400       6.500
1998.536     89.800       6.800
1998.621     93.500       7.000
1998.706     96.400       7.200
1998.788     98.200       7.200
1998.873    102.300       7.300
1998.955    110.400       7.700
1999.040    118.400       8.000
1999.125    122.500       8.400
1999.202    122.300       8.600
1999.287    125.000       8.700
1999.369    132.600       9.100
1999.454    136.300       9.300
1999.536    138.100       9.400
1999.621    142.900       9.600
1999.706    150.500      10.000
1999.788    159.300      10.300
1999.873    164.100      10.400
1999.955    164.000      10.400
2000.040    166.100      10.500
2000.125    170.600      10.400
2000.204    174.300      10.400
2000.289    175.200      10.500
2000.371    172.900      10.300
2000.455    172.700      10.100
2000.537    174.200      10.000
2000.622    172.800       9.900
2000.707    168.800       9.800
2000.789    165.300       9.800
2000.873    163.100       9.700
2000.955    162.700       9.700
2001.040    158.300       9.600
2001.125    152.500       9.400
2001.202    155.100       9.500
2001.287    160.700       9.700
2001.369    163.700      10.000
2001.454    167.400      10.400
2001.536    172.000      10.600
2001.621    175.800      10.900
2001.706    177.100      10.900
2001.788    177.300      10.800
2001.873    180.300      10.800
2001.955    179.100      10.800
2002.040    177.600      10.700
2002.125    179.700      10.900
2002.202    178.200      10.800
2002.287    174.400      10.600
2002.369    171.300      10.200
2002.454    166.900       9.900
2002.536    161.500       9.600
2002.621    155.400       9.200
2002.706    149.500       8.900
2002.788    143.900       8.700
2002.873    136.000       8.500
2002.955    131.400       8.400
2003.040    129.600       8.200
2003.125    125.700       8.000
2003.202    118.700       7.700
2003.287    111.900       7.500
2003.369    107.000       7.500
2003.454    101.700       7.200
2003.536     96.000       6.900
2003.621     92.900       6.800
2003.706     91.800       6.700
2003.788     89.100       6.600
2003.873     86.900       6.500
2003.955     84.100       6.400
2004.040     80.100       6.400
2004.125     76.400       6.400
2004.204     73.200       6.300
2004.289     71.000       6.100
2004.371     69.500       5.900
2004.455     67.100       5.800
2004.537     64.800       5.800
2004.622     63.000       5.700
2004.707     60.200       5.600
2004.789     57.900       5.500
2004.873     56.600       5.400
2004.955     55.700       5.400
2005.040     54.500       5.100
2005.125     53.200       5.000
2005.202     52.300       4.900
2005.287     49.300       4.800
2005.369     45.000       4.700
2005.454     44.500       4.600
2005.536     44.600       4.600
2005.621     41.900       4.500
2005.706     39.400       4.500
2005.788     38.900       4.600
2005.873     38.400       4.600
2005.955     36.000       4.400
2006.040     33.000       4.200
2006.125     29.700       3.900
2006.202     27.400       3.700
2006.287     27.000       3.600
2006.369     27.400       3.600
2006.454     26.200       3.500
2006.536     25.000       3.500
2006.621     25.900       3.400
2006.706     26.000       3.300
2006.788     23.700       3.100
2006.873     21.100       2.900
2006.955     20.200       2.900
2007.040     19.800       2.900
2007.125     19.000       2.900
2007.202     17.700       2.800
2007.287     16.400       2.800
2007.369     14.400       2.800
2007.454     12.800       2.700
2007.536     11.600       2.700
2007.621      9.900       2.700
2007.706      9.600       2.600
2007.788      9.900       2.600
2007.873      9.200       2.600
2007.955      7.900       2.600
2008.040      6.600       2.500
2008.125      5.600       2.500
2008.204      5.100       2.500
2008.289      5.100       2.600
2008.371      5.400       2.600
2008.455      4.800       2.500
2008.537      4.000       2.400
2008.622      3.800       2.400
2008.707      3.200       2.400
2008.789      2.400       2.300
2008.873      2.300       2.300
2008.955      2.200       2.300
2009.040      2.500       2.300
2009.125      2.700       2.300
2009.202      2.900       2.300
2009.287      3.300       2.300
2009.369      3.500       2.300
2009.454      4.100       2.400
2009.536      5.500       2.500
2009.621      7.400       2.600
2009.706      9.500       2.700
2009.788     10.900       2.800
2009.873     11.700       2.900
2009.955     12.700       2.900
2010.040     14.000       3.000
2010.125     16.100       3.100
2010.202     18.500       3.200
2010.287     20.800       3.300
2010.369     23.100       3.400
2010.454     24.600       3.400
2010.536     25.200       3.400
2010.621     26.400       3.600
2010.706     29.500       3.900
2010.788     34.500       4.200
2010.873     39.100       4.400
2010.955     42.500       4.500
2011.040     45.700       4.600
2011.125     48.800       4.800
2011.202     53.800       5.100
2011.287     61.100       5.600
2011.369     69.300       6.100
2011.454     77.200       6.600
2011.536     83.600       6.900
2011.621     86.300       7.000
2011.706     86.600       7.000
2011.788     87.400       7.100
2011.873     89.400       7.200
2011.955     92.500       7.300
2012.040     95.500       7.400
2012.125     98.100       7.500
2012.204     98.300       7.500
2012.289     95.100       7.300
2012.371     90.900       7.000
2012.455     86.600       6.700
2012.537     84.500       6.500
2012.622     85.100       6.500
2012.707     85.300       6.500
2012.789     85.800       6.400
2012.873     87.700       6.500
2012.955     88.100       6.500
2013.040     86.800       6.400
2013.125     86.100       6.400
2013.202     84.400       6.200
2013.287     84.300       6.200
2013.369     87.000       6.500
2013.454     90.900       6.700
2013.536     94.600       7.000
2013.621     99.000       7.300
2013.706    104.600       7.700
2013.788    107.000       7.800
2013.873    106.900       7.800
2013.955    107.600       7.800
2014.040    109.300       7.900
2014.125    110.500       8.000
2014.202    114.300       8.200
2014.287    116.400       8.200
2014.369    115.000       8.200
2014.454    114.100       8.100
2014.536    112.600       8.000
2014.621    108.300       7.800
2014.706    101.900       7.400
2014.788     97.300       7.300
2014.873     94.700       7.400
2014.955     92.200       7.400
2015.040     89.300       7.300
2015.125     86.100       7.200
2015.202     82.100       7.000
2015.287     78.900       6.800
2015.369     76.100       6.600
2015.454     72.100       6.400
2015.536     68.300       6.200
2015.621     66.400       6.000
2015.706     65.900       6.000
2015.788     64.300       5.900
2015.873     61.200       5.500
2015.955     57.800       5.100
2016.040     54.400       4.900
2016.125     52.500       4.800
2016.204     50.400       4.600
2016.289     47.800       4.400
2016.371     44.800       4.200
2016.455     41.500       4.000
2016.537     38.500       3.800
2016.622     36.000       3.600
2016.707     33.200       3.500
2016.789     31.500       3.400
2016.873     29.900       3.300
2016.955     28.500       3.100
2017.040     27.800       3.100
2017.125     26.500       2.900
2017.202     25.700       2.900
2017.287     24.800       2.800
2017.369     23.300       2.700
2017.454     22.200       2.600
2017.536     21.000       2.600
2017.621     19.600       2.400
2017.706     18.300       2.200
2017.788     16.700       2.100
2017.873     15.400       1.900
2017.955     15.100       1.900
2018.040     14.200       1.900
2018.125     12.600       1.700
2018.202      9.900       1.400
2018.287      7.800       1.100
2018.369      7.500       1.100
2018.454      7.200       1.100
2018.536      7.000       1.100
2018.621      6.700       1.000
2018.706      6.500       1.000
2018.788      6.800       1.000
2018.873      6.700       0.900
2018.955      6.000       0.800
2019.040      5.400       0.700
2019.125      5.000       0.700
2019.202      4.600       0.700
2019.287      4.300       0.600
2019.369      3.900       0.600
2019.454      3.700       0.500
2019.536      3.500       0.500
2019.621      3.400       0.500
2019.706      3.100       0.500
2019.788      2.600       0.400
2019.873      2.000       0.400
2019.955      1.800       0.400
