1976.403  -15.5
1976.477  -14.8
1976.553  -13.5
1976.627  -14.2
1976.701  -15.0
1976.777  -18.1
1976.851  -14.6
1976.925  -15.1
1976.999  -19.2
1977.075  -18.3
1977.149  -15.6
1977.223  -29.0
1977.297  -31.2
1977.374  -35.3
1977.448  -38.0
1977.522  -30.1
1977.599  -24.4
1977.673  -26.2
1977.747  -28.9
1977.821  -29.2
1977.897  -41.6
1977.971  -29.0
1978.045  -52.0
1978.119  -54.1
1978.196  -50.1
1978.270  -47.2
1978.344  -49.3
1978.421  -39.4
1978.495  -37.1
1978.568  -35.8
1978.642  -51.6
1978.719  -64.3
1978.793  -65.7
1978.867  -61.3
1978.941  -65.7
1979.018  -66.3
1979.092  -75.0
1979.166  -74.5
1979.242  -74.4
1979.316  -73.3
1979.390  -75.0
1979.464  -73.7
1979.541  -75.0
1979.615  -73.2
1979.689  -74.0
1979.766  -74.9
1979.840  -75.1
1979.914  -66.3
1979.988  -75.0
1980.064  -73.4
1980.138  -74.8
1980.212  -74.6
1980.286  -74.6
1980.362  -60.9
1980.436  -47.8
1980.510  -58.5
1980.586  -66.1
1980.660  -61.0
1980.734  -66.9
1980.807  -69.1
1980.884  -67.6
1980.958  -61.7
1981.032  -66.5
1981.105  -63.6
1981.182  -56.4
1981.256  -59.0
1981.330  -59.0
1981.407  -55.5
1981.481  -71.7
1981.555  -52.8
1981.629  -60.8
1981.705  -59.7
1981.779  -51.3
1981.853  -51.9
1981.930  -55.5
1982.004  -63.3
1982.078  -54.4
1982.152  -40.9
1982.229  -50.5
1982.303  -60.9
1982.377  -59.1
1982.451  -58.4
1982.527  -57.1
1982.601  -59.2
1982.675  -60.2
1982.752  -49.9
1982.826  -42.8
1982.900  -45.0
1982.974  -47.3
1983.051  -47.5
1983.125  -45.8
1983.199  -38.0
1983.273  -46.2
1983.349  -50.6
1983.423  -48.5
1983.497  -50.0
1983.574  -46.1
1983.648  -45.9
1983.722  -43.2
1983.796  -39.5
1983.873  -38.4
1983.947  -27.8
1984.020  -33.5
1984.094  -38.4
1984.171  -40.3
1984.245  -43.3
1984.318  -45.6
1984.395  -44.9
1984.469  -43.8
1984.542  -42.0
1984.616  -42.6
1984.693  -40.2
1984.766  -36.7
1984.840  -33.5
1984.917  -29.2
1984.990  -27.9
1985.064  -21.5
1985.138  -19.7
1985.215  -16.9
1985.289  -15.9
1985.363  -14.9
1985.437  -16.8
1985.514  -17.9
1985.588  -17.1
1985.662  -16.8
1985.738  -15.9
1985.812  -17.1
1985.886  -18.6
1985.960  -17.4
1986.037  -16.6
1986.111  -23.9
1986.185  -20.9
1986.259  -16.0
1986.336  -15.4
1986.410  -13.3
1986.484  -11.6
1986.560  -9.4
1986.634  -9.6
1986.708  -8.6
1986.782  -7.4
1986.859  -5.2
1986.933  -8.9
1987.007  -9.4
1987.081  -10.5
1987.158  -10.5
1987.232  -9.7
1987.305  -10.0
1987.382  -18.4
1987.456  -18.6
1987.530  -14.7
1987.604  -17.9
1987.681  -42.0
1987.755  -23.9
1987.829  -30.2
1987.905  -25.6
1987.979  -26.2
1988.053  -28.5
1988.127  -32.5
1988.204  -48.0
1988.277  -40.4
1988.351  -53.3
1988.425  -50.3
1988.501  -45.3
1988.575  -41.5
1988.649  -54.0
1988.725  -37.2
1988.799  -38.5
1988.873  -50.7
1988.947  -52.1
1989.023  -58.3
1989.097  -67.8
1989.171  -60.4
1989.245  -64.7
1989.322  -65.3
1989.396  -73.2
1989.470  -74.4
1989.547  -74.8
1989.621  -75.2
1989.695  -74.5
1989.768  -53.6
1989.845  -59.2
1989.919  -64.1
1989.993  -65.9
1990.070  -66.0
1990.144  -73.9
1990.218  -75.1
1990.292  -65.3
1990.368  -75.1
1990.442  -74.6
1990.516  -74.5
1990.590  -55.2
1990.667  -74.1
1990.741  -74.7
1990.815  -75.1
1990.892  -63.4
1990.966  -53.6
1991.040  -67.9
1991.114  -70.2
1991.190  -63.4
1991.264  -64.3
1991.338  -61.6
1991.412  -63.0
1991.489  -65.0
1991.563  -64.8
1991.637  -66.8
1991.714  -65.4
1991.788  -62.7
1991.862  -60.1
1991.936  -47.2
1992.012  -44.1
1992.086  -38.5
1992.160  -38.7
1992.234  -39.7
1992.310  -39.1
1992.384  -28.5
1992.458  -36.8
1992.534  -43.1
1992.608  -46.1
1992.682  -44.5
1992.755  -41.7
1992.832  -38.5
1992.906  -46.4
1992.980  -50.4
1993.056  -52.2
1993.130  -48.1
1993.204  -47.3
1993.278  -42.5
1993.355  -38.8
1993.429  -42.5
1993.503  -40.8
1993.577  -41.1
1993.653  -38.6
1993.727  -32.9
1993.801  -31.1
1993.878  -37.4
1993.952  -41.6
1994.026  -43.3
1994.100  -43.1
1994.177  -42.6
1994.251  -42.0
1994.325  -40.3
1994.399  -35.6
1994.475  -30.8
1994.549  -26.9
1994.623  -26.4
1994.700  -28.9
1994.774  -26.8
1994.848  -25.6
1994.922  -28.3
1994.999  -26.5
1995.073  -27.2
1995.147  -22.0
1995.223  -31.3
1995.297  -31.3
1995.371  -31.6
1995.445  -29.7
1995.522  -26.5
1995.596  -19.3
1995.670  -19.9
1995.744  -15.7
1995.821  -16.2
1995.895  -16.5
1995.968  -10.7
1996.045  -9.5
1996.119  -5.0
1996.193  -16.6
1996.266  -15.9
1996.343  -11.5
1996.417  -11.8
1996.490  -14.7
1996.564  -16.7
1996.641  -21.5
1996.714  -22.6
1996.788  -15.8
1996.865  -18.5
1996.939  -21.9
1997.012  -29.0
1997.086  -19.4
1997.163  -6.8
1997.237  -11.5
1997.311  -6.0
1997.385  -9.1
1997.462  -9.3
1997.536  -20.8
1997.610  -29.9
1997.686  -37.0
1997.760  -18.6
1997.834  -13.0
1997.908  -22.0
1997.985  -29.0
1998.059  -40.8
1998.133  -34.0
1998.210  -63.4
1998.284  -63.0
1998.358  -48.6
1998.432  -56.8
1998.508  -56.8
1998.582  -43.7
1998.656  -48.8
1998.730  -39.8
1998.807  -47.4
1998.881  -60.5
1998.955  -54.5
1999.032  -58.4
1999.105  -60.9
1999.179  -52.9
1999.253  -60.1
1999.330  -74.9
1999.404  -74.1
1999.478  -75.1
1999.552  -75.1
1999.629  -71.5
1999.703  -67.4
1999.777  -71.1
1999.853  -74.6
1999.927  -74.7
2000.001  -74.3
2000.075  -72.0
2000.152  -71.3
2000.225  -64.4
2000.299  -74.7
2000.373  -68.3
2000.449  -69.6
2000.523  -69.5
2000.597  -58.8
2000.673  -69.9
2000.747  -67.9
2000.821  -60.1
2000.895  -70.1
2000.971  -66.0
2001.045  -50.6
2001.119  -52.9
2001.196  -44.8
2001.270  -59.1
2001.344  -66.1
2001.418  -65.5
2001.495  -63.1
2001.568  -57.0
2001.642  -58.4
2001.716  -50.3
2001.793  -54.8
2001.867  -63.0
2001.941  -65.9
2002.018  -67.2
2002.092  -75.1
2002.166  -63.1
2002.240  -60.4
2002.316  -55.7
2002.390  -52.3
2002.464  -58.0
2002.538  -63.7
2002.615  -51.9
2002.689  -68.9
2002.763  -65.3
2002.840  -58.5
2002.914  -61.1
2002.988  -66.4
2003.062  -67.2
2003.138  -66.6
2003.212  -65.0
2003.286  -65.9
2003.363  -65.3
2003.437  -61.7
2003.511  -61.8
2003.585  -56.8
2003.662  -55.6
2003.736  -51.5
2003.810  -61.9
2003.884  -53.9
2003.960  -58.7
2004.034  -60.1
2004.108  -56.3
2004.184  -51.7
2004.258  -55.7
2004.332  -53.2
2004.406  -52.3
2004.482  -50.9
2004.556  -49.2
2004.630  -40.0
2004.704  -39.6
2004.780  -37.8
2004.854  -50.5
2004.928  -48.5
2005.004  -41.7
2005.078  -35.0
2005.152  -36.4
2005.226  -34.4
2005.303  -34.1
2005.377  -38.8
2005.451  -38.9
2005.525  -42.3
2005.601  -40.5
2005.675  -40.6
2005.749  -41.7
2005.826  -44.2
2005.900  -43.9
2005.974  -39.9
2006.048  -30.7
2006.125  -33.6
2006.199  -41.6
2006.273  -43.1
2006.349  -34.2
2006.423  -36.0
2006.497  -38.0
2006.571  -38.6
2006.648  -40.3
2006.722  -30.2
2006.796  -31.7
2006.870  -37.3
2006.947  -40.0
2007.021  -40.9
2007.095  -38.6
2007.171  -36.3
2007.245  -40.6
2007.319  -39.5
2007.393  -37.9
2007.470  -35.4
2007.544  -32.4
2007.618  -32.6
2007.692  -32.5
2007.768  -32.2
2007.842  -37.2
2007.916  -37.4
2007.993  -42.2
2008.067  -44.7
2008.141  -44.4
2008.214  -43.3
2008.291  -43.5
2008.365  -40.5
2008.439  -37.5
2008.512  -33.4
2008.589  -31.7
2008.663  -33.0
2008.736  -28.1
2008.813  -28.2
2008.887  -27.1
2008.960  -23.3
2009.034  -26.8
2009.111  -28.5
2009.185  -28.5
2009.259  -27.2
2009.336  -21.0
2009.410  -18.3
2009.484  -17.8
2009.558  -17.0
2009.634  -11.8
2009.708  -10.5
2009.782  -4.9
2009.856  -15.2
2009.933  -28.5
2010.007  -42.2
2010.081  -36.3
2010.158  -31.6
2010.232  -34.0
2010.305  -27.5
2010.379  -27.6
2010.456  -24.1
2010.530  -42.7
2010.604  -38.1
2010.678  -48.5
2010.755  -40.0
2010.829  -40.0
2010.903  -43.1
2010.979  -42.3
2011.053  -45.8
2011.127  -44.7
2011.201  -59.4
2011.278  -64.8
2011.352  -57.0
2011.426  -57.8
2011.503  -63.6
2011.577  -65.4
2011.651  -64.3
2011.725  -67.1
2011.801  -65.3
2011.875  -58.7
2011.949  -65.4
2012.023  -68.5
2012.100  -65.9
2012.173  -51.2
2012.247  -51.7
2012.324  -61.2
2012.398  -74.9
2012.471  -75.1
2012.545  -73.3
2012.622  -71.2
2012.695  -68.3
2012.769  -72.7
2012.843  -74.3
2012.919  -50.9
2012.993  -73.8
2013.067  -68.0
2013.144  -60.5
2013.218  -74.8
2013.292  -74.8
2013.366  -75.1
2013.442  -74.0
2013.516  -70.9
2013.590  -66.9
2013.664  -61.7
2013.741  -66.3
2013.815  -63.0
2013.889  -60.0
2013.966  -58.9
2014.040  -56.3
2014.114  -63.5
2014.188  -45.9
2014.264  -51.1
2014.338  -48.1
2014.412  -43.2
2014.489  -37.7
2014.563  -51.8
2014.637  -57.9
2014.711  -63.6
2014.788  -70.7
2014.862  -64.8
2014.936  -61.8
2015.010  -61.8
2015.086  -55.6
2015.160  -51.1
2015.234  -44.8
2015.311  -42.2
2015.385  -44.4
2015.459  -43.9
2015.533  -38.2
2015.610  -40.6
2015.684  -38.2
2015.758  -40.5
2015.832  -44.7
2015.908  -44.1
2015.982  -44.3
2016.056  -46.8
2016.133  -44.1
2016.206  -42.3
2016.280  -35.9
2016.354  -35.2
2016.430  -36.5
2016.504  -35.0
2016.578  -36.6
2016.654  -37.4
2016.728  -40.6
2016.802  -43.0
2016.876  -41.6
2016.952  -40.1
2017.026  -42.0
2017.100  -33.6
2017.174  -30.5
2017.251  -25.0
2017.325  -25.0
2017.399  -24.2
2017.475  -22.7
2017.549  -18.4
2017.623  -14.7
2017.697  -18.2
2017.774  -20.6
2017.848  -20.4
2017.922  -19.3
2017.996  -14.8
2018.073  -18.0
2018.147  -13.6
2018.221  -14.4
2018.297  -14.0
2018.371  -9.9
2018.445  -14.3
2018.519  -24.3
2018.596  -19.9
2018.670  -22.5
2018.744  -27.5
2018.818  -26.4
2018.895  -24.1
2018.968  -22.8
2019.042  -25.1
2019.119  -18.1
2019.193  -23.9
2019.267  -27.1
2019.341  -27.4
2019.418  -22.4
2019.492  -22.0
2019.566  -21.3
2019.642  -22.4
2019.716  -20.9
2019.790  -19.8
2019.864  -19.8
2019.941  -19.3
2020.015  -14.6
2020.089  -13.3
2020.163  -9.5
2020.239  -9.5
