1976.403  14.5
1976.477  15.3
1976.553  20.0
1976.627  13.2
1976.701  14.8
1976.777  16.1
1976.851  13.7
1976.925  17.0
1976.999  17.3
1977.075  17.6
1977.149  15.3
1977.223  23.3
1977.297  28.3
1977.374  32.9
1977.448  32.9
1977.522  25.4
1977.599  19.4
1977.673  23.0
1977.747  21.8
1977.821  29.1
1977.897  36.8
1977.971  34.2
1978.045  53.2
1978.119  56.5
1978.196  54.1
1978.270  48.1
1978.344  51.1
1978.421  44.4
1978.495  46.0
1978.568  44.2
1978.642  62.9
1978.719  69.6
1978.793  63.7
1978.867  61.3
1978.941  65.8
1979.018  66.4
1979.092  74.4
1979.166  70.7
1979.242  74.8
1979.316  73.7
1979.390  75.0
1979.464  74.2
1979.541  74.4
1979.615  74.0
1979.689  72.4
1979.766  74.5
1979.840  67.3
1979.914  70.5
1979.988  74.5
1980.064  73.5
1980.138  74.9
1980.212  74.1
1980.286  71.4
1980.362  58.6
1980.436  50.7
1980.510  58.1
1980.586  68.4
1980.660  64.1
1980.734  64.7
1980.807  67.2
1980.884  66.5
1980.958  55.7
1981.032  60.3
1981.105  62.1
1981.182  58.4
1981.256  65.4
1981.330  63.1
1981.407  60.9
1981.481  68.1
1981.555  58.6
1981.629  56.3
1981.705  55.6
1981.779  49.9
1981.853  47.7
1981.930  47.6
1982.004  50.4
1982.078  44.5
1982.152  41.1
1982.229  50.9
1982.303  55.5
1982.377  57.2
1982.451  58.4
1982.527  60.1
1982.601  61.1
1982.675  61.3
1982.752  53.8
1982.826  47.6
1982.900  43.5
1982.974  48.1
1983.051  47.4
1983.125  45.4
1983.199  41.3
1983.273  46.6
1983.349  49.9
1983.423  42.5
1983.497  44.4
1983.574  42.5
1983.648  39.8
1983.722  38.2
1983.796  35.5
1983.873  36.6
1983.947  31.2
1984.020  32.8
1984.094  36.2
1984.171  41.2
1984.245  42.5
1984.318  40.3
1984.395  41.1
1984.469  42.1
1984.542  38.0
1984.616  38.9
1984.693  36.8
1984.766  34.1
1984.840  32.2
1984.917  27.6
1984.990  23.7
1985.064  19.7
1985.138  16.9
1985.215  16.8
1985.289  15.6
1985.363  16.3
1985.437  17.8
1985.514  18.9
1985.588  19.4
1985.662  17.5
1985.738  18.5
1985.812  18.6
1985.886  16.7
1985.960  17.0
1986.037  19.3
1986.111  17.9
1986.185  15.6
1986.259  14.3
1986.336  15.1
1986.410  14.2
1986.484  12.1
1986.560  11.6
1986.634  12.0
1986.708  11.4
1986.782  16.9
1986.859  10.0
1986.933  12.1
1987.007  9.0
1987.081  9.0
1987.158  8.4
1987.232  9.1
1987.305  9.1
1987.382  25.9
1987.456  19.9
1987.530  18.8
1987.604  23.2
1987.681  33.6
1987.755  22.4
1987.829  27.1
1987.905  23.1
1987.979  24.9
1988.053  27.2
1988.127  35.3
1988.204  44.0
1988.277  31.6
1988.351  44.1
1988.425  45.3
1988.501  42.6
1988.575  49.5
1988.649  56.5
1988.725  50.2
1988.799  48.3
1988.873  52.9
1988.947  58.9
1989.023  62.6
1989.097  71.5
1989.171  65.8
1989.245  67.8
1989.322  67.8
1989.396  69.9
1989.470  61.1
1989.547  74.4
1989.621  71.9
1989.695  59.0
1989.768  64.2
1989.845  66.9
1989.919  69.6
1989.993  70.2
1990.070  70.4
1990.144  74.5
1990.218  75.0
1990.292  70.2
1990.368  74.8
1990.442  72.4
1990.516  73.6
1990.590  65.1
1990.667  73.8
1990.741  74.8
1990.815  75.0
1990.892  68.7
1990.966  61.4
1991.040  63.8
1991.114  66.7
1991.190  63.7
1991.264  62.9
1991.338  60.8
1991.412  63.3
1991.489  65.2
1991.563  60.5
1991.637  58.8
1991.714  55.9
1991.788  54.6
1991.862  53.7
1991.936  49.7
1992.012  45.4
1992.086  41.7
1992.160  42.9
1992.234  44.4
1992.310  40.5
1992.384  23.9
1992.458  32.9
1992.534  39.5
1992.608  39.7
1992.682  30.4
1992.755  32.4
1992.832  33.4
1992.906  33.2
1992.980  35.4
1993.056  36.8
1993.130  33.6
1993.204  37.9
1993.278  34.7
1993.355  35.3
1993.429  36.4
1993.503  34.2
1993.577  34.8
1993.653  32.5
1993.727  30.3
1993.801  28.7
1993.878  31.9
1993.952  36.7
1994.026  38.4
1994.100  35.0
1994.177  35.9
1994.251  35.8
1994.325  34.7
1994.399  30.7
1994.475  26.1
1994.549  22.7
1994.623  23.0
1994.700  25.2
1994.774  24.1
1994.848  23.0
1994.922  23.2
1994.999  22.1
1995.073  21.0
1995.147  19.4
1995.223  25.9
1995.297  25.4
1995.371  24.0
1995.445  25.5
1995.522  22.1
1995.596  18.6
1995.670  20.2
1995.744  18.4
1995.821  17.1
1995.895  14.3
1995.968  9.7
1996.045  9.7
1996.119  8.9
1996.193  14.3
1996.266  14.2
1996.343  11.6
1996.417  13.1
1996.490  18.4
1996.564  20.2
1996.641  24.9
1996.714  25.5
1996.788  19.7
1996.865  15.7
1996.939  24.7
1997.012  25.6
1997.086  16.9
1997.163  12.6
1997.237  15.7
1997.311  13.5
1997.385  12.6
1997.462  13.5
1997.536  19.8
1997.610  34.6
1997.686  33.7
1997.760  21.0
1997.834  12.9
1997.908  26.6
1997.985  25.5
1998.059  36.5
1998.133  29.3
1998.210  51.9
1998.284  52.6
1998.358  39.7
1998.432  46.7
1998.508  49.1
1998.582  41.5
1998.656  46.7
1998.730  39.7
1998.807  41.1
1998.881  62.5
1998.955  64.5
1999.032  62.8
1999.105  66.7
1999.179  61.7
1999.253  61.2
1999.330  70.8
1999.404  68.8
1999.478  74.9
1999.552  74.0
1999.629  72.7
1999.703  69.9
1999.777  73.0
1999.853  74.7
1999.927  74.7
2000.001  74.5
2000.075  73.0
2000.152  73.0
2000.225  69.2
2000.299  74.5
2000.373  70.8
2000.449  71.9
2000.523  67.4
2000.597  63.6
2000.673  67.6
2000.747  63.2
2000.821  61.5
2000.895  66.3
2000.971  58.3
2001.045  47.8
2001.119  51.9
2001.196  40.0
2001.270  56.1
2001.344  67.9
2001.418  61.0
2001.495  63.3
2001.568  59.8
2001.642  52.0
2001.716  44.7
2001.793  47.3
2001.867  57.1
2001.941  61.3
2002.018  56.0
2002.092  62.2
2002.166  59.0
2002.240  58.0
2002.316  56.4
2002.390  55.0
2002.464  57.3
2002.538  56.2
2002.615  48.9
2002.689  61.8
2002.763  58.1
2002.840  53.6
2002.914  58.9
2002.988  60.4
2003.062  62.3
2003.138  55.7
2003.212  51.9
2003.286  52.9
2003.363  57.9
2003.437  58.2
2003.511  61.0
2003.585  58.6
2003.662  56.7
2003.736  53.6
2003.810  62.8
2003.884  56.9
2003.960  59.3
2004.034  61.9
2004.108  54.2
2004.184  50.3
2004.258  53.4
2004.332  51.7
2004.406  48.5
2004.482  48.7
2004.556  47.4
2004.630  40.0
2004.704  40.9
2004.780  37.6
2004.854  48.5
2004.928  52.2
2005.004  46.5
2005.078  45.8
2005.152  46.3
2005.226  44.3
2005.303  42.2
2005.377  38.9
2005.451  38.4
2005.525  38.6
2005.601  34.5
2005.675  42.1
2005.749  41.6
2005.826  40.8
2005.900  43.8
2005.974  37.8
2006.048  28.9
2006.125  37.4
2006.199  34.2
2006.273  40.8
2006.349  35.9
2006.423  34.7
2006.497  34.0
2006.571  36.3
2006.648  35.8
2006.722  27.6
2006.796  28.3
2006.870  30.7
2006.947  33.2
2007.021  32.7
2007.095  32.2
2007.171  29.4
2007.245  33.4
2007.319  31.7
2007.393  33.5
2007.470  32.0
2007.544  30.3
2007.618  31.4
2007.692  29.8
2007.768  29.1
2007.842  30.4
2007.916  30.7
2007.993  32.7
2008.067  35.5
2008.141  35.1
2008.214  35.7
2008.291  35.6
2008.365  34.6
2008.439  34.2
2008.512  30.0
2008.589  30.0
2008.663  31.9
2008.736  26.1
2008.813  24.4
2008.887  27.6
2008.960  22.1
2009.034  21.7
2009.111  24.1
2009.185  23.1
2009.259  20.2
2009.336  16.4
2009.410  21.2
2009.484  21.3
2009.558  20.5
2009.634  12.8
2009.708  12.0
2009.782  10.1
2009.856  23.1
2009.933  33.5
2010.007  47.0
2010.081  43.8
2010.158  42.1
2010.232  41.5
2010.305  36.3
2010.379  37.2
2010.456  27.9
2010.530  45.6
2010.604  41.2
2010.678  49.6
2010.755  43.5
2010.829  40.4
2010.903  48.8
2010.979  48.2
2011.053  53.6
2011.127  56.1
2011.201  65.2
2011.278  69.9
2011.352  63.7
2011.426  63.5
2011.503  64.5
2011.577  67.1
2011.651  66.7
2011.725  71.1
2011.801  69.6
2011.875  66.9
2011.949  68.8
2012.023  67.1
2012.100  70.0
2012.173  60.4
2012.247  58.0
2012.324  68.0
2012.398  74.3
2012.471  74.6
2012.545  73.9
2012.622  73.1
2012.695  71.6
2012.769  73.4
2012.843  71.5
2012.919  61.9
2012.993  73.1
2013.067  71.5
2013.144  64.8
2013.218  73.6
2013.292  70.1
2013.366  68.9
2013.442  71.7
2013.516  73.0
2013.590  68.3
2013.664  68.3
2013.741  70.4
2013.815  67.2
2013.889  66.9
2013.966  66.5
2014.040  64.4
2014.114  68.7
2014.188  60.5
2014.264  62.7
2014.338  56.7
2014.412  48.8
2014.489  48.1
2014.563  58.8
2014.637  60.0
2014.711  69.1
2014.788  72.5
2014.862  52.5
2014.936  53.8
2015.010  55.2
2015.086  50.6
2015.160  49.2
2015.234  44.6
2015.311  43.3
2015.385  51.4
2015.459  52.7
2015.533  47.4
2015.610  49.8
2015.684  48.7
2015.758  50.4
2015.832  51.4
2015.908  50.6
2015.982  50.3
2016.056  51.2
2016.133  47.5
2016.206  47.9
2016.280  43.5
2016.354  42.6
2016.430  42.5
2016.504  39.4
2016.578  40.5
2016.654  39.1
2016.728  41.8
2016.802  43.4
2016.876  41.7
2016.952  39.2
2017.026  40.6
2017.100  35.3
2017.174  31.0
2017.251  28.9
2017.325  31.4
2017.399  31.2
2017.475  32.0
2017.549  27.3
2017.623  20.4
2017.697  28.5
2017.774  30.6
2017.848  29.2
2017.922  29.1
2017.996  25.6
2018.073  26.7
2018.147  24.1
2018.221  20.0
2018.297  18.7
2018.371  16.5
2018.445  17.7
2018.519  25.3
2018.596  23.1
2018.670  23.8
2018.744  26.3
2018.818  25.4
2018.895  21.1
2018.968  22.5
2019.042  21.2
2019.119  16.1
2019.193  19.3
2019.267  20.7
2019.341  25.1
2019.418  20.9
2019.492  19.8
2019.566  18.6
2019.642  17.5
2019.716  16.8
2019.790  15.6
2019.864  15.7
2019.941  13.6
2020.015  10.8
2020.089  9.1
2020.163  7.5
2020.239  7.5
