1976.403  13.6
1976.477  15.7
1976.553  26.6
1976.627  12.2
1976.701  14.7
1976.777  14.1
1976.851  12.8
1976.925  19.0
1976.999  15.3
1977.075  16.9
1977.149  14.9
1977.223  17.7
1977.297  25.4
1977.374  30.6
1977.448  27.8
1977.522  20.6
1977.599  14.4
1977.673  19.7
1977.747  14.6
1977.821  29.0
1977.897  31.9
1977.971  39.5
1978.045  54.4
1978.119  58.9
1978.196  58.2
1978.270  49.1
1978.344  52.9
1978.421  49.3
1978.495  54.8
1978.568  52.6
1978.642  74.1
1978.719  74.8
1978.793  61.6
1978.867  61.3
1978.941  66.0
1979.018  66.6
1979.092  73.8
1979.166  67.0
1979.242  75.1
1979.316  74.0
1979.390  75.1
1979.464  74.7
1979.541  73.8
1979.615  74.8
1979.689  70.8
1979.766  74.0
1979.840  59.5
1979.914  74.8
1979.988  74.0
1980.064  73.5
1980.138  74.9
1980.212  73.6
1980.286  68.2
1980.362  56.2
1980.436  53.6
1980.510  57.6
1980.586  70.6
1980.660  67.2
1980.734  62.5
1980.807  65.2
1980.884  65.5
1980.958  49.7
1981.032  54.2
1981.105  60.6
1981.182  60.5
1981.256  71.8
1981.330  67.3
1981.407  66.2
1981.481  64.6
1981.555  64.4
1981.629  51.8
1981.705  51.5
1981.779  48.5
1981.853  43.4
1981.930  39.6
1982.004  37.5
1982.078  34.7
1982.152  41.4
1982.229  51.4
1982.303  50.1
1982.377  55.3
1982.451  58.4
1982.527  63.0
1982.601  62.9
1982.675  62.4
1982.752  57.6
1982.826  52.5
1982.900  42.1
1982.974  48.8
1983.051  47.4
1983.125  45.0
1983.199  44.5
1983.273  47.1
1983.349  49.1
1983.423  36.4
1983.497  38.9
1983.574  38.9
1983.648  33.7
1983.722  33.2
1983.796  31.5
1983.873  34.9
1983.947  34.7
1984.020  32.2
1984.094  34.0
1984.171  42.0
1984.245  41.7
1984.318  35.0
1984.395  37.3
1984.469  40.4
1984.542  34.0
1984.616  35.1
1984.693  33.3
1984.766  31.6
1984.840  30.8
1984.917  25.9
1984.990  19.6
1985.064  17.9
1985.138  14.0
1985.215  16.6
1985.289  15.2
1985.363  17.7
1985.437  18.7
1985.514  19.8
1985.588  21.7
1985.662  18.3
1985.738  21.2
1985.812  20.1
1985.886  14.9
1985.960  16.6
1986.037  22.1
1986.111  11.8
1986.185  10.3
1986.259  12.6
1986.336  14.8
1986.410  15.1
1986.484  12.7
1986.560  13.8
1986.634  14.4
1986.708  14.2
1986.782  26.3
1986.859  14.9
1986.933  15.2
1987.007  8.5
1987.081  7.5
1987.158  6.3
1987.232  8.5
1987.305  8.1
1987.382  33.4
1987.456  21.2
1987.530  22.8
1987.604  28.6
1987.681  25.2
1987.755  20.8
1987.829  24.1
1987.905  20.5
1987.979  23.7
1988.053  26.0
1988.127  38.1
1988.204  40.0
1988.277  22.8
1988.351  34.9
1988.425  40.3
1988.501  39.8
1988.575  57.6
1988.649  59.0
1988.725  63.3
1988.799  58.1
1988.873  55.1
1988.947  65.7
1989.023  66.8
1989.097  75.1
1989.171  71.2
1989.245  70.8
1989.322  70.3
1989.396  66.6
1989.470  47.9
1989.547  74.0
1989.621  68.6
1989.695  43.5
1989.768  74.9
1989.845  74.6
1989.919  75.1
1989.993  74.5
1990.070  74.7
1990.144  75.1
1990.218  75.0
1990.292  75.2
1990.368  74.5
1990.442  70.2
1990.516  72.7
1990.590  75.0
1990.667  73.4
1990.741  74.9
1990.815  74.8
1990.892  74.0
1990.966  69.2
1991.040  59.7
1991.114  63.1
1991.190  63.9
1991.264  61.4
1991.338  59.9
1991.412  63.5
1991.489  65.5
1991.563  56.2
1991.637  50.8
1991.714  46.3
1991.788  46.4
1991.862  47.3
1991.936  52.2
1992.012  46.6
1992.086  44.9
1992.160  47.1
1992.234  49.2
1992.310  42.0
1992.384  19.2
1992.458  28.9
1992.534  35.9
1992.608  33.3
1992.682  16.3
1992.755  23.1
1992.832  28.2
1992.906  20.0
1992.980  20.4
1993.056  21.5
1993.130  19.1
1993.204  28.5
1993.278  27.0
1993.355  31.7
1993.429  30.3
1993.503  27.6
1993.577  28.5
1993.653  26.3
1993.727  27.8
1993.801  26.2
1993.878  26.3
1993.952  31.8
1994.026  33.4
1994.100  26.9
1994.177  29.2
1994.251  29.7
1994.325  29.1
1994.399  25.9
1994.475  21.4
1994.549  18.5
1994.623  19.6
1994.700  21.5
1994.774  21.5
1994.848  20.5
1994.922  18.1
1994.999  17.6
1995.073  14.8
1995.147  16.8
1995.223  20.4
1995.297  19.4
1995.371  16.5
1995.445  21.3
1995.522  17.7
1995.596  17.8
1995.670  20.4
1995.744  21.1
1995.821  18.0
1995.895  12.1
1995.968  8.7
1996.045  9.9
1996.119  12.7
1996.193  12.1
1996.266  12.6
1996.343  11.7
1996.417  14.4
1996.490  22.2
1996.564  23.6
1996.641  28.4
1996.714  28.4
1996.788  23.6
1996.865  13.0
1996.939  27.4
1997.012  22.3
1997.086  14.5
1997.163  18.3
1997.237  19.9
1997.311  20.9
1997.385  16.2
1997.462  17.7
1997.536  18.9
1997.610  39.4
1997.686  30.4
1997.760  23.3
1997.834  12.9
1997.908  31.3
1997.985  22.0
1998.059  32.1
1998.133  24.6
1998.210  40.4
1998.284  42.1
1998.358  30.7
1998.432  36.5
1998.508  41.3
1998.582  39.2
1998.656  44.5
1998.730  39.7
1998.807  34.8
1998.881  64.4
1998.955  74.6
1999.032  67.1
1999.105  72.6
1999.179  70.5
1999.253  62.3
1999.330  66.7
1999.404  63.6
1999.478  74.8
1999.552  72.8
1999.629  73.8
1999.703  72.4
1999.777  75.0
1999.853  74.8
1999.927  74.6
2000.001  74.6
2000.075  74.1
2000.152  74.6
2000.225  73.9
2000.299  74.4
2000.373  73.4
2000.449  74.3
2000.523  65.4
2000.597  68.4
2000.673  65.4
2000.747  58.5
2000.821  63.0
2000.895  62.5
2000.971  50.6
2001.045  44.9
2001.119  50.8
2001.196  35.2
2001.270  53.1
2001.344  69.6
2001.418  56.4
2001.495  63.6
2001.568  62.7
2001.642  45.6
2001.716  39.1
2001.793  39.8
2001.867  51.3
2001.941  56.7
2002.018  44.9
2002.092  49.3
2002.166  54.8
2002.240  55.6
2002.316  57.2
2002.390  57.6
2002.464  56.6
2002.538  48.7
2002.615  45.8
2002.689  54.7
2002.763  51.0
2002.840  48.8
2002.914  56.6
2002.988  54.4
2003.062  57.4
2003.138  44.7
2003.212  38.7
2003.286  39.9
2003.363  50.4
2003.437  54.7
2003.511  60.1
2003.585  60.5
2003.662  57.8
2003.736  55.7
2003.810  63.8
2003.884  59.8
2003.960  59.9
2004.034  63.6
2004.108  52.1
2004.184  48.9
2004.258  51.1
2004.332  50.3
2004.406  44.7
2004.482  46.6
2004.556  45.6
2004.630  40.0
2004.704  42.2
2004.780  37.4
2004.854  46.5
2004.928  55.9
2005.004  51.3
2005.078  56.7
2005.152  56.1
2005.226  54.2
2005.303  50.3
2005.377  38.9
2005.451  37.9
2005.525  34.9
2005.601  28.4
2005.675  43.5
2005.749  41.5
2005.826  37.4
2005.900  43.8
2005.974  35.6
2006.048  27.1
2006.125  41.1
2006.199  26.8
2006.273  38.5
2006.349  37.6
2006.423  33.4
2006.497  30.1
2006.571  34.1
2006.648  31.2
2006.722  25.0
2006.796  25.0
2006.870  24.1
2006.947  26.5
2007.021  24.4
2007.095  25.7
2007.171  22.5
2007.245  26.2
2007.319  23.8
2007.393  29.2
2007.470  28.6
2007.544  28.3
2007.618  30.1
2007.692  27.1
2007.768  26.0
2007.842  23.6
2007.916  23.9
2007.993  23.1
2008.067  26.2
2008.141  25.8
2008.214  28.2
2008.291  27.7
2008.365  28.8
2008.439  30.9
2008.512  26.6
2008.589  28.2
2008.663  30.7
2008.736  24.1
2008.813  20.6
2008.887  28.1
2008.960  21.0
2009.034  16.7
2009.111  19.7
2009.185  17.7
2009.259  13.3
2009.336  11.9
2009.410  24.0
2009.484  24.9
2009.558  23.9
2009.634  13.8
2009.708  13.5
2009.782  15.3
2009.856  30.9
2009.933  38.4
2010.007  51.7
2010.081  51.2
2010.158  52.7
2010.232  48.9
2010.305  45.1
2010.379  46.9
2010.456  31.7
2010.530  48.6
2010.604  44.4
2010.678  50.7
2010.755  47.1
2010.829  40.9
2010.903  54.5
2010.979  54.1
2011.053  61.4
2011.127  67.4
2011.201  70.9
2011.278  75.0
2011.352  70.5
2011.426  69.2
2011.503  65.4
2011.577  68.8
2011.651  69.1
2011.725  75.1
2011.801  73.9
2011.875  75.1
2011.949  72.2
2012.023  65.7
2012.100  74.1
2012.173  69.7
2012.247  64.2
2012.324  74.7
2012.398  73.7
2012.471  74.2
2012.545  74.5
2012.622  74.9
2012.695  74.9
2012.769  74.1
2012.843  68.6
2012.919  72.9
2012.993  72.4
2013.067  75.0
2013.144  69.2
2013.218  72.3
2013.292  65.5
2013.366  62.6
2013.442  69.3
2013.516  75.0
2013.590  69.8
2013.664  74.9
2013.741  74.5
2013.815  71.3
2013.889  73.8
2013.966  74.1
2014.040  72.6
2014.114  73.8
2014.188  75.0
2014.264  74.3
2014.338  65.3
2014.412  54.4
2014.489  58.5
2014.563  65.9
2014.637  62.2
2014.711  74.7
2014.788  74.3
2014.862  40.2
2014.936  45.8
2015.010  48.6
2015.086  45.6
2015.160  47.3
2015.234  44.4
2015.311  44.4
2015.385  58.5
2015.459  61.5
2015.533  56.7
2015.610  59.0
2015.684  59.2
2015.758  60.3
2015.832  58.0
2015.908  57.0
2015.982  56.2
2016.056  55.6
2016.133  50.9
2016.206  53.4
2016.280  51.1
2016.354  50.1
2016.430  48.4
2016.504  43.8
2016.578  44.4
2016.654  40.9
2016.728  42.9
2016.802  43.8
2016.876  41.7
2016.952  38.3
2017.026  39.2
2017.100  37.0
2017.174  31.5
2017.251  32.8
2017.325  37.8
2017.399  38.2
2017.475  41.4
2017.549  36.2
2017.623  26.1
2017.697  38.8
2017.774  40.6
2017.848  38.0
2017.922  39.0
2017.996  36.5
2018.073  35.4
2018.147  34.7
2018.221  25.6
2018.297  23.4
2018.371  23.1
2018.445  21.0
2018.519  26.3
2018.596  26.3
2018.670  25.0
2018.744  25.1
2018.818  24.4
2018.895  18.2
2018.968  22.2
2019.042  17.2
2019.119  14.2
2019.193  14.8
2019.267  14.3
2019.341  22.7
2019.418  19.4
2019.492  17.6
2019.566  15.9
2019.642  12.6
2019.716  12.6
2019.790  11.4
2019.864  11.7
2019.941  7.9
2020.015  6.9
2020.089  4.8
2020.163  5.6
2020.239  5.6
