1976.403  -9.0
1976.477  -7.8
1976.553  -5.5
1976.627  -4.0
1976.701  -4.7
1976.777  -8.4
1976.851  -8.5
1976.925  -7.9
1976.999  -8.8
1977.075  -12.9
1977.149  -8.5
1977.223  -13.0
1977.297  -15.4
1977.374  -15.5
1977.448  -17.3
1977.522  -12.2
1977.599  -10.1
1977.673  -14.7
1977.747  -15.2
1977.821  -15.1
1977.897  -23.1
1977.971  -16.9
1978.045  -27.9
1978.119  -33.2
1978.196  -28.0
1978.270  -27.2
1978.344  -28.4
1978.421  -19.4
1978.495  -18.0
1978.568  -22.2
1978.642  -16.5
1978.719  -50.3
1978.793  -51.3
1978.867  -45.4
1978.941  -44.7
1979.018  -47.2
1979.092  -58.0
1979.166  -62.6
1979.242  -69.9
1979.316  -73.4
1979.390  -60.3
1979.464  -57.5
1979.541  -68.4
1979.615  -52.7
1979.689  -67.8
1979.766  -73.4
1979.840  -66.6
1979.914  -65.0
1979.988  -68.9
1980.064  -58.0
1980.138  -75.1
1980.212  -72.7
1980.286  -49.9
1980.362  -44.5
1980.436  -29.2
1980.510  -46.9
1980.586  -47.0
1980.660  -44.6
1980.734  -49.4
1980.807  -50.8
1980.884  -50.9
1980.958  -46.6
1981.032  -48.5
1981.105  -48.4
1981.182  -41.5
1981.256  -44.7
1981.330  -41.7
1981.407  -33.7
1981.481  -45.1
1981.555  -30.2
1981.629  -36.7
1981.705  -35.2
1981.779  -27.7
1981.853  -23.8
1981.930  -31.2
1982.004  -41.4
1982.078  -43.2
1982.152  -31.4
1982.229  -41.5
1982.303  -47.7
1982.377  -47.1
1982.451  -51.5
1982.527  -48.1
1982.601  -50.9
1982.675  -47.3
1982.752  -32.3
1982.826  -24.5
1982.900  -22.3
1982.974  -28.8
1983.051  -31.8
1983.125  -26.3
1983.199  -23.1
1983.273  -30.7
1983.349  -31.6
1983.423  -28.3
1983.497  -27.9
1983.574  -26.2
1983.648  -28.0
1983.722  -24.0
1983.796  -20.7
1983.873  -21.6
1983.947  -16.7
1984.020  -21.7
1984.094  -26.1
1984.171  -25.6
1984.245  -26.3
1984.318  -29.1
1984.395  -27.8
1984.469  -25.9
1984.542  -25.6
1984.616  -26.8
1984.693  -23.5
1984.766  -20.8
1984.840  -18.8
1984.917  -14.9
1984.990  -14.5
1985.064  -12.8
1985.138  -11.1
1985.215  -9.5
1985.289  -7.7
1985.363  -6.9
1985.437  -6.7
1985.514  -6.5
1985.588  -6.3
1985.662  -7.5
1985.738  -6.4
1985.812  -6.7
1985.886  -8.7
1985.960  -9.5
1986.037  -10.7
1986.111  -16.0
1986.185  -14.9
1986.259  -10.3
1986.336  -6.9
1986.410  -6.2
1986.484  -5.0
1986.560  -4.2
1986.634  -2.5
1986.708  -3.2
1986.782  -4.7
1986.859  -4.3
1986.933  -5.6
1987.007  -7.0
1987.081  -7.4
1987.158  -7.3
1987.232  -5.9
1987.305  -6.7
1987.382  -11.4
1987.456  -10.9
1987.530  -10.5
1987.604  -13.1
1987.681  -24.7
1987.755  -13.8
1987.829  -14.9
1987.905  -11.0
1987.979  -11.0
1988.053  -17.1
1988.127  -18.6
1988.204  -31.7
1988.277  -22.3
1988.351  -35.4
1988.425  -37.1
1988.501  -34.7
1988.575  -34.0
1988.649  -44.1
1988.725  -28.3
1988.799  -30.6
1988.873  -36.2
1988.947  -38.3
1989.023  -43.9
1989.097  -61.0
1989.171  -49.1
1989.245  -46.9
1989.322  -46.8
1989.396  -74.9
1989.470  -71.9
1989.547  -73.8
1989.621  -67.8
1989.695  -59.9
1989.768  -71.2
1989.845  -73.5
1989.919  -74.5
1989.993  -74.9
1990.070  -73.6
1990.144  -74.1
1990.218  -69.7
1990.292  -55.2
1990.368  -75.1
1990.442  -71.7
1990.516  -72.0
1990.590  -73.4
1990.667  -69.2
1990.741  -74.4
1990.815  -69.8
1990.892  -70.9
1990.966  -40.9
1991.040  -71.3
1991.114  -70.0
1991.190  -58.5
1991.264  -58.5
1991.338  -52.2
1991.412  -50.7
1991.489  -53.1
1991.563  -50.7
1991.637  -51.3
1991.714  -49.6
1991.788  -47.3
1991.862  -45.4
1991.936  -28.3
1992.012  -28.3
1992.086  -21.0
1992.160  -22.2
1992.234  -24.2
1992.310  -19.5
1992.384  -16.5
1992.458  -21.7
1992.534  -25.3
1992.608  -28.4
1992.682  -25.1
1992.755  -22.9
1992.832  -20.4
1992.906  -26.5
1992.980  -34.6
1993.056  -37.4
1993.130  -33.9
1993.204  -32.3
1993.278  -27.3
1993.355  -25.0
1993.429  -22.9
1993.503  -19.1
1993.577  -19.4
1993.653  -19.1
1993.727  -20.3
1993.801  -17.0
1993.878  -22.4
1993.952  -26.5
1994.026  -27.4
1994.100  -26.7
1994.177  -25.8
1994.251  -24.3
1994.325  -24.7
1994.399  -18.9
1994.475  -16.2
1994.549  -13.2
1994.623  -12.0
1994.700  -12.7
1994.774  -11.5
1994.848  -11.5
1994.922  -12.8
1994.999  -14.4
1995.073  -13.1
1995.147  -11.7
1995.223  -15.8
1995.297  -14.4
1995.371  -13.1
1995.445  -12.0
1995.522  -11.5
1995.596  -7.9
1995.670  -8.4
1995.744  -5.4
1995.821  -7.6
1995.895  -7.9
1995.968  -4.5
1996.045  -2.8
1996.119  -1.8
1996.193  -6.1
1996.266  -5.7
1996.343  -4.6
1996.417  -4.8
1996.490  -2.5
1996.564  -2.9
1996.641  -2.7
1996.714  -4.9
1996.788  -1.1
1996.865  -7.2
1996.939  -8.7
1997.012  -11.9
1997.086  -9.0
1997.163  -3.2
1997.237  -4.5
1997.311  -2.3
1997.385  -2.1
1997.462  -1.8
1997.536  -5.1
1997.610  -10.8
1997.686  -13.3
1997.760  -7.3
1997.834  0.2
1997.908  -2.9
1997.985  -9.6
1998.059  -18.6
1998.133  -17.9
1998.210  -43.6
1998.284  -43.1
1998.358  -27.2
1998.432  -38.2
1998.508  -31.2
1998.582  -11.3
1998.656  -15.0
1998.730  -9.6
1998.807  -31.3
1998.881  -42.0
1998.955  -38.6
1999.032  -39.9
1999.105  -43.4
1999.179  -42.1
1999.253  -52.1
1999.330  -61.5
1999.404  -73.0
1999.478  -74.9
1999.552  -75.0
1999.629  -70.7
1999.703  -72.3
1999.777  -55.2
1999.853  -63.5
1999.927  -69.9
2000.001  -73.3
2000.075  -73.8
2000.152  -74.9
2000.225  -74.5
2000.299  -72.7
2000.373  -67.0
2000.449  -74.3
2000.523  -60.5
2000.597  -45.6
2000.673  -59.9
2000.747  -54.5
2000.821  -39.2
2000.895  -60.4
2000.971  -71.5
2001.045  -9.8
2001.119  -1.8
2001.196  -3.5
2001.270  -44.3
2001.344  -46.2
2001.418  -49.9
2001.495  -52.3
2001.568  -31.9
2001.642  -34.8
2001.716  -32.8
2001.793  -44.3
2001.867  -50.1
2001.941  -40.8
2002.018  -44.5
2002.092  -61.0
2002.166  -40.0
2002.240  -41.2
2002.316  -39.5
2002.390  -32.2
2002.464  -38.3
2002.538  -51.1
2002.615  -37.5
2002.689  -69.4
2002.763  -53.0
2002.840  -42.0
2002.914  -50.3
2002.988  -58.9
2003.062  -55.8
2003.138  -53.9
2003.212  -50.3
2003.286  -50.1
2003.363  -48.8
2003.437  -44.6
2003.511  -42.8
2003.585  -35.0
2003.662  -35.8
2003.736  -29.5
2003.810  -45.3
2003.884  -40.0
2003.960  -46.0
2004.034  -44.3
2004.108  -43.1
2004.184  -34.6
2004.258  -39.8
2004.332  -34.8
2004.406  -33.6
2004.482  -32.8
2004.556  -38.3
2004.630  -26.8
2004.704  -20.8
2004.780  -20.3
2004.854  -34.2
2004.928  -30.1
2005.004  -27.2
2005.078  -26.6
2005.152  -26.7
2005.226  -24.8
2005.303  -18.5
2005.377  -20.8
2005.451  -21.1
2005.525  -23.8
2005.601  -20.0
2005.675  -16.6
2005.749  -19.7
2005.826  -24.0
2005.900  -22.4
2005.974  -20.7
2006.048  -13.0
2006.125  -17.0
2006.199  -25.0
2006.273  -17.0
2006.349  -14.8
2006.423  -15.0
2006.497  -16.5
2006.571  -17.8
2006.648  -19.6
2006.722  -10.6
2006.796  -10.0
2006.870  -9.7
2006.947  -18.7
2007.021  -22.8
2007.095  -19.4
2007.171  -16.7
2007.245  -18.7
2007.319  -16.5
2007.393  -14.5
2007.470  -12.5
2007.544  -8.8
2007.618  -10.0
2007.692  -10.0
2007.768  -13.0
2007.842  -16.9
2007.916  -17.3
2007.993  -22.6
2008.067  -27.3
2008.141  -28.1
2008.214  -25.3
2008.291  -23.5
2008.365  -18.5
2008.439  -15.8
2008.512  -13.7
2008.589  -13.0
2008.663  -14.1
2008.736  -8.0
2008.813  -9.3
2008.887  -10.7
2008.960  -10.6
2009.034  -16.4
2009.111  -17.4
2009.185  -17.7
2009.259  -15.5
2009.336  -10.5
2009.410  -6.8
2009.484  -6.5
2009.558  -6.3
2009.634  -3.5
2009.708  -2.0
2009.782  -1.1
2009.856  -9.6
2009.933  -15.8
2010.007  -22.2
2010.081  -20.6
2010.158  -23.6
2010.232  -22.3
2010.305  -18.6
2010.379  -22.0
2010.456  -22.3
2010.530  -30.5
2010.604  -24.1
2010.678  -35.1
2010.755  -23.9
2010.829  -26.0
2010.903  -24.1
2010.979  -29.6
2011.053  -33.8
2011.127  -38.1
2011.201  -51.6
2011.278  -53.7
2011.352  -42.8
2011.426  -39.4
2011.503  -42.7
2011.577  -45.6
2011.651  -46.0
2011.725  -54.6
2011.801  -48.3
2011.875  -43.0
2011.949  -48.6
2012.023  -48.9
2012.100  -53.2
2012.173  -41.9
2012.247  -43.7
2012.324  -48.3
2012.398  -63.4
2012.471  -66.1
2012.545  -65.2
2012.622  -66.1
2012.695  -59.3
2012.769  -72.4
2012.843  -75.0
2012.919  -73.9
2012.993  -72.4
2013.067  -70.8
2013.144  -73.6
2013.218  -73.6
2013.292  -73.7
2013.366  -60.8
2013.442  -50.9
2013.516  -65.5
2013.590  -64.2
2013.664  -55.9
2013.741  -62.5
2013.815  -57.6
2013.889  -44.9
2013.966  -51.9
2014.040  -58.0
2014.114  -66.2
2014.188  -39.4
2014.264  -46.5
2014.338  -39.4
2014.412  -33.6
2014.489  -27.3
2014.563  -48.6
2014.637  -53.1
2014.711  -60.0
2014.788  -65.1
2014.862  -56.0
2014.936  -53.7
2015.010  -51.2
2015.086  -44.0
2015.160  -37.4
2015.234  -32.0
2015.311  -30.5
2015.385  -34.5
2015.459  -29.0
2015.533  -24.8
2015.610  -25.4
2015.684  -23.7
2015.758  -24.0
2015.832  -28.3
2015.908  -27.7
2015.982  -29.9
2016.056  -32.4
2016.133  -28.0
2016.206  -27.5
2016.280  -22.6
2016.354  -23.6
2016.430  -23.8
2016.504  -24.9
2016.578  -26.1
2016.654  -26.5
2016.728  -27.3
2016.802  -27.6
2016.876  -24.0
2016.952  -22.8
2017.026  -23.3
2017.100  -16.7
2017.174  -14.4
2017.251  -12.2
2017.325  -10.4
2017.399  -10.8
2017.475  -13.4
2017.549  -12.3
2017.623  -10.1
2017.697  -11.3
2017.774  -11.1
2017.848  -10.9
2017.922  -11.0
2017.996  -10.0
2018.073  -11.3
2018.147  -8.9
2018.221  -9.4
2018.297  -6.6
2018.371  -2.9
2018.445  -4.8
2018.519  -11.6
2018.596  -5.5
2018.670  -3.5
2018.744  -7.6
2018.818  -8.0
2018.895  -8.7
2018.968  -8.3
2019.042  -10.7
2019.119  -8.6
2019.193  -9.3
2019.267  -10.0
2019.341  -9.4
2019.418  -6.5
2019.492  -6.1
2019.566  -6.8
2019.642  -4.7
2019.716  -2.4
2019.790  -3.4
2019.864  -3.4
2019.941  -7.7
2020.015  -6.6
2020.089  -4.8
2020.163  -4.3
2020.239  -6.0
