1976.403  6.8
1976.477  6.2
1976.553  6.8
1976.627  4.0
1976.701  6.7
1976.777  7.9
1976.851  7.1
1976.925  7.4
1976.999  6.6
1977.075  7.7
1977.149  4.4
1977.223  8.6
1977.297  13.7
1977.374  14.0
1977.448  15.5
1977.522  11.8
1977.599  10.0
1977.673  12.5
1977.747  12.3
1977.821  12.4
1977.897  16.3
1977.971  15.7
1978.045  26.7
1978.119  36.1
1978.196  32.7
1978.270  26.5
1978.344  30.4
1978.421  24.5
1978.495  27.1
1978.568  26.4
1978.642  34.1
1978.719  51.3
1978.793  46.5
1978.867  43.9
1978.941  45.3
1979.018  47.5
1979.092  59.2
1979.166  55.2
1979.242  65.4
1979.316  67.6
1979.390  62.5
1979.464  66.3
1979.541  71.5
1979.615  62.0
1979.689  70.6
1979.766  73.8
1979.840  70.9
1979.914  69.1
1979.988  72.0
1980.064  65.1
1980.138  69.8
1980.212  64.8
1980.286  50.4
1980.362  41.0
1980.436  31.2
1980.510  44.0
1980.586  48.5
1980.660  42.7
1980.734  44.2
1980.807  47.3
1980.884  47.3
1980.958  37.3
1981.032  40.0
1981.105  50.0
1981.182  49.7
1981.256  54.6
1981.330  47.6
1981.407  42.2
1981.481  44.4
1981.555  36.9
1981.629  31.1
1981.705  35.0
1981.779  33.3
1981.853  27.2
1981.930  28.0
1982.004  29.8
1982.078  37.3
1982.152  31.4
1982.229  38.9
1982.303  41.5
1982.377  44.9
1982.451  48.9
1982.527  47.8
1982.601  49.1
1982.675  46.7
1982.752  34.7
1982.826  28.2
1982.900  24.3
1982.974  26.1
1983.051  32.9
1983.125  28.0
1983.199  27.4
1983.273  33.0
1983.349  31.2
1983.423  24.3
1983.497  25.1
1983.574  25.0
1983.648  23.4
1983.722  21.8
1983.796  18.2
1983.873  20.0
1983.947  15.7
1984.020  17.4
1984.094  20.0
1984.171  23.8
1984.245  23.9
1984.318  24.1
1984.395  23.9
1984.469  23.8
1984.542  22.1
1984.616  24.1
1984.693  21.8
1984.766  19.0
1984.840  16.7
1984.917  13.0
1984.990  10.4
1985.064  9.0
1985.138  6.3
1985.215  6.4
1985.289  5.0
1985.363  5.7
1985.437  6.8
1985.514  7.1
1985.588  6.7
1985.662  7.8
1985.738  8.8
1985.812  7.7
1985.886  6.9
1985.960  6.9
1986.037  6.9
1986.111  8.1
1986.185  7.7
1986.259  6.0
1986.336  4.2
1986.410  4.0
1986.484  3.8
1986.560  4.5
1986.634  3.6
1986.708  3.8
1986.782  7.3
1986.859  4.9
1986.933  5.1
1987.007  3.9
1987.081  3.3
1987.158  3.4
1987.232  3.7
1987.305  4.8
1987.382  9.7
1987.456  9.7
1987.530  11.6
1987.604  15.8
1987.681  21.3
1987.755  15.3
1987.829  14.5
1987.905  10.8
1987.979  11.2
1988.053  14.6
1988.127  19.8
1988.204  28.5
1988.277  19.8
1988.351  28.5
1988.425  31.1
1988.501  30.2
1988.575  38.7
1988.649  44.7
1988.725  36.9
1988.799  34.8
1988.873  32.6
1988.947  43.6
1989.023  45.2
1989.097  61.1
1989.171  59.3
1989.245  61.0
1989.322  60.5
1989.396  75.0
1989.470  73.3
1989.547  72.8
1989.621  68.7
1989.695  61.6
1989.768  70.9
1989.845  74.2
1989.919  72.3
1989.993  74.7
1990.070  74.3
1990.144  74.5
1990.218  69.1
1990.292  63.1
1990.368  68.5
1990.442  64.0
1990.516  72.1
1990.590  71.1
1990.667  71.1
1990.741  72.5
1990.815  66.1
1990.892  63.2
1990.966  44.0
1991.040  60.9
1991.114  63.3
1991.190  58.3
1991.264  54.5
1991.338  49.4
1991.412  49.1
1991.489  51.4
1991.563  47.1
1991.637  41.0
1991.714  41.1
1991.788  40.3
1991.862  38.0
1991.936  30.8
1992.012  27.6
1992.086  22.6
1992.160  24.3
1992.234  25.6
1992.310  19.5
1992.384  9.3
1992.458  15.4
1992.534  17.5
1992.608  16.3
1992.682  16.0
1992.755  16.3
1992.832  17.0
1992.906  17.6
1992.980  23.5
1993.056  21.3
1993.130  19.5
1993.204  21.5
1993.278  19.8
1993.355  20.8
1993.429  18.6
1993.503  14.9
1993.577  17.0
1993.653  15.5
1993.727  17.3
1993.801  14.6
1993.878  17.1
1993.952  18.5
1994.026  18.0
1994.100  17.7
1994.177  17.5
1994.251  17.3
1994.325  17.5
1994.399  15.1
1994.475  12.3
1994.549  10.0
1994.623  10.4
1994.700  11.2
1994.774  10.7
1994.848  10.7
1994.922  9.1
1994.999  9.8
1995.073  8.6
1995.147  7.7
1995.223  11.6
1995.297  10.2
1995.371  10.0
1995.445  10.3
1995.522  10.0
1995.596  6.8
1995.670  7.2
1995.744  5.9
1995.821  5.3
1995.895  5.4
1995.968  4.3
1996.045  3.0
1996.119  2.8
1996.193  4.5
1996.266  5.0
1996.343  4.2
1996.417  4.8
1996.490  6.1
1996.564  7.7
1996.641  9.3
1996.714  10.0
1996.788  6.3
1996.865  7.1
1996.939  9.8
1997.012  8.5
1997.086  5.1
1997.163  2.7
1997.237  3.7
1997.311  4.9
1997.385  4.4
1997.462  4.5
1997.536  7.0
1997.610  13.9
1997.686  12.6
1997.760  8.4
1997.834  3.5
1997.908  6.7
1997.985  9.1
1998.059  17.8
1998.133  15.7
1998.210  33.9
1998.284  34.7
1998.358  24.0
1998.432  29.8
1998.508  28.2
1998.582  16.0
1998.656  20.6
1998.730  16.8
1998.807  28.0
1998.881  43.1
1998.955  50.9
1999.032  42.5
1999.105  50.5
1999.179  48.1
1999.253  46.5
1999.330  49.3
1999.404  55.0
1999.478  70.3
1999.552  74.5
1999.629  72.1
1999.703  72.9
1999.777  60.4
1999.853  67.6
1999.927  71.5
2000.001  73.9
2000.075  74.5
2000.152  74.5
2000.225  73.6
2000.299  72.6
2000.373  63.6
2000.449  73.7
2000.523  56.7
2000.597  57.3
2000.673  63.4
2000.747  49.9
2000.821  44.8
2000.895  54.3
2000.971  52.3
2001.045  19.6
2001.119  18.7
2001.196  10.8
2001.270  39.9
2001.344  50.3
2001.418  46.8
2001.495  49.4
2001.568  36.1
2001.642  29.3
2001.716  27.6
2001.793  37.0
2001.867  42.1
2001.941  37.9
2002.018  40.5
2002.092  49.6
2002.166  42.6
2002.240  46.2
2002.316  44.8
2002.390  37.3
2002.464  38.3
2002.538  43.1
2002.615  36.1
2002.689  55.8
2002.763  45.4
2002.840  38.1
2002.914  45.3
2002.988  50.2
2003.062  51.5
2003.138  43.8
2003.212  39.9
2003.286  39.4
2003.363  42.4
2003.437  42.0
2003.511  43.6
2003.585  39.2
2003.662  36.7
2003.736  31.9
2003.810  44.9
2003.884  42.2
2003.960  45.5
2004.034  49.6
2004.108  38.5
2004.184  31.8
2004.258  36.3
2004.332  33.6
2004.406  30.1
2004.482  30.8
2004.556  34.3
2004.630  26.4
2004.704  23.2
2004.780  23.4
2004.854  33.3
2004.928  35.8
2005.004  32.2
2005.078  41.1
2005.152  38.2
2005.226  32.0
2005.303  23.8
2005.377  20.8
2005.451  21.6
2005.525  22.8
2005.601  17.8
2005.675  20.6
2005.749  22.4
2005.826  22.7
2005.900  24.1
2005.974  18.8
2006.048  9.7
2006.125  16.8
2006.199  18.0
2006.273  17.6
2006.349  12.6
2006.423  15.0
2006.497  16.7
2006.571  18.7
2006.648  18.4
2006.722  11.0
2006.796  10.9
2006.870  11.6
2006.947  16.8
2007.021  15.9
2007.095  12.9
2007.171  11.3
2007.245  13.6
2007.319  13.6
2007.393  15.6
2007.470  14.3
2007.544  13.3
2007.618  15.8
2007.692  14.4
2007.768  15.2
2007.842  14.8
2007.916  14.9
2007.993  17.7
2008.067  20.8
2008.141  19.6
2008.214  17.6
2008.291  16.1
2008.365  14.8
2008.439  15.1
2008.512  12.8
2008.589  12.8
2008.663  14.8
2008.736  9.7
2008.813  9.0
2008.887  10.7
2008.960  8.1
2009.034  9.6
2009.111  10.4
2009.185  9.7
2009.259  7.7
2009.336  4.8
2009.410  6.6
2009.484  7.8
2009.558  9.3
2009.634  5.8
2009.708  5.2
2009.782  4.5
2009.856  9.8
2009.933  17.3
2010.007  25.1
2010.081  22.1
2010.158  24.0
2010.232  23.8
2010.305  21.6
2010.379  26.2
2010.456  23.4
2010.530  32.6
2010.604  25.7
2010.678  33.0
2010.755  23.6
2010.829  21.4
2010.903  17.8
2010.979  36.4
2011.053  54.3
2011.127  54.9
2011.201  62.4
2011.278  64.1
2011.352  56.3
2011.426  45.2
2011.503  42.3
2011.577  47.8
2011.651  47.0
2011.725  57.2
2011.801  49.0
2011.875  55.8
2011.949  60.9
2012.023  60.7
2012.100  63.5
2012.173  58.2
2012.247  54.9
2012.324  55.9
2012.398  60.3
2012.471  68.3
2012.545  66.4
2012.622  64.8
2012.695  66.1
2012.769  70.4
2012.843  67.5
2012.919  68.7
2012.993  64.2
2013.067  70.3
2013.144  73.2
2013.218  69.2
2013.292  68.7
2013.366  67.9
2013.442  61.9
2013.516  67.7
2013.590  67.6
2013.664  59.6
2013.741  60.8
2013.815  57.6
2013.889  59.9
2013.966  63.1
2014.040  66.3
2014.114  70.5
2014.188  54.4
2014.264  48.9
2014.338  28.9
2014.412  25.4
2014.489  24.8
2014.563  40.2
2014.637  49.4
2014.711  65.5
2014.788  64.9
2014.862  41.8
2014.936  45.1
2015.010  41.5
2015.086  36.1
2015.160  31.9
2015.234  24.0
2015.311  27.9
2015.385  35.9
2015.459  37.2
2015.533  31.9
2015.610  33.7
2015.684  32.9
2015.758  32.1
2015.832  30.8
2015.908  29.3
2015.982  34.2
2016.056  31.7
2016.133  25.7
2016.206  28.9
2016.280  25.8
2016.354  28.1
2016.430  25.6
2016.504  22.0
2016.578  25.3
2016.654  26.1
2016.728  28.7
2016.802  27.0
2016.876  24.1
2016.952  19.6
2017.026  21.3
2017.100  16.4
2017.174  13.1
2017.251  11.7
2017.325  13.0
2017.399  13.9
2017.475  18.5
2017.549  15.1
2017.623  9.7
2017.697  17.3
2017.774  16.4
2017.848  15.0
2017.922  14.0
2017.996  10.8
2018.073  10.3
2018.147  9.5
2018.221  6.8
2018.297  6.2
2018.371  6.3
2018.445  7.0
2018.519  11.6
2018.596  8.8
2018.670  8.7
2018.744  10.3
2018.818  10.4
2018.895  8.0
2018.968  7.6
2019.042  7.5
2019.119  6.6
2019.193  7.7
2019.267  8.2
2019.341  8.5
2019.418  6.5
2019.492  6.9
2019.566  8.7
2019.642  7.3
2019.716  5.7
2019.790  5.3
2019.864  5.3
2019.941  6.9
2020.015  4.3
2020.089  3.0
2020.163  3.4
2020.239  4.2
