1963.838    12.4
1963.912    10.6
1963.986    11.9
1964.06    9.9
1964.134    10.2
1965.537    7.3
1965.611    5.4
1965.685    6
1965.759    6.6
1965.833    8.2
1965.907    10.5
1965.981    7.4
1966.055    6.4
1966.129    5.5
1966.203    5.5
1966.277    5.7
1966.351    6.5
1966.425    6.3
1966.499    5.4
1966.573    6
1966.647    4.7
1966.721    4.6
1966.795    5.2
1966.868    6.6
1966.942    7.2
1967.016    7
1967.09    5.9
1967.164    7.6
1967.238    5.9
1967.312    6.8
1967.386    7.1
1967.46    6.9
1967.534    5.3
1967.608    3.8
1967.682    4.6
1967.756    5.2
1967.83    5.2
1967.904    4.9
1967.978    3.6
1968.052    4.1
1968.126    5.5
1968.199    4
1968.273    4.7
1968.347    5.1
1968.421    4.5
1968.495    3.1
1968.568    6.8
1968.642    4.6
1968.716    3.1
1968.79    4.2
1968.863    12.6
1968.937    3.9
1969.011    3.9
1969.085    4.6
1969.159    4.6
1969.233    3.6
1969.307    8.8
1969.529    4.8
1969.603    5.2
1969.677    4.3
1969.751    4.1
1969.825    5.1
1969.899    4.5
1969.973    5.1
1970.047    4.5
1970.121    4.4
1970.195    5.1
1970.268    6.8
1970.86    7.2
1970.934    6.9
1971.008    5.8
1971.082    5.1
1971.156    4.6
1971.23    6.7
1971.304    6.8
1971.378    6.7
1971.452    6.5
1971.526    9.6
1971.97    8
1972.044    6.4
1972.117    6.7
1972.191    6.8
1972.265    9.2
1972.339    6.3
1972.413    7.8
1972.486    7.5
1972.56    5.9
1972.708    15.2
1972.781    6.7
1972.855    10.4
1972.929    11.7
1973.003    7.6
1973.077    7.4
1973.151    7.5
1973.225    6.2
1973.299    5.2
1973.373    6.5
1973.447    6.1
1973.521    7.2
1973.595    8.3
1973.668    8.5
1973.742    7.9
1973.816    8.2
1973.89    9.8
1973.964    6.6
1974.038    6
1974.112    6.6
1974.186    5.8
1974.26    5.7
1974.334    4.9
1974.408    5.9
1974.482    6.1
1974.556    6.7
1974.63    7.5
1974.704    6.5
1974.778    6.8
1974.852    6.2
1974.926    5.9
1975    6.6
1975.074    7.3
1975.148    5.6
1975.222    7.1
1975.296    7.5
1975.37    6.9
1975.444    8
1975.518    6.8
1975.592    5.2
1975.666    8.2
1975.74    9.2
1975.814    9.5
1975.888    7.9
1975.962    7.2
1976.036    7.1
1976.109    6.8
1976.183    6.5
1976.257    7.6
1976.331    8.8
1976.404    7.1
1976.478    8
1976.552    7.8
1976.626    7.9
1976.699    8.8
1976.773    9.8
1976.847    8.6
1976.921    9.3
1976.995    9.9
1977.068    9.3
1977.142    8.8
1977.216    9.2
1977.29    8.5
1977.364    8
1977.438    6.9
1977.512    8.2
1977.586    6.1
1977.66    9.8
1977.734    10.2
1977.808    8.5
1977.882    11
1977.956    9.9
1978.03    9.4
1978.104    9.1
1978.178    7.6
1978.252    5.9
1978.326    7.3
1978.4    8.2
1978.474    7.6
1978.548    7.4
1978.622    7.9
1978.696    7.7
1978.77    8.3
1978.844    7.4
1978.918    8.7
1978.992    6.6
1979.066    6.4
1979.14    6.6
1979.214    5.9
1979.288    5.3
1979.362    6.6
1979.436    6.6
1979.51    8.7
1979.584    7.3
1979.658    8.5
1979.732    7.1
1979.805    6.6
1979.879    7.5
1979.953    6.4
1980.027    6.3
1980.101    6.5
1980.175    6.7
1980.249    6.3
1980.322    7
1980.396    7.2
1980.47    7.1
1980.544    5.8
1980.617    9.6
1980.691    8.4
1980.765    7.3
1980.839    6.4
1980.913    7.6
1980.986    7.1
1981.06    7.1
1981.134    6.3
1981.208    5.9
1981.282    6
1981.356    5.4
1981.43    7.2
1981.504    6.7
1981.578    6.3
1981.652    9.3
1981.726    8.2
1981.8    8.1
1981.874    7.2
1981.948    7.8
1982.022    9.9
1982.096    8.5
1982.17    8.9
1982.244    7.1
1982.318    6.8
1982.392    8.6
1982.466    10.4
1982.54    6.3
1982.614    8
1982.688    9.1
1982.762    12.5
1983.132    7.7
1983.205    5.8
1983.279    8.3
1983.353    7.9
1983.427    6.7
1983.501    10.5
1983.575    7
1983.649    7.7
1983.723    7.6
1983.797    8.9
1983.871    8.5
1983.945    9
1984.019    9.7
1984.093    7.4
1984.167    6.2
1984.24    3.4
1984.314    11.4
1984.388    5.7
1984.462    7.8
1984.536    9
1984.609    6.7
1984.683    6.6
1984.757    9.8
1984.831    11.9
1984.904    8.3
1984.978    6.1
1985.052    8.6
1985.126    7.1
1985.2    11.1
1985.274    8.1
1985.348    11
1985.422    9.8
1985.496    6.4
1985.57    7.8
1985.644    8.7
1985.718    6.9
1985.792    8.4
1985.866    9.6
1985.94    9
1986.014    7.7
1986.088    5.8
1986.162    6.9
1986.236    8.6
1986.31    9.7
1986.384    8.9
1986.458    10.9
1986.532    8.3
1986.605    7
1986.679    8.5
1986.753    6.9
1986.827    10.5
1986.901    11.4
1986.975    12.1
1987.049    8.9
1987.123    6
1987.197    8.3
1987.271    10.2
1987.345    12.8
1987.419    9.7
1987.493    10
1987.567    7.3
1987.641    8.1
1987.715    9.9
1987.789    8.9
1987.863    6.6
1987.937    10.9
1988.011    11.1
1988.085    7.9
1988.158    10
1988.232    7.1
1988.306    13.2
1988.38    8.3
1988.454    7.9
1988.527    5.1
1988.601    5.1
1988.675    5.8
1988.749    7
1988.822    6.5
1988.896    7.3
1988.97    5.4
1989.044    4.9
1989.118    5.9
1989.192    9
1989.266    8.7
1989.34    8.2
1989.414    5.7
1989.488    7.5
1989.562    7.4
1989.636    7.1
1989.71    10.2
1989.784    7
1989.858    8.6
1989.932    7.8
1990.005    8.1
1990.079    7
1990.153    11.6
1990.227    6.9
1990.301    8.8
1990.375    8.4
1990.449    5.7
1990.523    6.2
1990.597    5.9
1990.671    6.4
1990.745    7.7
1990.819    6.4
1990.893    6.5
1990.967    6.7
1991.041    8.4
1991.115    7.7
1991.189    6.8
1991.263    8
1991.337    8.4
1991.411    10.1
1991.485    7.2
1991.559    5.5
1991.633    8.7
1991.707    11.1
1991.781    12.1
1991.855    11.1
1991.929    8.6
1992.003    9.9
1992.077    11.5
1992.15    11.3
1992.224    9
1992.298    9
1992.372    9
1992.445    10.5
1992.519    13.1
1992.593    11.8
1992.667    8.7
1992.74    10.3
1992.814    8.1
1992.888    7
1992.962    7.9
1993.036    9
1993.11    6.6
1993.184    7.8
1993.258    7.8
1993.332    9.4
1993.405    8.8
1993.479    10
1993.553    9.8
1993.627    9.6
1993.701    12.6
1993.775    10.5
1993.849    7
1993.923    6.3
1993.997    6.5
1994.071    5.5
1994.145    6
1994.219    5
1994.293    5
1994.367    4.4
1994.441    6.5
1994.515    6.3
1994.589    10.2
1994.663    9.1
1994.737    9.1
1994.811    9.6
1994.885    8.5
1994.959    7.3
1995.033    8.4
1995.107    8.6
1995.181    8.9
1995.255    8.6
1995.329    8.4
1995.403    7.7
1995.477    10.1
1995.551    7.3
1995.625    9.7
1995.699    8.4
1995.773    8
1995.847    10.4
1995.921    10.3
1995.995    9.3
1996.068    6.9
1996.142    7.6
1996.216    8.2
1996.29    7.5
1996.363    9.2
1996.437    8.9
1996.511    9
1996.585    7.3
1996.658    5.6
1996.732    7.3
1996.806    7.8
1996.88    7.9
1996.954    9.2
1997.027    8.4
1997.101    7.5
1997.175    8.8
1997.249    8.7
1997.323    10
1997.397    9.4
1997.471    8.4
1997.545    8.9
1997.619    7.6
1997.693    7.5
1997.767    9.4
1997.841    8.1
1997.915    9.7
1997.989    10.5
1998.063    8.5
1998.137    7.6
1998.211    7.6
1998.285    6.9
1998.359    6.8
1998.433    7.2
1998.507    6.7
1998.581    7.8
1998.655    6.2
1998.729    5.8
1998.803    6.1
1998.877    5.9
1998.951    7.9
1999.025    5.7
1999.099    6.6
1999.173    6.6
1999.247    5.9
1999.321    4.6
1999.395    5.2
1999.468    5.4
1999.542    6.7
1999.616    5
1999.69    6
1999.764    5.8
1999.838    6.5
1999.912    7.2
1999.986    5.2
2000.06    6.6
2000.134    5.5
2000.208    5.7
2000.281    4.8
2000.355    6
2000.429    5.6
2000.503    6.3
2000.577    5.1
2000.65    5.8
2000.724    5.9
2000.798    5.9
2000.872    6.3
2000.945    7.9
2001.019    7.8
2001.093    5.4
2001.167    6.5
2001.241    5.2
2001.315    4.5
2001.389    4.9
2001.463    5.3
2001.537    6
2001.611    5.7
2001.685    5.9
2001.759    6.2
2001.833    6.6
2001.907    7.5
2001.981    8.4
2002.055    6.6
2002.129    6.8
2002.203    7.3
2002.277    6.3
2002.351    6.1
2002.425    5.7
2002.499    6.1
2002.573    5.7
2002.647    5.7
2002.721    6.5
2002.795    5.4
2002.868    6.1
2002.942    6.8
2003.016    6.6
2003.09    5.9
2003.164    5.7
2003.238    5.7
2003.312    4.5
2003.386    5.3
2003.46    4.5
2003.534    5.3
2003.608    4.3
2003.682    3.6
2003.756    4.7
2003.83    4.4
2003.904    4.4
2003.978    4.4
2004.052    4.8
2004.126    3.4
2004.199    4.5
2004.273    5.2
2004.347    5.4
2004.421    5.3
2004.495    5
2004.568    5.7
2004.642    5.3
2004.716    7
2004.79    7.8
2004.863    6.3
2004.937    6.4
2005.011    5.7
2005.085    5.6
2005.159    5.9
2005.233    5.7
2005.307    4.4
2005.381    5.9
2005.455    7.1
2005.529    6.6
2005.603    5.8
2005.677    5.6
2005.751    7
2005.825    6.5
2005.899    7
2005.973    7.4
2006.047    7.9
2006.121    7.2
2006.195    7.1
2006.268    5.9
2006.342    6.1
2006.416    6
2006.49    6.9
2006.564    7.2
2006.638    5.9
2006.712    7.2
2006.786    7
2006.86    4.9
2006.934    4.8
2007.008    5.2
2007.082    5.1
2007.156    5.8
2007.23    5.8
2007.304    6.4
2007.378    5.4
2007.452    5
2007.526    5.9
2007.6    5.6
2007.674    5.3
2007.748    6.1
2007.822    6.1
2007.896    5.6
2007.97    5.1
2008.044    4.1
2008.117    3.9
2008.191    3.5
2008.265    3.6
2008.339    5.2
2008.413    4.4
2008.486    5.1
2008.56    4.7
2008.634    5.8
2008.708    5.4
2008.781    5.3
2008.855    5.6
2008.929    5.8
2009.003    5.6
2009.077    6.5
2009.151    5.6
2009.225    5.1
2009.299    5
2009.373    5.9
2009.447    7.3
2009.521    4.9
2009.595    5.3
2009.668    5.7
2009.742    6.8
2009.816    6.5
2009.89    7
2009.964    6.2
2010.038    4.7
2010.112    5.3
2010.186    4.9
2010.26    5
2010.334    5.9
2010.408    5
2010.482    5.2
2010.556    4.2
2010.63    4.5
2010.704    5.2
2010.778    7
2010.852    5.8
2010.926    6.6
2011    5.1
2011.074    6.2
2011.148    5.3
2011.222    5.1
2011.296    5
2011.37    4.8
2011.444    4.6
2011.518    4.1
2011.592    4.2
2011.666    5.3
2011.74    5.8
2011.814    5.2
2011.888    5.4
2011.962    7.5
2012.036    6
2012.109    6.6
2012.183    5.5
2012.257    6.3
2012.331    5.3
2012.404    4.7
2012.478    4.5
2012.552    5.3
2012.626    5
2012.699    6
2012.773    4.9
2012.847    5.8
2012.921    7.1
2012.995    6.5
2013.068    7
2013.142    8
2013.216    5.1
2013.29    6
2013.364    5.2
2013.438    5.6
2013.512    5.1
2013.586    4.9
2013.66    4.5
2013.734    4.8
2013.808    5.4
2013.882    5.3
2013.956    5.1
2014.03    4.3
2014.104    5.9
2014.178    5
2014.252    5.1
2014.326    6.7
2014.4    6.7
2014.474    6.8
2014.548    6.1
2014.622    8.1
2014.696    6.3
2014.77    7.2
2014.844    6.1
2014.918    6.1
2014.992    7.4
2015.066    7.2
2015.14    9
2015.214    7.9
2015.288    7.3
2015.362    7.3
2015.436    5.8
2015.51    5.9
2015.584    5.5
2015.658    6.8
2015.732    6.2
2015.805    7.1
2015.879    7.5
2015.953    7.2
2016.027    8.4
2016.101    8
2016.175    6.9
2016.249    7.4
2016.322    5.7
2016.396    5.8
2016.47    6.1
2016.544    6.2
2016.617    5.9
2016.691    6.9
2016.765    5.5
2016.839    7.4
2016.913    7
2016.986    6.9
2017.06    6.3
2017.134    5.6
2017.208    5.9
2017.282    6.4
2017.356    7.6
2017.43    6.7
2017.504    5.2
2017.578    5.2
2017.652    4.8
2017.726    6.4
2017.8    7.6
2017.874    7.6
2017.948    7.5
2018.022    8.4
2018.096    7.3
2018.17    7.1
2018.244    7
2018.318    6.1
2018.392    7.5
2018.466    5.6
2018.54    7.3
2018.614    6.4
2018.688    6.2
2018.762    7.1
2018.836    7.5
2018.91    5.3
2018.984    6.4
2019.058    5.4
2019.132    5.8
2019.205    6.4
2019.279    6.2
2019.353    6.4
2019.427    7.1
2019.501    6.7
2019.575    5.8
2019.649    5.2
2019.723    6.3
2019.797    7.6
2019.871    7.4
2019.945    6.9
2020.019    6.9
2020.093    5.8
2020.167    6.2
2020.24    5.5
2020.314    7.2
2020.388    7
2020.462    10
