1963.838    287
1963.912    365
1963.986    359
1964.06    362
1964.134    311
1964.503    454
1964.577    474
1964.65    450
1964.724    482
1964.798    441
1964.872    428
1964.945    383
1965.019    381
1965.093    444
1965.167    429
1965.241    388
1965.315    420
1965.389    409
1965.463    428
1965.537    436
1965.611    456
1965.685    413
1965.759    417
1965.833    381
1965.907    388
1965.981    411
1966.055    436
1966.129    423
1966.203    442
1966.277    390
1966.351    369
1966.425    406
1966.499    431
1966.573    407
1966.647    491
1966.721    472
1966.795    446
1966.868    427
1966.942    454
1967.016    376
1967.09    414
1967.164    366
1967.238    388
1967.312    424
1967.386    461
1967.46    406
1967.534    388
1967.608    466
1967.682    454
1967.756    447
1967.83    450
1967.904    500
1967.978    420
1968.052    465
1968.126    449
1968.199    513
1968.273    459
1968.347    475
1968.421    492
1968.495    455
1968.568    488
1968.642    442
1968.716    446
1968.79    602
1968.863    428
1968.937    446
1969.011    434
1969.085    432
1969.159    463
1969.233    427
1969.307    455
1969.381    379
1969.455    405
1969.529    385
1969.603    399
1969.677    430
1969.751    403
1969.825    394
1969.899    423
1969.973    400
1970.047    393
1970.121    447
1970.195    417
1970.268    430
1970.342    403
1970.416    411
1970.49    445
1970.564    458
1970.638    421
1970.712    425
1970.786    410
1970.86    416
1970.934    401
1971.008    449
1971.082    461
1971.156    445
1971.23    452
1971.304    419
1971.378    438
1971.452    411
1971.526    417
1971.97    420
1972.044    445
1972.117    433
1972.191    411
1972.265    367
1972.339    401
1972.413    384
1972.486    365
1972.56    552
1972.708    318
1972.781    432
1972.855    385
1972.929    375
1973.003    472
1973.077    483
1973.151    536
1973.225    548
1973.299    567
1973.373    539
1973.447    510
1973.521    476
1973.595    422
1973.668    435
1973.742    458
1973.816    428
1973.89    414
1973.964    493
1974.038    510
1974.112    516
1974.186    540
1974.26    527
1974.334    525
1974.408    528
1974.482    548
1974.556    512
1974.63    532
1974.704    551
1974.778    514
1974.852    542
1974.926    552
1975    522
1975.074    542
1975.148    538
1975.222    503
1975.296    485
1975.37    493
1975.444    479
1975.518    485
1975.592    448
1975.666    411
1975.74    398
1975.814    444
1975.888    479
1975.962    494
1976.036    491
1976.109    523
1976.183    515
1976.257    479
1976.331    453
1976.404    455
1976.478    447
1976.552    431
1976.626    435
1976.699    426
1976.773    408
1976.847    393
1976.921    410
1976.995    410
1977.068    422
1977.142    419
1977.216    421
1977.29    420
1977.364    411
1977.438    421
1977.512    460
1977.586    483
1977.66    416
1977.734    391
1977.808    396
1977.882    377
1977.956    404
1978.03    382
1978.104    431
1978.178    441
1978.252    502
1978.326    489
1978.4    429
1978.474    436
1978.548    370
1978.622    417
1978.696    418
1978.77    393
1978.844    442
1978.918    422
1978.992    453
1979.066    423
1979.14    432
1979.214    472
1979.288    471
1979.362    435
1979.436    414
1979.51    407
1979.584    436
1979.658    384
1979.732    396
1979.805    360
1979.879    355
1979.953    417
1980.027    386
1980.101    377
1980.175    347
1980.249    409
1980.322    374
1980.396    401
1980.47    360
1980.544    380
1980.617    343
1980.691    351
1980.765    436
1980.839    451
1980.913    448
1980.986    376
1981.06    401
1981.134    445
1981.208    439
1981.282    479
1981.356    456
1981.43    403
1981.504    438
1981.578    442
1981.652    385
1981.726    430
1981.8    437
1981.874    403
1981.948    403
1982.022    436
1982.096    494
1982.17    419
1982.244    458
1982.318    465
1982.392    505
1982.466    450
1982.54    525
1982.614    467
1982.688    475
1982.762    391
1983.132    481
1983.205    512
1983.279    517
1983.353    497
1983.427    442
1983.501    444
1983.575    428
1983.649    480
1983.723    463
1983.797    491
1983.871    495
1983.945    471
1984.019    438
1984.093    423
1984.167    483
1984.24    577
1984.314    437
1984.388    505
1984.462    450
1984.536    460
1984.609    477
1984.683    544
1984.757    496
1984.831    489
1984.904    527
1984.978    534
1985.052    512
1985.126    491
1985.2    442
1985.274    462
1985.348    369
1985.422    430
1985.496    495
1985.57    465
1985.644    457
1985.718    518
1985.792    502
1985.866    444
1985.94    490
1986.014    482
1986.088    588
1986.162    477
1986.236    432
1986.31    423
1986.384    404
1986.458    402
1986.532    463
1986.605    511
1986.679    505
1986.753    492
1986.827    405
1986.901    379
1986.975    390
1987.049    425
1987.123    508
1987.197    438
1987.271    359
1987.345    350
1987.419    380
1987.493    374
1987.567    452
1987.641    517
1987.715    424
1987.789    489
1987.863    486
1987.937    406
1988.011    404
1988.085    414
1988.158    431
1988.232    475
1988.306    421
1988.38    386
1988.454    411
1988.527    426
1988.601    469
1988.675    439
1988.749    443
1988.822    424
1988.896    424
1988.97    480
1989.044    509
1989.118    492
1989.192    603
1989.266    458
1989.34    443
1989.414    415
1989.488    364
1989.562    436
1989.636    406
1989.71    409
1989.784    509
1989.858    462
1989.932    456
1990.005    475
1990.079    485
1990.153    428
1990.227    501
1990.301    426
1990.375    429
1990.449    422
1990.523    425
1990.597    520
1990.671    436
1990.745    426
1990.819    413
1990.893    393
1990.967    369
1991.041    406
1991.115    414
1991.189    466
1991.263    371
1991.337    396
1991.411    585
1991.485    523
1991.559    543
1991.633    471
1991.707    444
1991.781    506
1991.855    483
1991.929    460
1992.003    416
1992.077    431
1992.15    437
1992.224    406
1992.298    400
1992.372    430
1992.445    443
1992.519    377
1992.593    407
1992.667    459
1992.74    476
1992.814    487
1992.888    447
1992.962    541
1993.036    459
1993.11    503
1993.184    469
1993.258    489
1993.332    441
1993.405    443
1993.479    446
1993.553    410
1993.627    425
1993.701    372
1993.775    408
1993.849    486
1993.923    509
1993.997    522
1994.071    593
1994.145    562
1994.219    589
1994.293    590
1994.367    598
1994.441    543
1994.515    505
1994.589    415
1994.663    442
1994.737    453
1994.811    443
1994.885    454
1994.959    479
1995.033    434
1995.107    442
1995.181    442
1995.255    439
1995.329    485
1995.403    461
1995.477    397
1995.551    425
1995.625    407
1995.699    426
1995.773    416
1995.847    372
1995.921    392
1995.995    407
1996.068    445
1996.142    428
1996.216    426
1996.29    429
1996.363    396
1996.437    378
1996.511    389
1996.585    419
1996.658    490
1996.732    450
1996.806    433
1996.88    426
1996.954    380
1997.027    424
1997.101    415
1997.175    379
1997.249    404
1997.323    364
1997.397    357
1997.471    370
1997.545    397
1997.619    391
1997.693    385
1997.767    370
1997.841    376
1997.915    328
1997.989    357
1998.063    387
1998.137    382
1998.211    386
1998.285    450
1998.359    422
1998.433    409
1998.507    425
1998.581    392
1998.655    406
1998.729    448
1998.803    445
1998.877    425
1998.951    387
1999.025    411
1999.099    436
1999.173    425
1999.247    431
1999.321    461
1999.395    405
1999.468    395
1999.542    393
1999.616    497
1999.69    484
1999.764    491
1999.838    441
1999.912    444
1999.986    464
2000.06    491
2000.134    439
2000.208    436
2000.281    429
2000.355    454
2000.429    475
2000.503    476
2000.577    422
2000.65    457
2000.724    433
2000.798    468
2000.872    439
2000.945    363
2001.019    380
2001.093    395
2001.167    409
2001.241    520
2001.315    441
2001.389    422
2001.463    427
2001.537    444
2001.611    435
2001.685    434
2001.759    408
2001.833    439
2001.907    396
2001.981    411
2002.055    419
2002.129    417
2002.203    437
2002.277    433
2002.351    446
2002.425    396
2002.499    447
2002.573    446
2002.647    422
2002.721    391
2002.795    527
2002.868    487
2002.942    475
2003.016    480
2003.09    514
2003.164    530
2003.238    535
2003.312    576
2003.386    602
2003.46    573
2003.534    582
2003.608    549
2003.682    518
2003.756    518
2003.83    610
2003.904    526
2003.978    525
2004.052    521
2004.126    487
2004.199    465
2004.273    427
2004.347    431
2004.421    421
2004.495    458
2004.568    444
2004.642    400
2004.716    388
2004.79    424
2004.863    472
2004.937    471
2005.011    580
2005.085    490
2005.159    481
2005.233    459
2005.307    502
2005.381    426
2005.455    439
2005.529    469
2005.603    491
2005.677    502
2005.751    417
2005.825    430
2005.899    444
2005.973    410
2006.047    407
2006.121    415
2006.195    418
2006.268    429
2006.342    435
2006.416    448
2006.49    407
2006.564    429
2006.638    423
2006.712    419
2006.786    426
2006.86    440
2006.934    552
2007.008    468
2007.082    438
2007.156    457
2007.23    421
2007.304    420
2007.378    452
2007.452    440
2007.526    440
2007.6    436
2007.674    451
2007.748    423
2007.822    431
2007.896    447
2007.97    479
2008.044    498
2008.117    521
2008.191    519
2008.265    521
2008.339    439
2008.413    473
2008.486    448
2008.56    429
2008.634    400
2008.708    405
2008.781    401
2008.855    385
2008.929    385
2009.003    370
2009.077    371
2009.151    403
2009.225    400
2009.299    380
2009.373    331
2009.447    352
2009.521    391
2009.595    385
2009.668    360
2009.742    334
2009.816    335
2009.89    331
2009.964    338
2010.038    383
2010.112    362
2010.186    401
2010.26    422
2010.334    421
2010.408    429
2010.482    412
2010.556    451
2010.63    414
2010.704    389
2010.778    405
2010.852    412
2010.926    380
2011    432
2011.074    398
2011.148    422
2011.222    428
2011.296    423
2011.37    460
2011.444    439
2011.518    486
2011.592    442
2011.666    419
2011.74    405
2011.814    372
2011.888    383
2011.962    365
2012.036    421
2012.109    410
2012.183    471
2012.257    405
2012.331    409
2012.404    430
2012.478    462
2012.552    402
2012.626    423
2012.699    370
2012.773    388
2012.847    377
2012.921    346
2012.995    360
2013.068    374
2013.142    390
2013.216    399
2013.29    396
2013.364    484
2013.438    412
2013.512    400
2013.586    446
2013.66    411
2013.734    378
2013.808    371
2013.882    364
2013.956    380
2014.03    404
2014.104    418
2014.178    382
2014.252    408
2014.326    356
2014.4    383
2014.474    341
2014.548    365
2014.622    352
2014.696    421
2014.77    410
2014.844    434
2014.918    468
2014.992    434
2015.066    416
2015.14    434
2015.214    453
2015.288    413
2015.362    384
2015.436    478
2015.51    431
2015.584    459
2015.658    462
2015.732    447
2015.805    452
2015.879    425
2015.953    461
2016.027    400
2016.101    409
2016.175    444
2016.249    410
2016.322    458
2016.396    457
2016.47    467
2016.544    467
2016.617    445
2016.691    444
2016.765    482
2016.839    440
2016.913    463
2016.986    490
2017.06    470
2017.134    490
2017.208    487
2017.282    435
2017.356    424
2017.43    404
2017.504    464
2017.578    481
2017.652    506
2017.726    448
2017.8    424
2017.874    417
2017.948    407
2018.022    400
2018.096    400
2018.17    409
2018.244    401
2018.318    419
2018.392    400
2018.466    417
2018.54    391
2018.614    437
2018.688    444
2018.762    402
2018.836    406
2018.91    428
2018.984    414
2019.058    430
2019.132    393
2019.205    389
2019.279    373
2019.353    382
2019.427    348
2019.501    391
2019.575    433
2019.649    465
2019.723    411
2019.797    393
2019.871    379
2019.945    374
2020.019    368
2020.093    399
2020.167    394
2020.24    389
2020.314    333
2020.388    346
2020.462    313
