1980.001   216.610
1980.086   215.260
1980.165   217.615
1980.250   214.773
1980.332   214.646
1980.416   209.276
1980.498   208.461
1980.583   209.950
1980.668   209.972
1980.750   207.018
1980.834   204.051
1980.916   203.820
1981.001   204.283
1981.086   201.374
1981.163   200.976
1981.248   200.076
1981.330   197.649
1981.415   202.757
1981.497   203.303
1981.582   203.429
1981.667   206.238
1981.749   199.185
1981.834   201.278
1981.916   205.917
1982.001   210.832
1982.086   203.776
1982.163   209.722
1982.248   211.850
1982.330   212.889
1982.415   202.816
1982.497   195.681
1982.582   195.998
1982.667   191.797
1982.749   194.085
1982.834   197.509
1982.916   194.525
1983.001   200.808
1983.086   203.444
1983.163   208.464
1983.248   208.486
1983.330   203.258
1983.415   206.958
1983.497   210.805
1983.582   212.125
1983.667   214.127
1983.749   213.262
1983.834   214.120
1983.916   214.413
1984.001   216.281
1984.086   215.043
1984.165   212.249
1984.250   210.558
1984.332   205.139
1984.416   210.340
1984.498   211.721
1984.583   214.559
1984.668   215.624
1984.750   215.678
1984.834   215.841
1984.916   215.806
1985.001   216.649
1985.086   221.361
1985.163   221.965
1985.248   223.245
1985.330   223.763
1985.415   227.515
1985.497   226.404
1985.582   227.053
1985.667   229.454
1985.749   229.160
1985.834   229.513
1985.916   230.347
1986.001   229.026
1986.086   224.374
1986.163   227.949
1986.248   233.896
1986.330   235.158
1986.415   234.392
1986.497   236.085
1986.582   234.825
1986.667   235.726
1986.749   236.875
1986.834   233.558
1986.916   237.663
1987.001   237.865
1987.086   239.799
1987.163   238.943
1987.248   239.669
1987.330   237.519
1987.415   233.573
1987.497   232.921
1987.582   229.886
1987.667   228.686
1987.749   227.112
1987.834   225.402
1987.916   225.608
1988.001   219.116
1988.086   221.549
1988.165   222.659
1988.250   220.829
1988.332   221.207
1988.416   222.492
1988.498   217.946
1988.583   217.430
1988.668   217.375
1988.750   216.030
1988.834   215.580
1988.916   211.647
1989.001   207.447
1989.086   207.387
1989.163   197.477
1989.248   198.926
1989.330   194.589
1989.415   195.097
1989.497   200.363
1989.582   199.897
1989.667   196.186
1989.749   193.372
1989.834   190.424
1989.916   193.371
1990.001   195.092
1990.086   196.040
1990.163   194.451
1990.248   191.966
1990.330   189.991
1990.415   189.879
1990.497   194.959
1990.582   193.600
1990.667   197.685
1990.749   200.204
1990.834   205.691
1990.916   206.098
1991.001   208.715
1991.086   209.621
1991.163   197.276
1991.248   198.914
1991.330   199.172
1991.415   176.537
1991.497   177.977
1991.582   188.722
1991.667   197.589
1991.749   200.153
1991.834   201.247
1991.916   203.660
1992.001   203.703
1992.086   201.727
1992.165   206.059
1992.250   212.063
1992.332   210.162
1992.416   215.228
1992.498   218.318
1992.583   217.793
1992.668   215.809
1992.750   218.735
1992.834   217.901
1992.916   220.881
1993.001   219.812
1993.086   219.495
1993.163   217.441
1993.248   221.004
1993.330   222.202
1993.415   223.532
1993.497   224.147
1993.582   223.604
1993.667   224.875
1993.749   224.897
1993.834   225.061
1993.916   225.177
1994.001   224.810
1994.086   222.211
1994.163   222.558
1994.248   222.332
1994.330   223.369
1994.415   223.470
1994.497   224.644
1994.582   226.199
1994.667   228.020
1994.749   228.437
1994.834   228.324
1994.916   227.734
1995.001   228.343
1995.086   229.970
1995.163   226.760
1995.248   228.185
1995.330   228.796
1995.415   229.462
1995.497   229.888
1995.582   230.503
1995.667   231.459
1995.749   230.680
1995.834   231.258
1995.916   231.958
1996.001   231.468
1996.086   232.883
1996.165   231.465
1996.250   232.167
1996.332   231.781
1996.416   232.325
1996.498   232.344
1996.583   232.362
1996.668   230.820
1996.750   230.349
1996.834   229.702
1996.916   230.683
1997.001   230.917
1997.086   232.636
1997.163   233.051
1997.248   232.373
1997.330   231.467
1997.415   232.520
1997.497   231.722
1997.582   232.752
1997.667   231.585
1997.749   231.695
1997.834   230.540
1997.916   231.062
1998.001   231.511
1998.086   231.293
1998.163   231.467
1998.248   226.622
1998.330   222.780
1998.415   224.216
1998.497   225.993
1998.582   222.841
1998.667   226.031
1998.749   227.765
1998.834   227.770
1998.916   225.601
1999.001   220.524
1999.086   221.384
1999.163   221.995
1999.248   223.042
1999.330   223.105
1999.415   223.193
1999.497   224.011
1999.582   220.206
1999.667   215.386
1999.749   212.065
1999.834   211.238
1999.916   209.943
2000.001   214.932
2000.086   211.860
2000.165   209.245
2000.250   208.782
2000.332   206.905
2000.416   202.505
2000.498   197.853
2000.583   201.857
2000.668   205.434
2000.750   208.955
2000.834   203.487
2000.916   205.209
2001.001   207.393
2001.086   212.859
2001.163   215.230
2001.248   204.022
2001.330   210.517
2001.415   211.513
2001.497   211.713
2001.582   208.108
2001.667   208.823
2001.749   207.061
2001.834   211.012
2001.916   212.521
2002.001   206.765
2002.086   213.687
2002.163   211.420
2002.248   210.662
2002.330   210.336
2002.415   211.363
2002.497   207.551
2002.582   203.776
2002.667   207.061
2002.749   209.173
2002.834   205.005
2002.916   207.264
2003.001   206.138
2003.086   208.433
2003.163   209.570
2003.248   204.716
2003.330   205.778
2003.415   201.755
2003.497   205.411
2003.582   204.549
2003.667   209.672
2003.749   206.685
2003.834   194.641
2003.916   204.929
2004.001   203.388
2004.086   209.405
2004.165   212.834
2004.250   214.102
2004.332   216.546
2004.416   216.919
2004.498   215.197
2004.583   214.515
2004.668   218.157
2004.750   222.585
2004.834   219.252
2004.916   217.627
2005.001   209.763
2005.086   216.465
2005.163   217.361
2005.248   218.960
2005.330   215.416
2005.415   217.315
2005.497   217.421
2005.582   215.565
2005.667   210.717
2005.749   219.882
2005.834   221.207
2005.916   221.677
2006.001   225.915
2006.086   227.032
2006.163   231.569
2006.248   232.398
2006.330   234.612
2006.415   234.152
2006.497   232.761
2006.582   233.548
2006.667   234.327
2006.749   234.014
2006.834   233.470
2006.916   228.884
2007.001   234.532
2007.086   233.981
2007.163   234.323
2007.248   236.330
2007.330   236.621
2007.415   237.617
2007.497   237.660
2007.582   236.420
2007.667   238.833
2007.749   237.446
2007.834   236.724
2007.916   236.313
2008.001   236.475
2008.086   236.593
2008.165   237.504
2008.250   235.299
2008.332   237.087
2008.416   237.743
2008.498   237.592
2008.583   238.805
2008.668   240.480
2008.750   239.269
2008.834   239.419
2008.916   238.381
2009.001   239.199
2009.086   239.307
2009.163   239.262
2009.248   239.396
2009.330   244.033
2009.415   242.961
2009.497   243.347
2009.582   243.419
2009.667   244.240
2009.749   242.146
2009.834   239.633
2009.916   241.339
2010.001   240.295
2010.086   237.228
2010.163   235.413
2010.248   232.892
2010.330   236.884
2010.415   235.980
2010.497   234.737
2010.582   250.123
2010.667   252.718
2010.749   249.637
2010.834   247.868
2010.916   249.010
2011.001   249.251
2011.086   250.894
2011.163   247.444
2011.248   240.582
2011.330   247.734
2011.415   241.506
2011.497   242.638
2011.582   244.293
2011.667   245.360
2011.749   239.392
2011.834   244.101
2011.916   252.735
2012.001   248.769
2012.086   245.161
2012.165   240.032
2012.250   246.941
2012.332   246.218
2012.416   244.252
2012.498   238.079
2012.583   238.259
2012.668   241.966
2012.750   241.171
2012.834   242.604
2012.916   242.942
2013.001   244.743
2013.086   244.930
2013.163   242.533
2013.248   242.900
2013.330   236.501
2013.415   236.080
2013.497   238.299
2013.582   237.926
2013.667   239.101
2013.749   242.900
2013.834   241.439
2013.916   239.408
2014.001   239.151
2014.086   235.761
2014.163   237.929
2014.248   239.353
2014.330   239.201
2014.415   236.873
2014.497   238.444
2014.582   241.543
2014.667   238.035
2014.749   238.113
2014.834   238.111
2014.916   234.034
2015.001   236.375
2015.086   236.516
2015.163   233.134
2015.248   235.980
2015.330   237.054
2015.415   236.124
2015.497   240.012
2015.582   239.702
2015.667   239.269
2015.749   241.314
2015.834   242.389
2015.916   246.223
2016.001   245.174
2016.086   249.345
2016.165   248.802
2016.250   248.676
2016.332   248.393
2016.416   249.029
2016.498   248.692
2016.583   250.030
2016.668   250.376
2016.750   251.621
2016.834   253.413
2016.916   254.252
2017.001   254.818
2017.086   256.076
2017.163   257.798
2017.248   256.216
2017.330   254.871
2017.415   256.181
2017.497   254.205
2017.582   251.979
2017.667   249.631
2017.749   253.406
2017.834   256.065
2017.916   256.404
2018.001   256.728
2018.086   251.754
2018.163   254.265
2018.248   257.572
2018.330   256.887
2018.415   258.432
2018.497   258.031
2018.582   258.034
2018.667   258.223
2018.749   258.821
2018.834   257.720
2018.916   257.819
2019.001   257.373
2019.086   258.127
2019.163   258.710
2019.248   259.886
2019.330   256.665
2019.415   258.774
2019.497   258.701
2019.582   258.260
2019.667   259.589
2019.749   260.085
2019.834   268.901
2019.916   260.305
