Wilcox Solar Observatory data downloaded from HVO: 
column 1 - Date in fraction of year. 
column 2 - Sun's Polar Field strength (average).

1976.415   108.000
1976.441   110.000
1976.468   111.000
1976.496   112.000
1976.523   109.000
1976.550   112.000
1976.578   114.000
1976.605   110.000
1976.633    99.000
1976.660    92.000
1976.688    91.000
1976.715    94.000
1976.742    96.000
1976.770    95.000
1976.797    91.000
1976.824    93.000
1976.851    91.000
1976.878    92.000
1976.906    97.000
1976.933    98.000
1976.960    98.000
1976.988    93.000
1977.015    85.000
1977.042    75.000
1977.070    62.000
1977.097    78.000
1977.125    83.000
1977.152    92.000
1977.180    96.000
1977.207    98.000
1977.235    95.000
1977.262    96.000
1977.289    98.000
1977.317    96.000
1977.344    96.000
1977.371   102.000
1977.399   108.000
1977.426   107.000
1977.454   102.000
1977.481   104.000
1977.508   100.000
1977.536   101.000
1977.563    98.000
1977.591    97.000
1977.618    91.000
1977.645    87.000
1977.673    88.000
1977.700    90.000
1977.728    95.000
1977.755    92.000
1977.782    93.000
1977.810    94.000
1977.837    95.000
1977.865    99.000
1977.892   100.000
1977.919   103.000
1977.947    99.000
1977.974    98.000
1978.001    93.000
1978.029    93.000
1978.056    98.000
1978.084    99.000
1978.111   104.000
1978.138   100.000
1978.166   104.000
1978.194   103.000
1978.221   105.000
1978.248   102.000
1978.276   101.000
1978.303    95.000
1978.330    96.000
1978.358    94.000
1978.385    95.000
1978.413    99.000
1978.440    96.000
1978.467    96.000
1978.495    87.000
1978.522    93.000
1978.549    86.000
1978.577    78.000
1978.604    78.000
1978.632    82.000
1978.659    80.000
1978.687    74.000
1978.714    76.000
1978.741    76.000
1978.769    69.000
1978.796    69.000
1978.823    75.000
1978.851    77.000
1978.878    67.000
1978.906    61.000
1978.933    64.000
1978.960    62.000
1978.988    60.000
1979.015    69.000
1979.042    58.000
1979.070    51.000
1979.097    49.000
1979.125    50.000
1979.152    45.000
1979.180    46.000
1979.207    53.000
1979.235    48.000
1979.262    44.000
1979.289    40.000
1979.317    38.000
1979.344    33.000
1979.371    45.000
1979.399    50.000
1979.426    49.000
1979.454    54.000
1979.481    62.000
1979.508    59.000
1979.536    60.000
1979.563    57.000
1979.591    56.000
1979.618    51.000
1979.645    45.000
1979.673    28.000
1979.700    33.000
1979.728    33.000
1979.755    40.000
1979.782    26.000
1979.810    21.000
1979.837    23.000
1979.865    13.000
1979.892     4.000
1979.919    -5.000
1979.947    -7.000
1979.974   -16.000
1980.001    -8.000
1980.029    -8.000
1980.056    -6.000
1980.084    -3.000
1980.111     7.000
1980.138     3.000
1980.165   -12.000
1980.193   -24.000
1980.220   -17.000
1980.248   -12.000
1980.275    -6.000
1980.302   -11.000
1980.330   -13.000
1980.357   -18.000
1980.384   -23.000
1980.412   -20.000
1980.438   -21.000
1980.466   -26.000
1980.493   -31.000
1980.520   -25.000
1980.548   -32.000
1980.575   -39.000
1980.603   -35.000
1980.630   -32.000
1980.657   -33.000
1980.685   -49.000
1980.712   -49.000
1980.740   -58.000
1980.767   -59.000
1980.794   -60.000
1980.822   -55.000
1980.848   -63.000
1980.875   -66.000
1980.903   -66.000
1980.930   -68.000
1980.957   -66.000
1980.985   -61.000
1981.012   -55.000
1981.040   -46.000
1981.067   -36.000
1981.095   -35.000
1981.122   -34.000
1981.149   -32.000
1981.177   -28.000
1981.204   -21.000
1981.232   -39.000
1981.259   -43.000
1981.287   -40.000
1981.314   -40.000
1981.341   -44.000
1981.369   -55.000
1981.396   -59.000
1981.424   -60.000
1981.451   -65.000
1981.478   -72.000
1981.506   -73.000
1981.533   -67.000
1981.560   -63.000
1981.588   -61.000
1981.615   -60.000
1981.643   -58.000
1981.670   -50.000
1981.698   -45.000
1981.725   -47.000
1981.752   -45.000
1981.780   -43.000
1981.807   -48.000
1981.834   -58.000
1981.862   -62.000
1981.889   -55.000
1981.916   -52.000
1981.944   -58.000
1981.971   -53.000
1981.999   -65.000
1982.026   -65.000
1982.053   -53.000
1982.081   -41.000
1982.108   -38.000
1982.136   -40.000
1982.163   -40.000
1982.191   -39.000
1982.218   -33.000
1982.246   -48.000
1982.273   -66.000
1982.300   -66.000
1982.328   -68.000
1982.355   -69.000
1982.382   -71.000
1982.410   -64.000
1982.437   -69.000
1982.465   -67.000
1982.492   -64.000
1982.519   -58.000
1982.547   -58.000
1982.574   -66.000
1982.602   -64.000
1982.629   -66.000
1982.656   -67.000
1982.684   -64.000
1982.711   -71.000
1982.739   -81.000
1982.766   -84.000
1982.793   -82.000
1982.821   -86.000
1982.848   -90.000
1982.875   -94.000
1982.903   -89.000
1982.930   -94.000
1982.957   -94.000
1982.985   -81.000
1983.012   -81.000
1983.040   -78.000
1983.067   -69.000
1983.095   -74.000
1983.122   -75.000
1983.149   -87.000
1983.177   -62.000
1983.204   -50.000
1983.232   -45.000
1983.259   -46.000
1983.287   -45.000
1983.314   -52.000
1983.341   -54.000
1983.369   -86.000
1983.396   -95.000
1983.424  -106.000
1983.451  -105.000
1983.478  -109.000
1983.506  -114.000
1983.533  -117.000
1983.560  -119.000
1983.588  -115.000
1983.615  -120.000
1983.643  -114.000
1983.670  -111.000
1983.698  -107.000
1983.725  -104.000
1983.752  -104.000
1983.780  -106.000
1983.807  -109.000
1983.834  -108.000
1983.862  -107.000
1983.889  -113.000
1983.916  -118.000
1983.944  -118.000
1983.971  -100.000
1983.999  -106.000
1984.026  -105.000
1984.053  -107.000
1984.081  -105.000
1984.108  -107.000
1984.136  -105.000
1984.163  -104.000
1984.190  -105.000
1984.217  -108.000
1984.245  -107.000
1984.272  -107.000
1984.300  -111.000
1984.327  -111.000
1984.354  -108.000
1984.382  -109.000
1984.409  -112.000
1984.436  -118.000
1984.463  -117.000
1984.490  -120.000
1984.518  -130.000
1984.545  -132.000
1984.572  -131.000
1984.600  -127.000
1984.627  -125.000
1984.655  -126.000
1984.682  -125.000
1984.709  -130.000
1984.737  -132.000
1984.764  -133.000
1984.791  -125.000
1984.819  -123.000
1984.845  -126.000
1984.873  -124.000
1984.900  -129.000
1984.927  -123.000
1984.955  -125.000
1984.982  -125.000
1985.010  -129.000
1985.037  -133.000
1985.064  -134.000
1985.092  -130.000
1985.119  -124.000
1985.147  -124.000
1985.174  -125.000
1985.202  -128.000
1985.229  -124.000
1985.257  -124.000
1985.284  -131.000
1985.311  -133.000
1985.339  -132.000
1985.366  -132.000
1985.393  -137.000
1985.421  -137.000
1985.448  -137.000
1985.476  -136.000
1985.503  -136.000
1985.530  -133.000
1985.558  -132.000
1985.585  -133.000
1985.613  -131.000
1985.640  -127.000
1985.667  -128.000
1985.695  -126.000
1985.722  -126.000
1985.749  -123.000
1985.777  -128.000
1985.804  -129.000
1985.832  -126.000
1985.859  -126.000
1985.886  -125.000
1985.914  -119.000
1985.941  -124.000
1985.968  -124.000
1985.996  -129.000
1986.023  -125.000
1986.051  -126.000
1986.078  -123.000
1986.106  -131.000
1986.133  -133.000
1986.160  -135.000
1986.188  -129.000
1986.215  -131.000
1986.243  -132.000
1986.270  -136.000
1986.298  -133.000
1986.325  -134.000
1986.352  -135.000
1986.380  -138.000
1986.407  -140.000
1986.435  -138.000
1986.462  -135.000
1986.489  -131.000
1986.517  -129.000
1986.544  -129.000
1986.571  -120.000
1986.599  -117.000
1986.626  -107.000
1986.654  -108.000
1986.681  -114.000
1986.708  -121.000
1986.736  -129.000
1986.763  -126.000
1986.790  -124.000
1986.818  -120.000
1986.845  -125.000
1986.873  -128.000
1986.900  -131.000
1986.927  -130.000
1986.955  -124.000
1986.982  -124.000
1987.010  -122.000
1987.037  -127.000
1987.064  -121.000
1987.092  -122.000
1987.119  -125.000
1987.147  -126.000
1987.174  -130.000
1987.202  -134.000
1987.229  -132.000
1987.257  -129.000
1987.284  -125.000
1987.311  -129.000
1987.339  -128.000
1987.366  -130.000
1987.393  -126.000
1987.421  -126.000
1987.448  -122.000
1987.476  -126.000
1987.503  -120.000
1987.530  -119.000
1987.558  -114.000
1987.585  -110.000
1987.613  -107.000
1987.640  -106.000
1987.667   -99.000
1987.695  -100.000
1987.722   -99.000
1987.749  -102.000
1987.777  -100.000
1987.804   -99.000
1987.832  -104.000
1987.859  -104.000
1987.886  -109.000
1987.914  -103.000
1987.941  -103.000
1987.968   -92.000
1987.996   -97.000
1988.023  -104.000
1988.051  -110.000
1988.078  -111.000
1988.106  -109.000
1988.133  -104.000
1988.160  -105.000
1988.187  -104.000
1988.215  -104.000
1988.242  -100.000
1988.270   -98.000
1988.297   -86.000
1988.324   -91.000
1988.352   -99.000
1988.379   -99.000
1988.406   -98.000
1988.433   -96.000
1988.460  -103.000
1988.488   -92.000
1988.515   -77.000
1988.542   -72.000
1988.570   -74.000
1988.597   -79.000
1988.624   -68.000
1988.652   -66.000
1988.679   -72.000
1988.707   -76.000
1988.734   -78.000
1988.761   -73.000
1988.789   -77.000
1988.816   -80.000
1988.843   -78.000
1988.870   -73.000
1988.897   -66.000
1988.925   -63.000
1988.952   -60.000
1988.979   -42.000
1989.007   -34.000
1989.034   -26.000
1989.062   -44.000
1989.089   -46.000
1989.117   -50.000
1989.144   -57.000
1989.172   -56.000
1989.199   -51.000
1989.226   -34.000
1989.254   -33.000
1989.281   -33.000
1989.309   -31.000
1989.336   -36.000
1989.363   -37.000
1989.391   -53.000
1989.418   -41.000
1989.446   -31.000
1989.473   -33.000
1989.500   -35.000
1989.528   -44.000
1989.555   -46.000
1989.582   -42.000
1989.610   -35.000
1989.637   -28.000
1989.665   -36.000
1989.692   -31.000
1989.719   -21.000
1989.747   -13.000
1989.774   -18.000
1989.801    -8.000
1989.829   -11.000
1989.856    -7.000
1989.884   -14.000
1989.911    -8.000
1989.938   -10.000
1989.966     5.000
1989.993    14.000
1990.021    18.000
1990.048     0.000
1990.075     8.000
1990.103    14.000
1990.130    19.000
1990.158    27.000
1990.185    -3.000
1990.213   -10.000
1990.240    -4.000
1990.268     4.000
1990.295     3.000
1990.322     7.000
1990.350     7.000
1990.377     9.000
1990.404    -1.000
1990.432    -1.000
1990.459    11.000
1990.487    10.000
1990.514    16.000
1990.541     8.000
1990.569    18.000
1990.596     5.000
1990.623     3.000
1990.651     0.000
1990.678     8.000
1990.706    11.000
1990.733    14.000
1990.760    11.000
1990.788    14.000
1990.815    20.000
1990.843    26.000
1990.870    32.000
1990.897    30.000
1990.925    21.000
1990.952    19.000
1990.979    12.000
1991.007    11.000
1991.034     3.000
1991.062     0.000
1991.089    10.000
1991.117     4.000
1991.144     4.000
1991.172     3.000
1991.199    10.000
1991.226    10.000
1991.254    13.000
1991.281    12.000
1991.309    12.000
1991.336     9.000
1991.363    20.000
1991.391    24.000
1991.418    28.000
1991.446    33.000
1991.473    42.000
1991.500    49.000
1991.528    56.000
1991.555    60.000
1991.582    64.000
1991.610    67.000
1991.637    63.000
1991.665    73.000
1991.692    77.000
1991.719    74.000
1991.747    78.000
1991.774    79.000
1991.801    83.000
1991.829    85.000
1991.856    81.000
1991.884    80.000
1991.911    81.000
1991.938    84.000
1991.966    97.000
1991.993    86.000
1992.021    86.000
1992.048    84.000
1992.075    77.000
1992.103    67.000
1992.130    78.000
1992.158    77.000
1992.185    80.000
1992.212    84.000
1992.239    83.000
1992.267    82.000
1992.294    80.000
1992.322    80.000
1992.349    89.000
1992.376    91.000
1992.404   100.000
1992.430    97.000
1992.457    97.000
1992.485    98.000
1992.512    91.000
1992.539   103.000
1992.567   106.000
1992.594   111.000
1992.622   107.000
1992.649   104.000
1992.677   112.000
1992.704   118.000
1992.731   121.000
1992.759   121.000
1992.786   118.000
1992.813   113.000
1992.840   107.000
1992.867   105.000
1992.895   106.000
1992.922   107.000
1992.949   103.000
1992.977   104.000
1993.004   100.000
1993.032    95.000
1993.059    99.000
1993.086    99.000
1993.114   107.000
1993.141   108.000
1993.169    96.000
1993.196   100.000
1993.224   102.000
1993.251   102.000
1993.279   100.000
1993.306    98.000
1993.333   105.000
1993.361   108.000
1993.388   101.000
1993.415   101.000
1993.443    95.000
1993.470   104.000
1993.497   102.000
1993.525   109.000
1993.552    99.000
1993.580    98.000
1993.607    99.000
1993.634    97.000
1993.662    96.000
1993.689    92.000
1993.717    97.000
1993.744    96.000
1993.771    97.000
1993.799    90.000
1993.826    88.000
1993.854    87.000
1993.881    85.000
1993.908    82.000
1993.936    90.000
1993.963    88.000
1993.990    96.000
1994.018   116.000
1994.045   114.000
1994.073   110.000
1994.100   106.000
1994.127   106.000
1994.155   106.000
1994.183   104.000
1994.210   106.000
1994.237   107.000
1994.265   117.000
1994.292   121.000
1994.320   125.000
1994.347   118.000
1994.374   115.000
1994.402   104.000
1994.429   106.000
1994.456   102.000
1994.484   108.000
1994.511    91.000
1994.538    92.000
1994.566    92.000
1994.593   102.000
1994.621    92.000
1994.648   109.000
1994.676   104.000
1994.703   102.000
1994.730    98.000
1994.758    93.000
1994.785    93.000
1994.812    91.000
1994.840    96.000
1994.867    99.000
1994.895   102.000
1994.922   103.000
1994.949   105.000
1994.977    94.000
1995.004   101.000
1995.032    96.000
1995.059   119.000
1995.086   109.000
1995.114   106.000
1995.141    99.000
1995.169    97.000
1995.196   107.000
1995.224   119.000
1995.251   115.000
1995.279   105.000
1995.306   107.000
1995.333   109.000
1995.361   108.000
1995.388   106.000
1995.415   104.000
1995.443   111.000
1995.470   113.000
1995.497   114.000
1995.525   103.000
1995.552    94.000
1995.580    93.000
1995.607    91.000
1995.634    89.000
1995.662    98.000
1995.689    96.000
1995.717    99.000
1995.744    94.000
1995.771    94.000
1995.799    96.000
1995.826    93.000
1995.854    95.000
1995.881    96.000
1995.908    95.000
1995.936    92.000
1995.963    45.000
1995.990    98.000
1996.018   121.000
1996.045   111.000
1996.073   109.000
1996.100    89.000
1996.127    86.000
1996.155    88.000
1996.182    98.000
1996.209   104.000
1996.237   101.000
1996.264   102.000
1996.291   107.000
1996.319   105.000
1996.346   104.000
1996.373    94.000
1996.401    89.000
1996.427    91.000
1996.455    94.000
1996.482    98.000
1996.509    92.000
1996.537    88.000
1996.564    89.000
1996.592    90.000
1996.619    91.000
1996.646    86.000
1996.674    86.000
1996.701    84.000
1996.729    85.000
1996.756    89.000
1996.783   100.000
1996.811   103.000
1996.837    97.000
1996.865    90.000
1996.892    87.000
1996.919    90.000
1996.947    86.000
1996.974    85.000
1997.001    81.000
1997.029    80.000
1997.056    78.000
1997.084    80.000
1997.111    84.000
1997.138    95.000
1997.166   102.000
1997.194   107.000
1997.221   104.000
1997.248   102.000
1997.276    98.000
1997.303    93.000
1997.330    98.000
1997.358   100.000
1997.385   104.000
1997.413    95.000
1997.440    95.000
1997.467    89.000
1997.495    85.000
1997.522    77.000
1997.549    83.000
1997.577    86.000
1997.604    87.000
1997.632    87.000
1997.659    85.000
1997.687    87.000
1997.714    81.000
1997.741    77.000
1997.769    76.000
1997.796    74.000
1997.823    69.000
1997.851    59.000
1997.878    79.000
1997.906    87.000
1997.933    84.000
1997.960    74.000
1997.988    70.000
1998.015    75.000
1998.042    70.000
1998.070    70.000
1998.097    72.000
1998.125    70.000
1998.152    72.000
1998.180    61.000
1998.207    66.000
1998.235    57.000
1998.262    59.000
1998.289    66.000
1998.317    68.000
1998.344    90.000
1998.371    89.000
1998.399    96.000
1998.426    76.000
1998.454    78.000
1998.481    68.000
1998.508    63.000
1998.536    61.000
1998.563    69.000
1998.591    71.000
1998.618    78.000
1998.645    74.000
1998.673    74.000
1998.700    68.000
1998.728    70.000
1998.755    64.000
1998.782    60.000
1998.810    57.000
1998.837    50.000
1998.865    38.000
1998.892    45.000
1998.919    37.000
1998.947    49.000
1998.974    49.000
1999.001    63.000
1999.029    61.000
1999.056    64.000
1999.084    69.000
1999.111    66.000
1999.138    67.000
1999.166    50.000
1999.194    53.000
1999.221    46.000
1999.248    46.000
1999.276    50.000
1999.303    50.000
1999.330    46.000
1999.358    48.000
1999.385    49.000
1999.413    46.000
1999.440    36.000
1999.467    39.000
1999.495    34.000
1999.522    21.000
1999.549    17.000
1999.577    13.000
1999.604    13.000
1999.632    14.000
1999.659    17.000
1999.687    17.000
1999.714    14.000
1999.741     7.000
1999.769    -4.000
1999.796    -6.000
1999.823     6.000
1999.851    13.000
1999.878     5.000
1999.906   -10.000
1999.933    -0.000
1999.960     3.000
1999.988     5.000
2000.015     3.000
2000.042     7.000
2000.070   -13.000
2000.097    -0.000
2000.125   -10.000
2000.152    -2.000
2000.179    -2.000
2000.206    11.000
2000.234     8.000
2000.261     9.000
2000.289    10.000
2000.316     2.000
2000.343     2.000
2000.371    -9.000
2000.398    -1.000
2000.425     0.000
2000.452     2.000
2000.479    -5.000
2000.507   -14.000
2000.534   -12.000
2000.561    -9.000
2000.589    -7.000
2000.616    -4.000
2000.644    -8.000
2000.671   -10.000
2000.699   -14.000
2000.726   -23.000
2000.753   -26.000
2000.781   -25.000
2000.808   -28.000
2000.834   -36.000
2000.862   -42.000
2000.889   -46.000
2000.916   -30.000
2000.944   -10.000
2000.971   -12.000
2000.999   -16.000
2001.026   -30.000
2001.053   -21.000
2001.081   -38.000
2001.108   -40.000
2001.136   -45.000
2001.163   -29.000
2001.191   -31.000
2001.218   -30.000
2001.246   -29.000
2001.273   -37.000
2001.300   -49.000
2001.328   -35.000
2001.355   -37.000
2001.382   -37.000
2001.410   -45.000
2001.437   -37.000
2001.465   -29.000
2001.492   -15.000
2001.519   -31.000
2001.547   -47.000
2001.574   -54.000
2001.602   -52.000
2001.629   -31.000
2001.656   -49.000
2001.684   -61.000
2001.711   -60.000
2001.739   -64.000
2001.766   -59.000
2001.793   -64.000
2001.821   -64.000
2001.848   -59.000
2001.875   -49.000
2001.903   -32.000
2001.930   -19.000
2001.957   -27.000
2001.985   -30.000
2002.012   -40.000
2002.040   -54.000
2002.067   -47.000
2002.095   -43.000
2002.122   -34.000
2002.149   -42.000
2002.177   -43.000
2002.204   -37.000
2002.232   -41.000
2002.259   -45.000
2002.287   -61.000
2002.314   -51.000
2002.341   -42.000
2002.369   -34.000
2002.396   -29.000
2002.424   -37.000
2002.451   -45.000
2002.478   -43.000
2002.506   -56.000
2002.533   -54.000
2002.560   -63.000
2002.588   -55.000
2002.615   -47.000
2002.643   -49.000
2002.670   -45.000
2002.698   -46.000
2002.725   -40.000
2002.752   -38.000
2002.780   -37.000
2002.807   -35.000
2002.834   -37.000
2002.862   -38.000
2002.889   -36.000
2002.916   -28.000
2002.944   -43.000
2002.971   -56.000
2002.999   -55.000
2003.026   -51.000
2003.053   -49.000
2003.081   -57.000
2003.108   -46.000
2003.136   -50.000
2003.163   -46.000
2003.191   -35.000
2003.218   -35.000
2003.246   -27.000
2003.273   -43.000
2003.300   -55.000
2003.328   -55.000
2003.355   -52.000
2003.382   -57.000
2003.410   -56.000
2003.437   -54.000
2003.465   -48.000
2003.492   -54.000
2003.519   -58.000
2003.547   -63.000
2003.574   -66.000
2003.602   -70.000
2003.629   -67.000
2003.656   -65.000
2003.684   -64.000
2003.711   -70.000
2003.739   -69.000
2003.766   -68.000
2003.793   -65.000
2003.821   -65.000
2003.848   -68.000
2003.875   -71.000
2003.903   -77.000
2003.930   -70.000
2003.957   -69.000
2003.985   -72.000
2004.012   -72.000
2004.040   -67.000
2004.067   -58.000
2004.095   -57.000
2004.122   -50.000
2004.149   -43.000
2004.176   -53.000
2004.204   -55.000
2004.231   -63.000
2004.259   -60.000
2004.286   -60.000
2004.313   -65.000
2004.341   -63.000
2004.368   -65.000
2004.395   -68.000
2004.422   -67.000
2004.449   -67.000
2004.477   -67.000
2004.504   -69.000
2004.531   -63.000
2004.559   -59.000
2004.586   -54.000
2004.614   -52.000
2004.641   -48.000
2004.668   -48.000
2004.696   -55.000
2004.723   -59.000
2004.750   -56.000
2004.778   -54.000
2004.805   -52.000
2004.833   -57.000
2004.859   -57.000
2004.886   -49.000
2004.914   -50.000
2004.941   -58.000
2004.968   -67.000
2004.996   -67.000
2005.023   -67.000
2005.051   -47.000
2005.078   -52.000
2005.106   -52.000
2005.133   -63.000
2005.160   -43.000
2005.188   -49.000
2005.215   -52.000
2005.243   -53.000
2005.270   -53.000
2005.298   -47.000
2005.325   -43.000
2005.352   -43.000
2005.380   -54.000
2005.407   -55.000
2005.435   -56.000
2005.462   -53.000
2005.489   -55.000
2005.517   -61.000
2005.544   -61.000
2005.571   -60.000
2005.599   -51.000
2005.626   -52.000
2005.654   -43.000
2005.681   -46.000
2005.708   -42.000
2005.736   -47.000
2005.763   -52.000
2005.790   -49.000
2005.818   -58.000
2005.845   -46.000
2005.873   -53.000
2005.900   -60.000
2005.927   -60.000
2005.955   -61.000
2005.982   -42.000
2006.010   -46.000
2006.037   -64.000
2006.064   -84.000
2006.092   -77.000
2006.119   -59.000
2006.147   -55.000
2006.174   -42.000
2006.202   -40.000
2006.229   -37.000
2006.257   -51.000
2006.284   -54.000
2006.311   -53.000
2006.339   -56.000
2006.366   -59.000
2006.393   -53.000
2006.421   -54.000
2006.448   -53.000
2006.476   -64.000
2006.503   -67.000
2006.530   -66.000
2006.558   -65.000
2006.585   -64.000
2006.613   -62.000
2006.640   -62.000
2006.667   -62.000
2006.695   -62.000
2006.722   -57.000
2006.749   -57.000
2006.777   -63.000
2006.804   -61.000
2006.832   -57.000
2006.859   -53.000
2006.886   -61.000
2006.914   -60.000
2006.941   -61.000
2006.968   -60.000
2006.996   -67.000
2007.023   -63.000
2007.051   -62.000
2007.078   -55.000
2007.106   -56.000
2007.133   -56.000
2007.160   -60.000
2007.188   -65.000
2007.215   -67.000
2007.243   -64.000
2007.270   -58.000
2007.298   -55.000
2007.325   -59.000
2007.352   -61.000
2007.380   -62.000
2007.407   -64.000
2007.435   -61.000
2007.462   -57.000
2007.489   -57.000
2007.517   -58.000
2007.544   -61.000
2007.571   -60.000
2007.599   -57.000
2007.626   -55.000
2007.654   -53.000
2007.681   -53.000
2007.708   -52.000
2007.736   -49.000
2007.763   -50.000
2007.790   -47.000
2007.818   -51.000
2007.845   -47.000
2007.873   -49.000
2007.900   -49.000
2007.927   -51.000
2007.955   -52.000
2007.982   -52.000
2008.010   -50.000
2008.037   -49.000
2008.064   -46.000
2008.092   -50.000
2008.119   -51.000
2008.147   -52.000
2008.174   -55.000
2008.201   -54.000
2008.228   -57.000
2008.256   -59.000
2008.283   -56.000
2008.311   -56.000
2008.338   -54.000
2008.365   -57.000
2008.393   -57.000
2008.419   -61.000
2008.447   -58.000
2008.474   -58.000
2008.501   -56.000
2008.529   -58.000
2008.556   -60.000
2008.583   -62.000
2008.611   -63.000
2008.638   -58.000
2008.666   -52.000
2008.693   -51.000
2008.720   -51.000
2008.748   -53.000
2008.775   -53.000
2008.802   -55.000
2008.830   -56.000
2008.856   -55.000
2008.884   -49.000
2008.911   -51.000
2008.938   -49.000
2008.966   -59.000
2008.993   -58.000
2009.021   -55.000
2009.048   -51.000
2009.075   -49.000
2009.103   -48.000
2009.130   -48.000
2009.158   -50.000
2009.185   -48.000
2009.213   -52.000
2009.240   -52.000
2009.268   -56.000
2009.295   -55.000
2009.322   -53.000
2009.350   -48.000
2009.377   -46.000
2009.404   -47.000
2009.432   -50.000
2009.459   -50.000
2009.487   -46.000
2009.514   -47.000
2009.541   -49.000
2009.569   -50.000
2009.596   -47.000
2009.623   -47.000
2009.651   -49.000
2009.678   -50.000
2009.706   -44.000
2009.733   -48.000
2009.760   -48.000
2009.788   -53.000
2009.815   -48.000
2009.843   -47.000
2009.870   -45.000
2009.897   -45.000
2009.925   -48.000
2009.952   -42.000
2009.979   -40.000
2010.007   -39.000
2010.034   -46.000
2010.062   -48.000
2010.089   -55.000
2010.117   -54.000
2010.144   -55.000
2010.172   -41.000
2010.199   -46.000
2010.226   -47.000
2010.254   -52.000
2010.281   -43.000
2010.309   -47.000
2010.336   -48.000
2010.363   -50.000
2010.391   -48.000
2010.418   -48.000
2010.446   -46.000
2010.473   -45.000
2010.500   -44.000
2010.528   -44.000
2010.555   -42.000
2010.582   -43.000
2010.610   -42.000
2010.637   -37.000
2010.665   -34.000
2010.692   -33.000
2010.719   -35.000
2010.747   -35.000
2010.774   -38.000
2010.801   -39.000
2010.829   -35.000
2010.856   -33.000
2010.884   -35.000
2010.911   -36.000
2010.938   -32.000
2010.966   -28.000
2010.993   -27.000
2011.021   -16.000
2011.048   -22.000
2011.075   -20.000
2011.103   -25.000
2011.130   -24.000
2011.158   -30.000
2011.185   -31.000
2011.213   -22.000
2011.240   -26.000
2011.268   -25.000
2011.295   -26.000
2011.322   -25.000
2011.350   -24.000
2011.377   -26.000
2011.404   -32.000
2011.432   -34.000
2011.459   -31.000
2011.487   -27.000
2011.514   -27.000
2011.541   -28.000
2011.569   -29.000
2011.596   -31.000
2011.623   -34.000
2011.651   -32.000
2011.678   -27.000
2011.706   -28.000
2011.733   -30.000
2011.760   -29.000
2011.788   -27.000
2011.815   -28.000
2011.843   -32.000
2011.870   -31.000
2011.897   -27.000
2011.925   -27.000
2011.952   -25.000
2011.979   -28.000
2012.007   -28.000
2012.034   -28.000
2012.062   -27.000
2012.089   -32.000
2012.117   -26.000
2012.144   -23.000
2012.171   -18.000
2012.198   -26.000
2012.226   -32.000
2012.253   -28.000
2012.281   -27.000
2012.308   -21.000
2012.335   -21.000
2012.363   -21.000
2012.390   -25.000
2012.416   -23.000
2012.444   -19.000
2012.471   -17.000
2012.498   -15.000
2012.526   -14.000
2012.553   -13.000
2012.581   -13.000
2012.608   -13.000
2012.635    -8.000
2012.663    -7.000
2012.690    -7.000
2012.718    -7.000
2012.745    -5.000
2012.772    -3.000
2012.800    -1.000
2012.827     2.000
2012.854     5.000
2012.881     7.000
2012.908    -1.000
2012.936    -5.000
2012.963    -4.000
2012.990   -10.000
2013.018    -8.000
2013.045    -8.000
2013.073    -8.000
2013.100   -16.000
2013.127    -9.000
2013.155   -10.000
2013.183    -7.000
2013.210   -11.000
2013.237    -8.000
2013.265    -8.000
2013.292    -9.000
2013.320    -4.000
2013.347    -2.000
2013.374     2.000
2013.402     9.000
2013.429    12.000
2013.456    14.000
2013.484     5.000
2013.511    12.000
2013.538    13.000
2013.566    12.000
2013.593    10.000
2013.621    12.000
2013.648    12.000
2013.676    14.000
2013.703    10.000
2013.730     9.000
2013.758    10.000
2013.785    13.000
2013.812    15.000
2013.840    11.000
2013.867    10.000
2013.895    12.000
2013.922    10.000
2013.949     9.000
2013.977     7.000
2014.004     4.000
2014.032    -0.000
2014.059    -2.000
2014.086    -1.000
2014.114     2.000
2014.141     3.000
2014.169    -1.000
2014.196    -2.000
2014.224    -2.000
2014.251     1.000
2014.279     0.000
2014.306     3.000
2014.333     4.000
2014.361     6.000
2014.388     7.000
2014.415    10.000
2014.443    10.000
2014.470     7.000
2014.497     7.000
2014.525     9.000
2014.552    10.000
2014.580    13.000
2014.607    14.000
2014.634    17.000
2014.662    14.000
2014.689    17.000
2014.717    21.000
2014.744    21.000
2014.771    19.000
2014.799    16.000
2014.826    20.000
2014.854    21.000
2014.881    25.000
2014.908    26.000
2014.936    22.000
2014.963    17.000
2014.990    18.000
2015.018    22.000
2015.045    27.000
2015.073    29.000
2015.100    28.000
2015.127    28.000
2015.155    29.000
2015.183    33.000
2015.210    38.000
2015.237    38.000
2015.265    36.000
2015.292    35.000
2015.320    38.000
2015.347    41.000
2015.374    43.000
2015.402    47.000
2015.429    41.000
2015.456    40.000
2015.484    39.000
2015.511    43.000
2015.538    44.000
2015.566    42.000
2015.593    39.000
2015.621    39.000
2015.648    41.000
2015.676    43.000
2015.703    44.000
2015.730    45.000
2015.758    47.000
2015.785    45.000
2015.812    48.000
2015.840    46.000
2015.867    51.000
2015.895    48.000
2015.922    52.000
2015.949    53.000
2015.977    56.000
2016.004    50.000
2016.032    56.000
2016.059    52.000
2016.086    58.000
2016.114    54.000
2016.141    56.000
2016.168    54.000
2016.196    56.000
2016.223    60.000
2016.250    61.000
2016.278    64.000
2016.305    66.000
2016.332    66.000
2016.360    66.000
2016.387    56.000
2016.415    57.000
2016.441    55.000
2016.468    54.000
2016.496    49.000
2016.523    50.000
2016.550    50.000
2016.578    46.000
2016.605    43.000
2016.633    40.000
2016.660    44.000
2016.688    42.000
2016.715    40.000
2016.742    40.000
2016.770    37.000
2016.797    40.000
2016.824    40.000
2016.851    43.000
2016.878    46.000
2016.906    50.000
2016.933    51.000
2016.960    56.000
2016.988    57.000
2017.015    70.000
2017.042    70.000
2017.070    70.000
2017.097    64.000
2017.125    65.000
2017.152    68.000
2017.180    73.000
2017.207    73.000
2017.235    70.000
2017.262    69.000
2017.289    64.000
2017.317    61.000
2017.344    60.000
2017.371    60.000
2017.399    60.000
2017.426    58.000
2017.454    59.000
2017.481    60.000
2017.508    60.000
2017.536    59.000
2017.563    57.000
2017.591    58.000
2017.618    59.000
2017.645    58.000
2017.673    58.000
2017.700    54.000
2017.728    58.000
2017.755    60.000
2017.782    64.000
2017.810    63.000
2017.837    62.000
2017.865    59.000
2017.892    66.000
2017.919    63.000
2017.947    63.000
2017.974    60.000
2018.001    64.000
2018.029    66.000
2018.056    62.000
2018.084    67.000
2018.111    69.000
2018.138    72.000
2018.166    71.000
2018.194    64.000
2018.221    66.000
2018.248    65.000
2018.276    69.000
2018.303    65.000
2018.330    70.000
2018.358    69.000
2018.385    71.000
2018.413    65.000
2018.440    67.000
2018.467    69.000
2018.495    65.000
2018.522    63.000
2018.549    62.000
2018.577    61.000
2018.604    60.000
2018.632    61.000
2018.659    63.000
2018.687    61.000
2018.714    57.000
2018.741    56.000
2018.769    59.000
2018.796    56.000
2018.823    57.000
2018.851    58.000
2018.878    63.000
2018.906    61.000
2018.933    58.000
2018.960    62.000
2018.988    62.000
2019.015    63.000
2019.042    63.000
2019.070    65.000
2019.097    67.000
2019.125    64.000
2019.152    65.000
2019.180    62.000
2019.207    61.000
2019.235    64.000
2019.262    67.000
2019.289    66.000
2019.317    65.000
2019.344    65.000
2019.371    65.000
2019.399    66.000
2019.426    66.000
2019.454    67.000
2019.481    65.000
2019.508    66.000
2019.536    66.000
2019.563    66.000
2019.591    64.000
2019.618    65.000
2019.645    64.000
2019.673    68.000
2019.700    70.000
2019.728    71.000
2019.755    68.000
2019.782    66.000
2019.810    68.000
2019.837    64.000
2019.865    64.000
2019.892    60.000
2019.919    61.000
2019.947    61.000
2019.974    61.000
2020.001    54.000
2020.084    69.000
2020.111    61.000
2020.138    59.000
2020.165    55.000
2020.193    56.000
2020.220    55.000
2020.248    55.000
2020.275    58.000
2020.302    59.000
2020.330    57.000
2020.357    56.000
2020.384    57.000
2020.412    61.000
2020.438    60.000
2020.466    59.000
2020.493    58.000
