Wilcox Solar Observatory data downloaded from HVO: 
column 1 - Date in fraction of year. 
column 2 - Sun's Polar Field strength in North emisphere. A 20nhz low pass filtered values eliminate yearly geometric projection effects.

2001.547   -44.000
2001.574   -44.000
2001.602   -44.000
2001.629   -45.000
2001.656   -45.000
2001.684   -45.000
2001.711   -45.000
2001.739   -46.000
2001.766   -46.000
2001.793   -46.000
2001.821   -46.000
2001.848   -46.000
2001.875   -46.000
2001.903   -46.000
2001.930   -46.000
2001.957   -46.000
2001.985   -46.000
2002.012   -46.000
2002.040   -46.000
2002.067   -46.000
2002.095   -46.000
2002.122   -46.000
2002.149   -45.000
2002.177   -45.000
2002.204   -45.000
2002.232   -45.000
2002.259   -45.000
2002.287   -45.000
2002.314   -44.000
2002.341   -44.000
2002.369   -44.000
2002.396   -44.000
2002.424   -44.000
2002.451   -43.000
2002.478   -43.000
2002.506   -43.000
2002.533   -43.000
2002.560   -43.000
2002.588   -43.000
2002.615   -43.000
2002.643   -43.000
2002.670   -43.000
2002.698   -43.000
2002.725   -43.000
2002.752   -43.000
2002.780   -43.000
2002.807   -43.000
2002.834   -43.000
2002.862   -44.000
2002.889   -44.000
2002.916   -44.000
2002.944   -45.000
2002.971   -45.000
2002.999   -45.000
2003.026   -46.000
2003.053   -46.000
2003.081   -47.000
2003.108   -48.000
2003.136   -48.000
2003.163   -49.000
2003.191   -49.000
2003.218   -50.000
2003.246   -51.000
2003.273   -52.000
2003.300   -52.000
2003.328   -53.000
2003.355   -54.000
2003.382   -54.000
2003.410   -55.000
2003.437   -56.000
2003.465   -57.000
2003.492   -57.000
2003.519   -58.000
2003.547   -59.000
2003.574   -59.000
2003.602   -60.000
2003.629   -61.000
2003.656   -61.000
2003.684   -62.000
2003.711   -62.000
2003.739   -63.000
2003.766   -63.000
2003.793   -64.000
2003.821   -64.000
2003.848   -64.000
2003.875   -64.000
2003.903   -65.000
2003.930   -65.000
2003.957   -65.000
2003.985   -65.000
2004.012   -65.000
2004.040   -65.000
2004.067   -65.000
2004.095   -65.000
2004.122   -65.000
2004.149   -65.000
2004.176   -64.000
2004.204   -64.000
2004.231   -64.000
2004.259   -63.000
2004.286   -63.000
2004.313   -63.000
2004.341   -62.000
2004.368   -62.000
2004.395   -62.000
2004.422   -61.000
2004.449   -61.000
2004.477   -61.000
2004.504   -60.000
2004.531   -60.000
2004.559   -59.000
2004.586   -59.000
2004.614   -59.000
2004.641   -58.000
2004.668   -58.000
2004.696   -57.000
2004.723   -57.000
2004.750   -57.000
2004.778   -56.000
2004.805   -56.000
2004.833   -56.000
2004.859   -55.000
2004.886   -55.000
2004.914   -55.000
2004.941   -55.000
2004.968   -54.000
2004.996   -54.000
2005.023   -54.000
2005.051   -54.000
2005.078   -53.000
2005.106   -53.000
2005.133   -53.000
2005.160   -53.000
2005.188   -53.000
2005.215   -53.000
2005.243   -53.000
2005.270   -52.000
2005.298   -52.000
2005.325   -52.000
2005.352   -52.000
2005.380   -52.000
2005.407   -52.000
2005.435   -52.000
2005.462   -52.000
2005.489   -52.000
2005.517   -52.000
2005.544   -52.000
2005.571   -52.000
2005.599   -52.000
2005.626   -52.000
2005.654   -52.000
2005.681   -52.000
2005.708   -52.000
2005.736   -52.000
2005.763   -53.000
2005.790   -53.000
2005.818   -53.000
2005.845   -53.000
2005.873   -53.000
2005.900   -53.000
2005.927   -54.000
2005.955   -54.000
2005.982   -54.000
2006.010   -54.000
2006.037   -54.000
2006.064   -55.000
2006.092   -55.000
2006.119   -55.000
2006.147   -55.000
2006.174   -56.000
2006.202   -56.000
2006.229   -56.000
2006.257   -56.000
2006.284   -57.000
2006.311   -57.000
2006.339   -57.000
2006.366   -58.000
2006.393   -58.000
2006.421   -58.000
2006.448   -58.000
2006.476   -59.000
2006.503   -59.000
2006.530   -59.000
2006.558   -59.000
2006.585   -60.000
2006.613   -60.000
2006.640   -60.000
2006.667   -60.000
2006.695   -60.000
2006.722   -61.000
2006.749   -61.000
2006.777   -61.000
2006.804   -61.000
2006.832   -61.000
2006.859   -61.000
2006.886   -61.000
2006.914   -61.000
2006.941   -61.000
2006.968   -61.000
2006.996   -61.000
2007.023   -61.000
2007.051   -61.000
2007.078   -61.000
2007.106   -61.000
2007.133   -60.000
2007.160   -60.000
2007.188   -60.000
2007.215   -60.000
2007.243   -59.000
2007.270   -59.000
2007.298   -59.000
2007.325   -59.000
2007.352   -58.000
2007.380   -58.000
2007.407   -58.000
2007.435   -57.000
2007.462   -57.000
2007.489   -57.000
2007.517   -56.000
2007.544   -56.000
2007.571   -56.000
2007.599   -55.000
2007.626   -55.000
2007.654   -55.000
2007.681   -55.000
2007.708   -54.000
2007.736   -54.000
2007.763   -54.000
2007.790   -54.000
2007.818   -54.000
2007.845   -53.000
2007.873   -53.000
2007.900   -53.000
2007.927   -53.000
2007.955   -53.000
2007.982   -53.000
2008.010   -53.000
2008.037   -53.000
2008.064   -53.000
2008.092   -53.000
2008.119   -53.000
2008.147   -54.000
2008.174   -54.000
2008.201   -54.000
2008.228   -54.000
2008.256   -54.000
2008.283   -54.000
2008.311   -54.000
2008.338   -54.000
2008.365   -54.000
2008.393   -55.000
2008.419   -55.000
2008.447   -55.000
2008.474   -55.000
2008.501   -55.000
2008.529   -55.000
2008.556   -55.000
2008.583   -55.000
2008.611   -55.000
2008.638   -55.000
2008.666   -55.000
2008.693   -55.000
2008.720   -55.000
2008.748   -55.000
2008.775   -55.000
2008.802   -55.000
2008.830   -55.000
2008.856   -54.000
2008.884   -54.000
2008.911   -54.000
2008.938   -54.000
2008.966   -54.000
2008.993   -53.000
2009.021   -53.000
2009.048   -53.000
2009.075   -53.000
2009.103   -52.000
2009.130   -52.000
2009.158   -52.000
2009.185   -51.000
2009.213   -51.000
2009.240   -51.000
2009.268   -51.000
2009.295   -50.000
2009.322   -50.000
2009.350   -50.000
2009.377   -50.000
2009.404   -50.000
2009.432   -50.000
2009.459   -49.000
2009.487   -49.000
2009.514   -49.000
2009.541   -49.000
2009.569   -49.000
2009.596   -49.000
2009.623   -49.000
2009.651   -49.000
2009.678   -49.000
2009.706   -49.000
2009.733   -49.000
2009.760   -48.000
2009.788   -48.000
2009.815   -48.000
2009.843   -48.000
2009.870   -48.000
2009.897   -48.000
2009.925   -48.000
2009.952   -48.000
2009.979   -48.000
2010.007   -48.000
2010.034   -48.000
2010.062   -48.000
2010.089   -47.000
2010.117   -47.000
2010.144   -47.000
2010.172   -47.000
2010.199   -46.000
2010.226   -46.000
2010.254   -46.000
2010.281   -45.000
2010.309   -45.000
2010.336   -45.000
2010.363   -44.000
2010.391   -44.000
2010.418   -43.000
2010.446   -43.000
2010.473   -42.000
2010.500   -42.000
2010.528   -41.000
2010.555   -40.000
2010.582   -40.000
2010.610   -39.000
2010.637   -38.000
2010.665   -38.000
2010.692   -37.000
2010.719   -37.000
2010.747   -36.000
2010.774   -35.000
2010.801   -35.000
2010.829   -34.000
2010.856   -33.000
2010.884   -33.000
2010.911   -32.000
2010.938   -32.000
2010.966   -31.000
2010.993   -31.000
2011.021   -30.000
2011.048   -30.000
2011.075   -30.000
2011.103   -29.000
2011.130   -29.000
2011.158   -29.000
2011.185   -28.000
2011.213   -28.000
2011.240   -28.000
2011.268   -28.000
2011.295   -28.000
2011.322   -28.000
2011.350   -28.000
2011.377   -28.000
2011.404   -28.000
2011.432   -28.000
2011.459   -28.000
2011.487   -28.000
2011.514   -28.000
2011.541   -28.000
2011.569   -28.000
2011.596   -28.000
2011.623   -28.000
2011.651   -29.000
2011.678   -29.000
2011.706   -29.000
2011.733   -29.000
2011.760   -29.000
2011.788   -29.000
2011.815   -28.000
2011.843   -28.000
2011.870   -28.000
2011.897   -28.000
2011.925   -28.000
2011.952   -28.000
2011.979   -27.000
2012.007   -27.000
2012.034   -27.000
2012.062   -26.000
2012.089   -26.000
2012.117   -25.000
2012.144   -25.000
2012.171   -24.000
2012.198   -24.000
2012.226   -23.000
2012.253   -23.000
2012.281   -22.000
2012.308   -21.000
2012.335   -21.000
2012.363   -20.000
2012.390   -19.000
2012.416   -19.000
2012.444   -18.000
2012.471   -17.000
2012.498   -17.000
2012.526   -16.000
2012.553   -15.000
2012.581   -14.000
2012.608   -14.000
2012.635   -13.000
2012.663   -12.000
2012.690   -11.000
2012.718   -11.000
2012.745   -10.000
2012.772    -9.000
2012.800    -9.000
2012.827    -8.000
2012.854    -7.000
2012.881    -7.000
2012.908    -6.000
2012.936    -5.000
2012.963    -5.000
2012.990    -4.000
2013.018    -3.000
2013.045    -3.000
2013.073    -2.000
2013.100    -1.000
2013.127    -1.000
2013.155    -0.000
2013.183     0.000
2013.210     1.000
2013.237     1.000
2013.265     2.000
2013.292     2.000
2013.320     3.000
2013.347     3.000
2013.374     3.000
2013.402     4.000
2013.429     4.000
2013.456     4.000
2013.484     5.000
2013.511     5.000
2013.538     5.000
2013.566     5.000
2013.593     6.000
2013.621     6.000
2013.648     6.000
2013.676     6.000
2013.703     6.000
2013.730     6.000
2013.758     6.000
2013.785     6.000
2013.812     6.000
2013.840     6.000
2013.867     6.000
2013.895     6.000
2013.922     6.000
2013.949     6.000
2013.977     6.000
2014.004     6.000
2014.032     6.000
2014.059     6.000
2014.086     6.000
2014.114     6.000
2014.141     6.000
2014.169     6.000
2014.196     6.000
2014.224     6.000
2014.251     7.000
2014.279     7.000
2014.306     7.000
2014.333     7.000
2014.361     7.000
2014.388     8.000
2014.415     8.000
2014.443     9.000
2014.470     9.000
2014.497    10.000
2014.525    10.000
2014.552    11.000
2014.580    11.000
2014.607    12.000
2014.634    13.000
2014.662    14.000
2014.689    14.000
2014.717    15.000
2014.744    16.000
2014.771    17.000
2014.799    18.000
2014.826    19.000
2014.854    20.000
2014.881    21.000
2014.908    22.000
2014.936    23.000
2014.963    24.000
2014.990    25.000
2015.018    26.000
2015.045    27.000
2015.073    28.000
2015.100    29.000
2015.127    30.000
2015.155    31.000
2015.183    32.000
2015.210    33.000
2015.237    34.000
2015.265    35.000
2015.292    35.000
2015.320    36.000
2015.347    37.000
2015.374    38.000
2015.402    39.000
2015.429    40.000
2015.456    41.000
2015.484    42.000
2015.511    43.000
2015.538    43.000
2015.566    44.000
2015.593    45.000
2015.621    46.000
2015.648    46.000
2015.676    47.000
2015.703    48.000
2015.730    48.000
2015.758    49.000
2015.785    49.000
2015.812    50.000
2015.840    50.000
2015.867    51.000
2015.895    51.000
2015.922    52.000
2015.949    52.000
2015.977    52.000
2016.004    52.000
2016.032    53.000
2016.059    53.000
2016.086    53.000
2016.114    53.000
2016.141    53.000
2016.168    53.000
2016.196    53.000
2016.223    53.000
2016.250    53.000
2016.278    53.000
2016.305    53.000
2016.332    53.000
2016.360    53.000
2016.387    53.000
2016.415    53.000
2016.441    53.000
2016.468    53.000
2016.496    53.000
2016.523    53.000
2016.550    53.000
2016.578    53.000
2016.605    53.000
2016.633    53.000
2016.660    53.000
2016.688    53.000
2016.715    53.000
2016.742    54.000
2016.770    54.000
2016.797    54.000
2016.824    54.000
2016.851    54.000
2016.878    55.000
2016.906    55.000
2016.933    55.000
2016.960    55.000
2016.988    56.000
2017.015    56.000
2017.042    56.000
2017.070    57.000
2017.097    57.000
2017.125    57.000
2017.152    58.000
2017.180    58.000
2017.207    58.000
2017.235    59.000
2017.262    59.000
2017.289    59.000
2017.317    60.000
2017.344    60.000
2017.371    60.000
2017.399    61.000
2017.426    61.000
2017.454    61.000
2017.481    62.000
2017.508    62.000
2017.536    62.000
2017.563    62.000
2017.591    63.000
2017.618    63.000
2017.645    63.000
2017.673    63.000
2017.700    63.000
2017.728    64.000
2017.755    64.000
2017.782    64.000
2017.810    64.000
2017.837    64.000
2017.865    64.000
2017.892    64.000
2017.919    64.000
2017.947    64.000
2017.974    64.000
2018.001    64.000
2018.029    64.000
2018.056    64.000
2018.084    64.000
2018.111    64.000
2018.138    64.000
2018.166    64.000
2018.194    64.000
2018.221    64.000
2018.248    64.000
2018.276    64.000
2018.303    64.000
2018.330    64.000
2018.358    64.000
2018.385    64.000
2018.413    64.000
2018.440    64.000
2018.467    64.000
2018.495    64.000
2018.522    64.000
2018.549    64.000
2018.577    64.000
2018.604    64.000
2018.632    64.000
2018.659    63.000
2018.687    63.000
2018.714    63.000
2018.741    63.000
2018.769    63.000
2018.796    63.000
2018.823    63.000
2018.851    63.000
2018.878    63.000
2018.906    63.000
2018.933    64.000
2018.960    64.000
2018.988    64.000
2019.015    64.000
2019.042    64.000
2019.070    64.000
2019.097    64.000
2019.125    64.000
2019.152    64.000
2019.180    64.000
2019.207    64.000
2019.235    64.000
2019.262    64.000
2019.289    64.000
2019.317    64.000
2019.344    64.000
2019.371    64.000
2019.399    64.000
2019.426    63.000
2019.454    63.000
2019.481    63.000
2019.508    63.000
2019.536    63.000
2019.563    63.000
2019.591    62.000
2019.618    62.000
2019.645    62.000
2019.673    62.000
2019.700    61.000
2019.728    61.000
2019.755    61.000
2019.782    60.000
2019.810    60.000
2019.837    60.000
2019.865    59.000
2019.892    59.000
2019.919    59.000
2019.947    58.000
2019.974    58.000
2020.001    58.000
2020.029    57.000
2020.056    57.000
2020.084    57.000
2020.111    57.000
2020.138    56.000
2020.165    56.000
2020.193    56.000
2020.220    55.000
2020.248    55.000
2020.275    55.000
2020.302    55.000
2020.330    54.000
2020.357    54.000
2020.384    54.000
2020.412    54.000
2020.438    54.000
2020.466    54.000
