Wilcox Solar Observatory data downloaded from HVO: 
column 1 - Date in fraction of year. 
column 2 - Sun's Polar Field strength in South emisphere.

2001.547    64.000
2001.574    80.000
2001.602    84.000
2001.629    54.000
2001.656    75.000
2001.684    73.000
2001.711    60.000
2001.739    69.000
2001.766    64.000
2001.793    76.000
2001.821    69.000
2001.848    69.000
2001.875    50.000
2001.903    26.000
2001.930    24.000
2001.957    41.000
2001.985    51.000
2002.012    73.000
2002.040    87.000
2002.067    76.000
2002.095    57.000
2002.122    38.000
2002.149    50.000
2002.177    53.000
2002.204    39.000
2002.232    37.000
2002.259    29.000
2002.287    69.000
2002.314    62.000
2002.341    44.000
2002.369    33.000
2002.396    22.000
2002.424    37.000
2002.451    40.000
2002.478    47.000
2002.506    70.000
2002.533    76.000
2002.560    77.000
2002.588    54.000
2002.615    32.000
2002.643    25.000
2002.670    16.000
2002.698    17.000
2002.725    11.000
2002.752     5.000
2002.780     4.000
2002.807    12.000
2002.834    15.000
2002.862    28.000
2002.889    23.000
2002.916     6.000
2002.944    23.000
2002.971    33.000
2002.999    35.000
2003.026    28.000
2003.053    44.000
2003.081    49.000
2003.108    44.000
2003.136    47.000
2003.163    52.000
2003.191    51.000
2003.218    51.000
2003.246    46.000
2003.273    44.000
2003.300    34.000
2003.328    54.000
2003.355    51.000
2003.382    59.000
2003.410    54.000
2003.437    56.000
2003.465    41.000
2003.492    44.000
2003.519    46.000
2003.547    51.000
2003.574    54.000
2003.602    52.000
2003.629    54.000
2003.656    55.000
2003.684    47.000
2003.711    51.000
2003.739    52.000
2003.766    57.000
2003.793    53.000
2003.821    54.000
2003.848    58.000
2003.875    56.000
2003.903    57.000
2003.930    71.000
2003.957    85.000
2003.985    96.000
2004.012    89.000
2004.040    94.000
2004.067    91.000
2004.095    99.000
2004.122    85.000
2004.149    85.000
2004.176    99.000
2004.204    99.000
2004.231   103.000
2004.259    95.000
2004.286    85.000
2004.313    82.000
2004.341    80.000
2004.368    82.000
2004.395    82.000
2004.422    71.000
2004.449    66.000
2004.477    53.000
2004.504    55.000
2004.531    45.000
2004.559    37.000
2004.586    24.000
2004.614    23.000
2004.641    23.000
2004.668    25.000
2004.696    25.000
2004.723    32.000
2004.750    35.000
2004.778    37.000
2004.805    35.000
2004.833    38.000
2004.859    39.000
2004.886    40.000
2004.914    41.000
2004.941    61.000
2004.968    66.000
2004.996    75.000
2005.023    96.000
2005.051    71.000
2005.078    72.000
2005.106    66.000
2005.133    80.000
2005.160    75.000
2005.188    84.000
2005.215    87.000
2005.243    83.000
2005.270    75.000
2005.298    64.000
2005.325    59.000
2005.352    55.000
2005.380    66.000
2005.407    56.000
2005.435    48.000
2005.462    40.000
2005.489    47.000
2005.517    52.000
2005.544    50.000
2005.571    43.000
2005.599    37.000
2005.626    33.000
2005.654    26.000
2005.681    32.000
2005.708    35.000
2005.736    30.000
2005.763    37.000
2005.790    39.000
2005.818    53.000
2005.845    39.000
2005.873    44.000
2005.900    60.000
2005.927    70.000
2005.955    73.000
2005.982    63.000
2006.010    91.000
2006.037   103.000
2006.064   117.000
2006.092    93.000
2006.119    74.000
2006.147    74.000
2006.174    62.000
2006.202    62.000
2006.229    56.000
2006.257    65.000
2006.284    55.000
2006.311    61.000
2006.339    63.000
2006.366    67.000
2006.393    51.000
2006.421    51.000
2006.448    50.000
2006.476    51.000
2006.503    53.000
2006.530    48.000
2006.558    46.000
2006.585    39.000
2006.613    37.000
2006.640    36.000
2006.667    34.000
2006.695    35.000
2006.722    28.000
2006.749    30.000
2006.777    41.000
2006.804    43.000
2006.832    41.000
2006.859    40.000
2006.886    52.000
2006.914    55.000
2006.941    60.000
2006.968    64.000
2006.996    75.000
2007.023    76.000
2007.051    77.000
2007.078    77.000
2007.106    83.000
2007.133    82.000
2007.160    89.000
2007.188    91.000
2007.215    91.000
2007.243    85.000
2007.270    78.000
2007.298    70.000
2007.325    70.000
2007.352    69.000
2007.380    64.000
2007.407    65.000
2007.435    60.000
2007.462    51.000
2007.489    47.000
2007.517    42.000
2007.544    44.000
2007.571    36.000
2007.599    31.000
2007.626    25.000
2007.654    24.000
2007.681    24.000
2007.708    25.000
2007.736    20.000
2007.763    22.000
2007.790    23.000
2007.818    34.000
2007.845    31.000
2007.873    35.000
2007.900    35.000
2007.927    44.000
2007.955    52.000
2007.982    63.000
2008.010    62.000
2008.037    62.000
2008.064    60.000
2008.092    73.000
2008.119    72.000
2008.147    76.000
2008.174    78.000
2008.201    78.000
2008.228    75.000
2008.256    81.000
2008.283    76.000
2008.311    72.000
2008.338    67.000
2008.365    67.000
2008.393    65.000
2008.419    58.000
2008.447    54.000
2008.474    51.000
2008.501    47.000
2008.529    44.000
2008.556    44.000
2008.583    45.000
2008.611    45.000
2008.638    42.000
2008.666    37.000
2008.693    30.000
2008.720    28.000
2008.748    31.000
2008.775    33.000
2008.802    34.000
2008.830    34.000
2008.856    42.000
2008.884    44.000
2008.911    48.000
2008.938    48.000
2008.966    68.000
2008.993    75.000
2009.021    76.000
2009.048    74.000
2009.075    72.000
2009.103    71.000
2009.130    73.000
2009.158    79.000
2009.185    80.000
2009.213    82.000
2009.240    81.000
2009.268    81.000
2009.295    79.000
2009.322    70.000
2009.350    60.000
2009.377    55.000
2009.404    56.000
2009.432    52.000
2009.459    45.000
2009.487    39.000
2009.514    39.000
2009.541    39.000
2009.569    35.000
2009.596    30.000
2009.623    29.000
2009.651    28.000
2009.678    29.000
2009.706    24.000
2009.733    27.000
2009.760    24.000
2009.788    35.000
2009.815    37.000
2009.843    41.000
2009.870    39.000
2009.897    41.000
2009.925    40.000
2009.952    47.000
2009.979    57.000
2010.007    60.000
2010.034    63.000
2010.062    64.000
2010.089    87.000
2010.117    80.000
2010.144    91.000
2010.172    65.000
2010.199    69.000
2010.226    68.000
2010.254    73.000
2010.281    58.000
2010.309    63.000
2010.336    67.000
2010.363    68.000
2010.391    55.000
2010.418    51.000
2010.446    47.000
2010.473    39.000
2010.500    39.000
2010.528    35.000
2010.555    32.000
2010.582    28.000
2010.610    25.000
2010.637    20.000
2010.665    15.000
2010.692    13.000
2010.719    18.000
2010.747    20.000
2010.774    22.000
2010.801    22.000
2010.829    18.000
2010.856    21.000
2010.884    26.000
2010.911    43.000
2010.938    51.000
2010.966    50.000
2010.993    49.000
2011.021    41.000
2011.048    46.000
2011.075    52.000
2011.103    58.000
2011.130    59.000
2011.158    63.000
2011.185    69.000
2011.213    48.000
2011.240    45.000
2011.268    47.000
2011.295    51.000
2011.322    51.000
2011.350    49.000
2011.377    47.000
2011.404    46.000
2011.432    45.000
2011.459    42.000
2011.487    33.000
2011.514    30.000
2011.541    29.000
2011.569    30.000
2011.596    28.000
2011.623    31.000
2011.651    29.000
2011.678    24.000
2011.706    23.000
2011.733    24.000
2011.760    27.000
2011.788    24.000
2011.815    26.000
2011.843    33.000
2011.870    36.000
2011.897    38.000
2011.925    41.000
2011.952    45.000
2011.979    49.000
2012.007    49.000
2012.034    50.000
2012.062    56.000
2012.089    66.000
2012.117    59.000
2012.144    55.000
2012.171    53.000
2012.198    60.000
2012.226    71.000
2012.253    68.000
2012.281    61.000
2012.308    49.000
2012.335    51.000
2012.363    47.000
2012.390    50.000
2012.416    42.000
2012.444    36.000
2012.471    33.000
2012.498    26.000
2012.526    23.000
2012.553    17.000
2012.581    16.000
2012.608    11.000
2012.635    10.000
2012.663     8.000
2012.690     8.000
2012.718     6.000
2012.745     9.000
2012.772     8.000
2012.800     3.000
2012.827     1.000
2012.854     2.000
2012.881     1.000
2012.908    15.000
2012.936    22.000
2012.963    25.000
2012.990    30.000
2013.018    31.000
2013.045    33.000
2013.073    33.000
2013.100    46.000
2013.127    38.000
2013.155    39.000
2013.183    30.000
2013.210    35.000
2013.237    25.000
2013.265    27.000
2013.292    28.000
2013.320    22.000
2013.347    16.000
2013.374     3.000
2013.402    -3.000
2013.429    -7.000
2013.456   -13.000
2013.484    -8.000
2013.511   -21.000
2013.538   -18.000
2013.566   -14.000
2013.593   -10.000
2013.621   -14.000
2013.648   -13.000
2013.676   -14.000
2013.703   -10.000
2013.730    -9.000
2013.758   -11.000
2013.785   -13.000
2013.812   -16.000
2013.840   -13.000
2013.867   -10.000
2013.895   -17.000
2013.922   -15.000
2013.949   -15.000
2013.977   -12.000
2014.004   -12.000
2014.032    -9.000
2014.059    -6.000
2014.086    -6.000
2014.114    -6.000
2014.141    -6.000
2014.169    -2.000
2014.196    -5.000
2014.224    -5.000
2014.251    -7.000
2014.279    -5.000
2014.306   -10.000
2014.333   -11.000
2014.361   -15.000
2014.388   -14.000
2014.415   -20.000
2014.443   -20.000
2014.470   -20.000
2014.497   -21.000
2014.525   -20.000
2014.552   -21.000
2014.580   -22.000
2014.607   -21.000
2014.634   -26.000
2014.662   -24.000
2014.689   -30.000
2014.717   -36.000
2014.744   -40.000
2014.771   -37.000
2014.799   -34.000
2014.826   -34.000
2014.854   -38.000
2014.881   -44.000
2014.908   -45.000
2014.936   -44.000
2014.963   -40.000
2014.990   -44.000
2015.018   -43.000
2015.045   -45.000
2015.073   -41.000
2015.100   -44.000
2015.127   -48.000
2015.155   -50.000
2015.183   -51.000
2015.210   -50.000
2015.237   -54.000
2015.265   -56.000
2015.292   -59.000
2015.320   -63.000
2015.347   -66.000
2015.374   -71.000
2015.402   -81.000
2015.429   -76.000
2015.456   -75.000
2015.484   -74.000
2015.511   -76.000
2015.538   -75.000
2015.566   -71.000
2015.593   -67.000
2015.621   -64.000
2015.648   -64.000
2015.676   -68.000
2015.703   -68.000
2015.730   -70.000
2015.758   -71.000
2015.785   -67.000
2015.812   -69.000
2015.840   -67.000
2015.867   -75.000
2015.895   -74.000
2015.922   -84.000
2015.949   -89.000
2015.977   -92.000
2016.004   -82.000
2016.032   -86.000
2016.059   -84.000
2016.086   -94.000
2016.114   -91.000
2016.141   -94.000
2016.168   -94.000
2016.196   -92.000
2016.223   -94.000
2016.250   -93.000
2016.278   -98.000
2016.305  -101.000
2016.332  -100.000
2016.360   -96.000
2016.387   -85.000
2016.415   -82.000
2016.441   -78.000
2016.468   -74.000
2016.496   -65.000
2016.523   -65.000
2016.550   -60.000
2016.578   -55.000
2016.605   -50.000
2016.633   -44.000
2016.660   -46.000
2016.688   -42.000
2016.715   -38.000
2016.742   -41.000
2016.770   -34.000
2016.797   -44.000
2016.824   -45.000
2016.851   -48.000
2016.878   -50.000
2016.906   -61.000
2016.933   -71.000
2016.960   -80.000
2016.988   -79.000
2017.015   -95.000
2017.042  -103.000
2017.070  -103.000
2017.097   -96.000
2017.125   -94.000
2017.152  -100.000
2017.180  -105.000
2017.207  -100.000
2017.235   -95.000
2017.262   -90.000
2017.289   -86.000
2017.317   -81.000
2017.344   -81.000
2017.371   -77.000
2017.399   -71.000
2017.426   -66.000
2017.454   -63.000
2017.481   -61.000
2017.508   -57.000
2017.536   -57.000
2017.563   -58.000
2017.591   -44.000
2017.618   -47.000
2017.645   -44.000
2017.673   -44.000
2017.700   -41.000
2017.728   -47.000
2017.755   -51.000
2017.782   -56.000
2017.810   -55.000
2017.837   -56.000
2017.865   -53.000
2017.892   -74.000
2017.919   -72.000
2017.947   -72.000
2017.974   -69.000
2018.001   -76.000
2018.029   -86.000
2018.056   -88.000
2018.084   -97.000
2018.111  -103.000
2018.138  -106.000
2018.166  -106.000
2018.194   -93.000
2018.221   -94.000
2018.248   -86.000
2018.276   -90.000
2018.303   -80.000
2018.330   -84.000
2018.358   -80.000
2018.385   -79.000
2018.413   -70.000
2018.440   -67.000
2018.467   -68.000
2018.495   -60.000
2018.522   -53.000
2018.549   -45.000
2018.577   -44.000
2018.604   -41.000
2018.632   -38.000
2018.659   -38.000
2018.687   -37.000
2018.714   -34.000
2018.741   -34.000
2018.769   -40.000
2018.796   -42.000
2018.823   -42.000
2018.851   -40.000
2018.878   -45.000
2018.906   -50.000
2018.933   -58.000
2018.960   -63.000
2018.988   -66.000
2019.015   -66.000
2019.042   -78.000
2019.070   -85.000
2019.097   -87.000
2019.125   -82.000
2019.152   -88.000
2019.180   -76.000
2019.207   -75.000
2019.235   -78.000
2019.262   -82.000
2019.289   -72.000
2019.317   -69.000
2019.344   -66.000
2019.371   -63.000
2019.399   -58.000
2019.426   -57.000
2019.454   -57.000
2019.481   -48.000
2019.508   -49.000
2019.536   -48.000
2019.563   -46.000
2019.591   -38.000
2019.618   -36.000
2019.645   -34.000
2019.673   -34.000
2019.700   -35.000
2019.728   -38.000
2019.755   -38.000
2019.782   -36.000
2019.810   -42.000
2019.837   -46.000
2019.865   -48.000
2019.892   -46.000
2019.919   -42.000
2019.947   -60.000
2019.974   -60.000
2020.001   -53.000
2020.084   -89.000
2020.111   -77.000
2020.138   -76.000
2020.165   -71.000
2020.193   -76.000
2020.220   -69.000
2020.248   -61.000
2020.275   -65.000
2020.302   -67.000
2020.330   -63.000
2020.357   -59.000
2020.384   -60.000
2020.412   -57.000
2020.438   -55.000
2020.466   -46.000
