1980.001	415.264564479307
1980.086	403.955024396132
1980.165	423.794683047255
1980.250	399.918134083211
1980.332	398.869193135377
1980.416	356.013768553895
1980.498	349.774385667116
1980.583	361.227589924734
1980.668	361.398591154807
1980.750	338.904104130934
1980.834	317.274779942368
1980.916	315.631976454229
1981.001	318.930713909788
1981.086	298.60508491708
1981.163	295.898435457664
1981.248	289.843961005146
1981.330	273.97413469836
1981.415	308.149483380572
1981.497	311.976926917625
1981.582	312.86494556533
1981.667	333.123329646506
1981.749	283.940365686092
1981.834	297.950585447504
1981.916	330.763832925429
1982.001	368.123387422642
1982.086	315.31974003797
1982.163	359.458431479373
1982.248	376.184082710385
1982.330	384.521615147671
1982.415	308.561454276277
1982.497	261.594489406081
1982.582	263.559069544861
1982.667	238.436742044025
1982.749	251.874835184975
1982.834	273.07902561244
1982.916	254.525936464262
1983.001	294.761308033487
1983.086	312.970780925982
1983.163	349.797221156776
1983.248	349.964711205523
1983.330	311.660209937563
1983.415	338.45705045543
1983.497	367.911072749378
1983.582	378.38005042063
1983.667	394.599056551031
1983.749	387.541647559224
1983.834	394.541645039783
1983.916	396.948872600376
1984.001	412.492474036919
1984.086	402.153398939487
1984.165	379.372782586557
1984.250	365.972349657573
1984.332	325.092606067476
1984.416	364.266599218164
1984.498	375.156668619526
1984.583	398.151539535972
1984.668	406.987312704501
1984.750	407.438241488276
1984.834	408.801068613774
1984.916	408.508223266769
1985.001	415.593842613537
1985.086	456.372493527766
1985.163	461.73361875942
1985.248	473.186608612086
1985.330	477.855498420922
1985.415	512.198281789893
1985.497	501.939577299283
1985.582	507.923876670796
1985.667	530.257083032129
1985.749	527.507373626655
1985.834	530.809357885316
1985.916	538.631860341072
1986.001	526.255401986923
1986.086	483.386734844028
1986.163	516.224067121117
1986.248	572.18638963756
1986.330	584.189495470598
1986.415	576.9009999114
1986.497	593.018442345722
1986.582	581.020023046969
1986.667	589.598428055723
1986.749	600.546356137816
1986.834	568.976248735283
1986.916	608.055279080844
1987.001	609.979769923455
1987.086	628.383604777347
1987.163	620.244177180105
1987.248	627.148312117686
1987.330	606.683232755038
1987.415	569.118661264839
1987.497	562.933097230759
1987.582	534.304335007365
1987.667	523.082507855446
1987.749	508.469088487742
1987.834	492.749394181961
1987.916	494.633753802606
1988.001	436.704335531736
1988.086	458.038135182019
1988.165	467.928152169637
1988.250	451.67428863137
1988.332	455.010164346007
1988.416	466.434220256059
1988.498	426.624289965073
1988.583	422.217502556664
1988.668	421.749212129144
1988.750	410.384447474187
1988.834	406.620095752556
1988.916	374.568077978348
1989.001	342.112049525934
1989.086	341.66217246068
1989.163	272.874740295922
1989.248	282.241144708245
1989.330	254.913355968717
1989.415	258.00478007902
1989.497	291.764708753892
1989.582	288.650725478821
1989.667	264.729527061866
1989.749	247.624756825739
1989.834	230.650499428684
1989.916	247.618835786311
1990.001	257.974211644387
1990.086	263.820209460802
1990.163	254.078554348109
1990.248	239.40947520978
1990.330	228.237803829717
1990.415	227.617062883751
1990.497	257.162121018634
1990.582	248.977661844798
1990.667	274.204663715845
1990.749	290.69944904054
1990.834	329.109478296568
1990.916	332.09286319628
1991.001	351.71124088839
1991.086	358.676497954753
1991.163	271.594219183968
1991.248	282.162600422945
1991.330	283.854895551993
1991.415	163.041848045263
1991.497	169.156037789372
1991.582	221.284290954452
1991.667	273.590245239033
1991.749	290.3583682191
1991.834	297.739459237404
1991.916	314.497612713062
1992.001	314.802190646619
1992.086	301.020691923701
1992.165	331.806190918742
1992.250	377.884278067252
1992.332	362.877561353872
1992.416	403.689060286253
1992.498	429.816123802675
1992.583	425.315116338881
1992.668	408.533319721081
1992.750	433.408650948886
1992.834	426.239020326612
1992.916	452.13251117566
1993.001	442.75703467556
1993.086	439.995153835324
1993.163	422.311193758342
1993.248	453.217250917647
1993.330	463.844942180243
1993.415	475.77107183359
1993.497	481.328764222522
1993.582	476.420359431869
1993.667	487.941027016352
1993.749	488.141396414847
1993.834	489.636053357719
1993.916	490.694301356204
1994.001	487.349211820811
1994.086	463.925203453055
1994.163	467.024387701717
1994.248	465.004868044283
1994.330	474.302517901424
1994.415	475.212257717859
1994.497	485.839070148867
1994.582	500.05440030638
1994.667	516.883597834535
1994.749	520.762331426065
1994.834	519.710400586606
1994.916	514.228488452052
1995.001	519.887229718811
1995.086	535.092218662052
1995.163	505.21919587809
1995.248	518.417303883022
1995.330	524.108435917374
1995.415	530.331958805014
1995.497	534.323090730736
1995.582	540.098190113499
1995.667	549.103837731069
1995.749	541.763043032051
1995.834	547.207707696628
1995.916	553.816852001446
1996.001	549.18877081546
1996.086	562.572898951395
1996.165	549.160459488507
1996.250	555.79313110641
1996.332	552.144198229156
1996.416	557.288010562364
1996.498	557.467822621545
1996.583	557.638180284163
1996.668	543.080709755302
1996.750	538.650653430906
1996.834	532.579528356022
1996.916	541.791271091595
1997.001	543.994087911069
1997.086	560.232507308732
1997.163	564.16562399219
1997.248	557.74229223045
1997.330	549.179333673288
1997.415	559.133929097257
1997.497	551.586864195879
1997.582	561.331442432564
1997.667	550.293144002169
1997.749	551.331849827509
1997.834	540.446111574493
1997.916	545.360081017981
1998.001	549.594599243492
1998.086	547.537781081229
1998.163	549.179333673288
1998.248	503.947011831122
1998.330	469.01187749455
1998.415	481.953943637089
1998.497	498.162555286995
1998.582	469.558628693242
1998.667	498.511344015879
1998.749	514.516074218201
1998.834	514.562463741774
1998.916	494.569678536022
1999.001	448.991053297598
1999.086	456.576119395667
1999.163	462.000637247829
1999.248	471.362152367558
1999.330	471.928043170977
1999.415	472.718975996493
1999.497	480.097482493309
1999.582	446.201560042604
1999.667	405.003219322525
1999.749	377.900264539098
1999.834	371.325195338874
1999.916	361.173191244898
2000.001	401.233596993404
2000.086	376.26379918202
2000.165	355.775133601231
2000.250	352.223306270161
2000.332	338.062482204068
2000.416	306.394294293826
2000.498	275.282403230536
2000.583	301.913839616104
2000.668	327.235088739723
2000.750	353.547745308411
2000.834	313.274315744927
2000.916	325.600115173169
2001.001	341.707142430624
2001.086	384.279330043606
2001.163	403.705680142453
2001.248	317.068212168548
2001.330	365.651159909351
2001.415	373.503699092644
2001.497	375.093009808998
2001.582	347.094225765377
2001.667	352.536898760828
2001.749	339.224735912232
2001.834	369.540775845615
2001.916	381.555919614324
2002.001	337.02171255916
2002.086	390.999806956165
2002.163	372.766086443823
2002.248	366.787870520828
2002.330	364.235348008046
2002.415	372.314446660382
2002.497	342.892769672929
2002.582	315.31974003797
2002.667	339.224735912232
2002.749	355.221282914789
2002.834	324.122611456469
2002.916	340.741157161509
2003.001	332.387060919792
2003.086	349.561301455219
2003.163	358.282074439567
2003.248	322.037424936481
2003.330	329.745660940692
2003.415	301.212900887451
2003.497	327.067699670286
2003.582	320.83674141626
2003.667	359.071199481932
2003.749	336.427955795112
2003.834	255.228472090575
2003.916	323.573354853587
2004.001	312.575791257951
2004.086	357.007905201094
2004.165	384.077495687129
2004.250	394.394037751639
2004.332	414.724518380327
2004.416	417.877342228748
2004.498	403.431501996286
2004.583	397.788871259457
2004.668	428.433196559618
2004.750	467.265913659033
2004.834	437.883791738716
2004.916	423.897094021468
2005.001	359.776160866696
2005.086	414.041571797685
2005.163	421.630055028002
2005.248	435.353396699947
2005.330	405.253015173049
2005.415	421.238664977623
2005.497	422.140854325803
2005.582	406.494950577509
2005.667	367.21961655598
2005.749	443.368057323892
2005.834	455.010164346007
2005.916	459.173774902439
2006.001	497.446895109789
2006.086	507.729865055286
2006.163	550.142092127558
2006.248	557.978922899382
2006.330	578.99346268091
2006.415	574.619198958078
2006.497	561.416719297326
2006.582	568.881309682324
2006.667	576.282917567311
2006.749	573.307613847433
2006.834	568.140858078721
2006.916	524.92959125916
2007.001	578.232481650263
2007.086	572.99402502012
2007.163	576.244883977422
2007.248	595.352845305727
2007.330	598.12582502858
2007.415	607.616997190831
2007.497	608.026695805632
2007.582	596.210441949327
2007.667	619.197386712746
2007.749	605.987646991734
2007.834	599.107371154812
2007.916	595.190858049572
2008.001	596.7345415
2008.086	597.858999939457
2008.165	606.540305912695
2008.250	585.531912969807
2008.332	602.566652076232
2008.416	608.81748201231
2008.498	607.378796157755
2008.583	618.93090505401
2008.668	634.848740993372
2008.750	623.345453668655
2008.834	624.771855065807
2008.916	614.894451597973
2009.001	622.679672909979
2009.086	623.706844265511
2009.163	623.278879141691
2009.248	624.553164907952
2009.330	668.338658269438
2009.415	658.287209047078
2009.497	661.912719411859
2009.582	662.58822943841
2009.667	670.273021701433
2009.749	650.611601974349
2009.834	626.80617330462
2009.916	642.986951865821
2010.001	633.093474961648
2010.086	603.910311104576
2010.163	586.617422851065
2010.248	562.658205808995
2010.330	600.632123761904
2010.415	592.018075660486
2010.497	580.182681978963
2010.582	724.024632333112
2010.667	746.723746214906
2010.749	719.693547095693
2010.834	703.742679938944
2010.916	714.072262323013
2011.001	716.237289188017
2011.086	730.846288137012
2011.163	699.879570547054
2011.248	635.816147204969
2011.330	702.523360212701
2011.415	644.566588797309
2011.497	655.248439480876
2011.582	670.767929341062
2011.667	680.697800173382
2011.749	624.515130907268
2011.834	668.974348759375
2011.916	746.869887176767
2012.001	711.901913191664
2012.086	678.850908972442
2012.165	630.596771553956
2012.250	695.278363468419
2012.332	688.63184896118
2012.416	670.385089402967
2012.498	612.018294524147
2012.583	613.732660316849
2012.668	648.912898819559
2012.750	641.396977428942
2012.834	654.92831608336
2012.916	658.108580720952
2013.001	674.963784796118
2013.086	676.704030783725
2013.163	654.259671799809
2013.248	657.713662774243
2013.330	596.982300615198
2013.415	592.970804453659
2013.497	614.113591252655
2013.582	610.560878137901
2013.667	621.747450466852
2013.749	657.713662774243
2013.834	643.932949050533
2013.916	624.667265259601
2014.001	622.223092690327
2014.086	589.931817266166
2014.163	610.589456575141
2014.248	624.144285094068
2014.330	622.698696302072
2014.415	600.52729666687
2014.497	615.494335048351
2014.582	644.916446943934
2014.667	611.599186357908
2014.749	612.3421402522
2014.834	612.323090764422
2014.916	573.497677406241
2015.001	595.781640178587
2015.086	597.125239367276
2015.163	564.952758715787
2015.248	592.018075660486
2015.330	602.252174272384
2015.415	593.390022384088
2015.497	630.406845101913
2015.582	627.46191761395
2015.667	623.345453668655
2015.749	642.750403492538
2015.834	652.902929534811
2015.916	688.677940949561
2016.001	678.971633949269
2016.086	717.080271713226
2016.165	712.1994081783
2016.250	711.062993958548
2016.332	708.505452685381
2016.416	714.243143857002
2016.498	711.207379083519
2016.583	723.197658404839
2016.668	726.269922676105
2016.750	737.220274298469
2016.834	752.668967389654
2016.916	759.763053071141
2017.001	764.49520988333
2017.086	774.849711646101
2017.163	788.632732297056
2017.248	775.987575650711
2017.330	764.936048381863
2017.415	775.70338828643
2017.497	759.36812599629
2017.582	740.33722155013
2017.667	719.639932027342
2017.749	752.609392133803
2017.834	774.760182379374
2017.916	777.510869862571
2018.001	780.123340851851
2018.086	738.379963715477
2018.163	759.872235380787
2018.248	786.850849325727
2018.330	781.39939796914
2018.415	793.586074967369
2018.497	790.460962495563
2018.582	790.4844429393
2018.667	791.960665480552
2018.749	796.591454193511
2018.834	788.018695770919
2018.916	788.797878087634
2019.001	785.274929656664
2019.086	791.211588613364
2019.163	795.736539234114
2019.248	804.683506744822
2019.330	779.616637548497
2019.415	796.22972399468
2019.497	795.667128268058
2019.582	792.248957009059
2019.667	802.447250782104
2019.749	806.172875094155
2019.834	863.935933954471
2019.916	807.810919560344
