1980.001	539.537706688111
1980.086	527.379059419863
1980.165	557.104570466422
1980.250	512.843332590846
1980.332	503.639978335201
1980.416	434.684357446612
1980.498	429.874707081233
1980.583	443.434666599199
1980.668	441.961009374346
1980.750	402.901877786398
1980.834	370.234625608223
1980.916	374.417308330219
1981.001	442.615433048669
1981.086	409.142931264137
1981.163	406.22647517311
1981.248	372.987128315243
1981.330	347.575090517064
1981.415	404.20864223441
1981.497	415.754235098692
1981.582	415.367258040234
1981.667	447.137809688506
1981.749	382.624010710337
1981.834	397.73748353289
1981.916	451.867590937076
1982.001	498.38016806804
1982.086	404.057667850215
1982.163	477.171617805219
1982.248	496.77829510131
1982.330	518.985636011198
1982.415	390.456113949922
1982.497	306.521863980968
1982.582	312.078036639094
1982.667	274.566444762274
1982.749	317.485333759554
1982.834	338.405257073222
1982.916	307.637444620199
1983.001	371.771877690532
1983.086	409.601113774671
1983.163	457.427235801803
1983.248	469.760927242929
1983.330	393.934080546483
1983.415	433.879449147292
1983.497	484.890784423054
1983.582	477.550646049544
1983.667	504.862905303402
1983.749	505.383422851196
1983.834	515.423570902555
1983.916	520.083470483137
1984.001	548.935197497458
1984.086	532.387184031593
1984.165	494.699503765537
1984.250	466.52190799046
1984.332	405.468731559085
1984.416	438.079440718802
1984.498	455.940682866525
1984.583	490.266006822363
1984.668	508.885895284563
1984.750	510.181528760789
1984.834	509.039988981952
1984.916	523.925740610448
1985.001	551.273070928032
1985.086	600.414060348723
1985.163	624.643833915746
1985.248	648.455906399083
1985.330	638.189041327867
1985.415	681.542804584274
1985.497	646.008378862654
1985.582	644.993902114828
1985.667	682.327916570311
1985.749	690.376876419669
1985.834	723.277788400235
1985.916	719.667776033857
1986.001	730.415447739055
1986.086	624.022104866989
1986.163	704.843247807441
1986.248	785.169144724033
1986.330	797.797269852917
1986.415	788.761963929878
1986.497	773.944330478984
1986.582	772.90628971446
1986.667	783.158991525624
1986.749	819.160280195892
1986.834	762.198159636299
1986.916	821.102303020257
1987.001	871.442223597996
1987.086	911.587923335342
1987.163	929.757376209933
1987.248	905.908125212065
1987.330	857.048034092874
1987.415	784.950464207158
1987.497	744.222463341852
1987.582	715.174876839348
1987.667	682.445744953664
1987.749	703.554982059711
1987.834	661.686510071964
1987.916	671.517582282068
1988.001	588.400603986767
1988.086	621.175924174848
1988.165	637.705207289826
1988.250	618.630679861906
1988.332	614.828786955023
1988.416	599.776766213899
1988.498	539.634890638205
1988.583	523.988930067117
1988.668	541.029491687181
1988.750	523.862557658724
1988.834	510.274182331992
1988.916	464.240625562141
1989.001	443.352683009236
1989.086	441.852021940283
1989.163	335.504629749708
1989.248	352.923147809854
1989.330	316.175688708245
1989.415	319.205536550139
1989.497	372.122061087945
1989.582	340.272889824801
1989.667	308.619133914047
1989.749	273.072220464677
1989.834	253.318439546982
1989.916	272.721753484914
1990.001	309.958908440765
1990.086	322.098563539148
1990.163	305.020831518788
1990.248	267.188824701316
1990.330	255.104574020902
1990.415	255.088133301427
1990.497	295.118611917335
1990.582	283.458431744457
1990.667	312.794035846576
1990.749	347.640931613277
1990.834	381.356438464596
1990.916	381.762603592623
1991.001	438.349894881244
1991.086	447.110278989111
1991.163	313.033041146584
1991.248	325.408035187632
1991.330	331.763848538848
1991.415	183.165235372649
1991.497	189.882552834399
1991.582	254.480532692194
1991.667	322.651385685323
1991.749	347.553146026113
1991.834	356.365563835335
1991.916	390.187853062269
1992.001	397.514300766574
1992.086	375.263683007724
1992.165	423.27307761935
1992.250	489.014136380683
1992.332	462.422639377188
1992.416	513.743599980984
1992.498	553.817994725675
1992.583	551.207100575163
1992.668	535.34063714902
1992.750	585.064395917192
1992.834	569.126416014695
1992.916	622.597689292845
1993.001	606.460487103148
1993.086	606.74625344919
1993.163	563.861381895315
1993.248	611.621214230877
1993.330	626.915589485784
1993.415	634.771361486784
1993.497	647.137081569919
1993.582	649.059517214707
1993.667	668.382253222176
1993.749	683.074434373184
1993.834	690.456156124191
1993.916	692.917377934638
1994.001	678.996120190082
1994.086	593.118798564152
1994.163	647.325352894367
1994.248	652.918156749104
1994.330	653.980605490056
1994.415	650.041347992524
1994.497	671.440026258538
1994.582	696.183114776152
1994.667	724.717468296569
1994.749	720.159228801099
1994.834	722.33291538123
1994.916	724.635141380052
1995.001	753.169655817764
1995.086	759.037459856773
1995.163	745.48363870551
1995.248	757.162823509988
1995.330	758.824256539358
1995.415	746.704321615213
1995.497	742.837049586585
1995.582	755.164241105244
1995.667	772.042052510872
1995.749	771.092228179275
1995.834	784.119891096053
1995.916	768.420165712102
1996.001	790.255239947214
1996.086	826.403309875133
1996.165	820.153456111243
1996.250	826.312486825586
1996.332	802.187897118255
1996.416	791.574574475423
1996.498	795.277378841689
1996.583	793.071789940025
1996.668	790.387100077912
1996.750	778.063477797086
1996.834	782.897080114203
1996.916	793.73299144539
1997.001	826.630399073837
1997.086	829.859932754103
1997.163	830.543391899438
1997.248	828.039358804357
1997.330	835.110151909883
1997.415	822.504437112369
1997.497	813.488934236567
1997.582	833.64682775117
1997.667	819.701904154141
1997.749	804.634796900209
1997.834	799.790810955946
1997.916	814.207515093673
1998.001	816.996385332635
1998.086	829.541124005818
1998.163	835.613595720386
1998.248	729.753051713159
1998.330	659.734142036271
1998.415	675.989027871498
1998.497	707.829406902482
1998.582	664.335289235855
1998.667	712.002200707161
1998.749	750.037344508961
1998.834	731.783098618011
1998.916	693.275224060935
1999.001	639.343996928028
1999.086	643.980709125603
1999.163	654.77835141948
1999.248	667.648494379123
1999.330	647.061785378497
1999.415	678.996120190082
1999.497	699.540998667789
1999.582	623.985548266046
1999.667	561.37817464013
1999.749	539.08437774085
1999.834	531.714971600545
1999.916	515.018703747145
2000.001	527.760424537388
2000.086	498.622347166777
2000.165	465.522642349163
2000.250	467.551681515757
2000.332	410.008772741621
2000.416	375.946746975084
2000.498	340.03622996328
2000.583	374.159039645201
2000.668	399.029192140591
2000.750	452.729738638261
2000.834	400.798961385918
2000.916	431.419300293775
2001.001	459.453521963025
2001.086	507.593090181993
2001.163	549.658712864696
2001.248	408.481922392768
2001.330	466.52190799046
2001.415	479.859613279674
2001.497	497.835636324674
2001.582	446.835054214579
2001.667	452.701904842342
2001.749	427.328930915717
2001.834	470.134815570209
2001.916	487.349286220104
2002.001	424.296956580231
2002.086	501.56685800174
2002.163	464.639143550095
2002.248	455.073158744397
2002.330	457.146428676195
2002.415	468.038654150813
2002.497	434.093962045588
2002.582	389.019205140701
2002.667	424.060481309968
2002.749	442.64271927486
2002.834	409.041175277944
2002.916	419.329555556865
2003.001	461.261273458119
2003.086	440.410179829482
2003.163	462.025787532444
2003.248	443.216073446151
2003.330	426.245762633876
2003.415	374.863789944393
2003.497	415.54780727651
2003.582	433.316799966964
2003.667	455.352846573712
2003.749	422.329912049971
2003.834	313.292154957114
2003.916	440.600373047372
2004.001	431.499326892149
2004.086	515.236675261604
2004.165	563.626090145022
2004.250	585.75814224017
2004.332	604.000339551293
2004.416	601.193732859952
2004.498	558.67059749198
2004.583	578.198725361372
2004.668	605.817917030315
2004.750	688.555418366427
2004.834	597.797637889988
2004.916	633.697126014462
2005.001	495.180871575909
2005.086	590.948051097481
2005.163	620.120431251498
2005.248	645.782828614648
2005.330	568.990903042586
2005.415	614.973270152468
2005.497	593.925750679963
2005.582	568.110726362032
2005.667	498.622347166777
2005.749	640.575320800796
2005.834	687.330048676007
2005.916	695.345620072178
2006.001	711.677416912273
2006.086	767.86077726062
2006.163	800.722384174871
2006.248	805.258517846297
2006.330	810.395354725596
2006.415	799.835153490468
2006.497	770.401997323529
2006.582	774.940098313077
2006.667	779.759228032155
2006.749	817.131506828078
2006.834	820.108292788927
2006.916	751.559934289214
2007.001	840.200353813445
2007.086	829.677745506304
2007.163	846.374827393309
2007.248	887.675664048171
2007.330	884.7649609073
2007.415	880.482571705703
2007.497	869.933979791297
2007.582	861.063266769431
2007.667	869.839775312585
2007.749	862.982170831172
2007.834	862.654339930319
2007.916	900.976221914844
2008.001	893.900859404092
2008.086	884.526672148037
2008.165	888.918302194204
2008.250	872.008286704611
2008.332	855.603934413827
2008.416	848.409308588819
2008.498	865.983549413294
2008.583	894.140888970333
2008.668	906.19880950829
2008.750	926.999358699973
2008.834	949.866376815546
2008.916	954.825164383576
2009.001	971.932977230751
2009.086	998.039230276104
2009.163	994.275510716823
2009.248	1013.13114952566
2009.330	998.81370522702
2009.415	991.085964995572
2009.497	993.040080095299
2009.582	972.085252517108
2009.667	993.142995623665
2009.749	1012.08939060109
2009.834	1018.24534903985
2009.916	1028.73165385514
2010.001	1025.1064465031
2010.086	917.68272155825
2010.163	925.917352318179
2010.248	866.59410015083
2010.330	869.086396873799
2010.415	848.085408375878
2010.497	799.569125426484
2010.582	782.155351798456
2010.667	782.853434550167
2010.749	797.885793863023
2010.834	778.628421834418
2010.916	786.175658156909
2011.001	786.744980758405
2011.086	791.046645140217
2011.163	750.164137453467
2011.248	670.742342239612
2011.330	712.530219904955
2011.415	627.356059257984
2011.497	653.487153416779
2011.582	664.719871023489
2011.667	655.310615211599
2011.749	646.572531971764
2011.834	687.211555701893
2011.916	734.857098536897
2012.001	706.940602206034
2012.086	670.897333328434
2012.165	571.026432488526
2012.250	683.428273047057
2012.332	675.989027871498
2012.416	635.067961711276
2012.498	574.910697014151
2012.583	591.507613783726
2012.668	639.86614306151
2012.750	642.032989472152
2012.834	662.261613355436
2012.916	672.565285162594
2013.001	703.273419018404
2013.086	716.071713785894
2013.163	667.532696353179
2013.248	661.571537283898
2013.330	572.523017991692
2013.415	559.037648239474
2013.497	580.364993114669
2013.582	597.268429738245
2013.667	618.59438099059
2013.749	659.734142036271
2013.834	646.948854310339
2013.916	606.139132116096
2014.001	621.795342206014
2014.086	567.028996043682
2014.163	588.574796003183
2014.248	596.669127847773
2014.330	624.643833915746
2014.415	573.954630353436
2014.497	597.868228193184
2014.582	629.157255232203
2014.667	597.974126539346
2014.749	599.529080187224
2014.834	590.773277621588
2014.916	529.894034017652
2015.001	575.218286092729
2015.086	577.203819393334
2015.163	522.663317019641
2015.248	546.638450001866
2015.330	579.573352041482
2015.415	564.466795925973
2015.497	606.424774083975
2015.582	618.812200304292
2015.667	616.564418632629
2015.749	629.856807341403
2015.834	639.19487556022
2015.916	660.69060923934
2016.001	721.06089934694
2016.086	757.801510449726
2016.165	748.728103926327
2016.250	746.156930889782
2016.332	750.333220035587
2016.416	757.716328664238
2016.498	739.026863084448
2016.583	766.785890280858
2016.668	775.243348230216
2016.750	810.977545041059
2016.834	837.858857073362
2016.916	848.409308588819
2017.001	875.36275503662
2017.086	891.215558252218
2017.163	941.838296389761
2017.248	844.758975431263
2017.330	826.857533378222
2017.415	835.201670933238
2017.497	831.63777037312
2017.582	806.640875822436
2017.667	779.019716215815
2017.749	804.011430493255
2017.834	861.437450631368
2017.916	877.161800404652
2018.001	896.543622315083
2018.086	887.293555547148
2018.163	888.583627604613
2018.248	905.278527272496
2018.330	878.67878349395
2018.415	880.577579203868
2018.497	890.210005268656
2018.582	887.389072007408
2018.667	894.621081098336
2018.749	908.963478659391
2018.834	913.53526796705
2018.916	909.30339452109
2019.001	915.241504395914
2019.086	910.858395507583
2019.163	929.16591100244
2019.248	927.048560928331
2019.330	869.745577983174
2019.415	903.681657557828
2019.497	898.035541688994
2019.582	898.80623046553
2019.667	915.583010240955
2019.749	916.217463951677
2019.834	935.735362187807
2019.916	931.533280962095
2020.001	898.902598430142
2020.086	906.634955100301
2020.165	911.198792503345
2020.250	922.774515405552
2020.332	899.818447213358
2020.416	896.206972906389
2020.498	834.652664898679
2020.498	834.652664898679
