1980.001	696.448661104489
1980.086	714.607267830439
1980.165	683.152346689002
1980.250	721.24164009856
1980.332	722.97905990272
1980.416	799.209017114254
1980.498	811.250673153284
1980.583	789.344674342251
1980.668	789.024127514369
1980.750	832.876345156596
1980.834	878.567578500837
1980.916	882.194151843559
1981.001	874.935370252624
1981.086	921.208532568784
1981.163	927.662799978215
1981.248	942.367333753295
1981.330	982.777127539376
1981.415	899.011551148048
1981.497	890.347002462892
1981.582	888.355424731773
1981.667	844.728362393604
1981.749	957.074341923402
1981.834	922.76262432762
1981.916	849.639037785544
1982.001	776.564731578905
1982.086	882.886061450855
1982.163	792.672045827219
1982.248	761.995413940251
1982.330	747.325801626104
1982.415	898.072579884647
1982.497	1016.35494343904
1982.582	1010.89728380519
1982.667	1084.75300910675
1982.749	1044.1186946221
1982.834	985.14181439395
1982.916	1036.41686963806
1983.001	930.396123812921
1983.086	888.118530313679
1983.163	811.206119793381
1983.248	810.879446687392
1983.330	891.059001221652
1983.415	833.783991084131
1983.497	776.953791323623
1983.582	758.093010814064
1983.667	730.1106384337
1983.749	742.108772832804
1983.834	730.20717041936
1983.916	726.174468918135
1984.001	700.842507185721
1984.086	717.557956326568
1984.165	756.338017515895
1984.250	780.519308725572
1984.332	861.621036848805
1984.416	783.67570068164
1984.498	763.830878877992
1984.583	724.171005319809
1984.668	709.677541232134
1984.750	708.94832309178
1984.834	706.750478784128
1984.916	707.221988781329
1985.001	695.929154787178
1985.086	635.259700631505
1985.163	627.783734052703
1985.248	612.166578019423
1985.330	605.933776106775
1985.415	562.289197549302
1985.497	574.937817948431
1985.582	567.520926002393
1985.667	540.768001341039
1985.749	543.98582837264
1985.834	540.124198362076
1985.916	531.093443228032
1986.001	545.457830724304
1986.086	598.646591536384
1986.163	557.410978899235
1986.248	494.12148710887
1986.330	481.543392743412
1986.415	489.142358326842
1986.497	472.494304488102
1986.582	484.833349442563
1986.667	475.979645905264
1986.749	464.909661289063
1986.834	497.540934854771
1986.916	457.460728440436
1987.001	455.569967932003
1987.086	437.854404236457
1987.163	445.608958483828
1987.248	439.02323875406
1987.330	458.813265672081
1987.415	497.38873025368
1987.497	504.043471485752
1987.582	536.069152048912
1987.667	549.207862256751
1987.749	566.850577005113
1987.834	586.543862103828
1987.916	584.142425110842
1988.001	663.646312580687
1988.086	632.925416299556
1988.165	619.278202235829
1988.250	641.901118295253
1988.332	637.176761987069
1988.416	621.316676257603
1988.498	678.814596806561
1988.583	685.58571313481
1988.668	686.310383201562
1988.750	704.208291551209
1988.834	710.27212299716
1988.916	764.885188760212
1989.001	826.406332604093
1989.086	827.309155015215
1989.163	985.68282995416
1989.248	961.377350685424
1989.330	1035.29962647305
1989.415	1026.45873492113
1989.497	937.661737126816
1989.582	945.309998850411
1989.667	1007.66946011075
1989.749	1056.67617911661
1989.834	1109.60812218189
1989.916	1056.69385819641
1990.001	1026.54551592256
1990.086	1010.17559970704
1990.163	1037.70963888036
1990.248	1081.71805698722
1990.330	1117.51989549145
1990.415	1119.57207805431
1990.497	1028.85561027349
1990.582	1052.650241024
1990.667	982.169658868902
1990.749	940.266763530191
1990.834	853.107981028509
1990.916	846.867715699426
1991.001	807.484462233702
1991.086	794.149126474414
1991.163	989.085472048655
1991.248	961.577022589073
1991.330	957.290023415489
1991.415	1380.85722560696
1991.497	1351.05090004846
1991.582	1140.90942573162
1991.667	983.790115017645
1991.749	941.103341530732
1991.834	923.264835342772
1991.916	884.711925793641
1992.001	884.034802655451
1992.086	915.508858341461
1992.165	847.46433250411
1992.250	758.971587975796
1992.332	786.259542657443
1992.416	715.041837715649
1992.498	673.964045796515
1992.583	680.817107699668
1992.668	707.181564643807
1992.750	668.557562081801
1992.834	679.403115231716
1992.916	641.249618495602
1993.001	654.744815655235
1993.086	658.787832371921
1993.163	685.440847145408
1993.248	639.710587718349
1993.330	624.868958975507
1993.415	608.707057028225
1993.497	601.345774242712
1993.582	607.841585137869
1993.667	592.723538389063
1993.749	592.464522315411
1993.834	590.536533351165
1993.916	589.17587711518
1994.001	593.489343008089
1994.086	624.758478759284
1994.163	620.510427210371
1994.248	623.274607482305
1994.330	610.669978284202
1994.415	609.453102923211
1994.497	595.448683090319
1994.582	577.296999352136
1994.667	556.61628880676
1994.749	551.967950560096
1994.834	553.224353519375
1994.916	559.823196235456
1995.001	553.012932581789
1995.086	535.159548107211
1995.163	570.85961081744
1995.248	554.773122360402
1995.330	547.99224622939
1995.415	540.680667793523
1995.497	536.047479445912
1995.582	529.418707780973
1995.667	519.255191976789
1995.749	527.52404976656
1995.834	521.377862832852
1995.916	514.018205094131
1996.001	519.160324100226
1996.086	504.433781235065
1996.165	519.191945039202
1996.250	511.838622200044
1996.332	515.87047350662
1996.416	510.196332355063
1996.498	509.999156906759
1996.583	509.812421515762
1996.668	526.02960847556
1996.750	531.071943402117
1996.834	538.066238207507
1996.916	527.491987515185
1997.001	524.996328150544
1997.086	506.977390398863
1997.163	502.710247631037
1997.248	509.6983353328
1997.330	519.170864225824
1997.415	508.17590527376
1997.497	516.489200946418
1997.582	505.781397094938
1997.667	517.928422984603
1997.749	516.772564966123
1997.834	529.022163976039
1997.916	523.455021674484
1998.001	518.707275974025
1998.086	521.007699150567
1998.163	519.170864225824
1998.248	572.43767008506
1998.330	617.80448920196
1998.415	600.524296341767
1998.497	579.675621899547
1998.582	617.062583184729
1998.667	579.236248705521
1998.749	559.474853707303
1998.834	559.41868629401
1998.916	584.223896818977
1999.001	645.732617384015
1999.086	634.973767713287
1999.163	627.414193324422
1999.248	614.622876312132
1999.330	613.859750435323
1999.415	612.795041874027
1999.497	602.967531360526
1999.582	649.745988937649
1999.667	712.898014225312
1999.749	758.943235533402
1999.834	770.730897515604
1999.916	789.446685535228
2000.001	719.070705998465
2000.086	761.85326007524
2000.165	799.664766085421
2000.250	806.493028035874
2000.332	834.586306137523
2000.416	903.029415689922
2000.498	979.338016253511
2000.583	913.415711401108
2000.668	857.064383459296
2000.750	803.936946447222
2000.834	887.439666661875
2000.916	860.538321335288
2001.001	827.218842416307
2001.086	747.746534592669
2001.163	715.01467147601
2001.248	879.022313723699
2001.330	781.112262116703
2001.415	766.796956012875
2001.497	763.944808852755
2001.582	816.504893203842
2001.667	805.88674438678
2001.749	832.226280558764
2001.834	773.974491093953
2001.916	752.498447077833
2002.001	836.708160610302
2002.086	736.196214379996
2002.163	768.12575758916
2002.248	779.016644780243
2002.330	783.733699333222
2002.415	768.940985470217
2002.497	824.843038519138
2002.582	882.886061450855
2002.667	832.226280558764
2002.749	800.72397468112
2002.834	863.696224987422
2002.916	829.162049981541
2003.001	846.256097110164
2003.086	811.666585841285
2003.163	794.89570541681
2003.248	868.183271481166
2003.330	851.77145829642
2003.415	915.057759094422
2003.497	857.419061793045
2003.582	870.783267464158
2003.667	793.403034943289
2003.749	837.922297945903
2003.834	1034.39243158117
2003.916	864.874692767073
2004.001	889.003151269313
2004.086	797.314447235023
2004.165	748.097274231376
2004.250	730.455437688947
2004.332	697.301801941841
2004.416	692.34038972276
2004.498	715.463010281992
2004.583	724.774368358301
2004.668	676.060160433688
2004.750	620.180833327603
2004.834	661.899803662338
2004.916	682.9947282028
2005.001	792.072984335176
2005.086	698.382658784201
2005.163	686.494935184305
2005.248	665.653929127039
2005.330	712.491487582726
2005.415	687.101578873903
2005.497	685.704256718854
2005.582	710.474904247902
2005.667	778.222786111624
2005.749	653.854574187636
2005.834	637.176761987069
2005.916	631.33990618108
2006.001	580.578340962103
2006.086	567.759682208826
2006.163	518.096736680242
2006.248	509.439132880548
2006.330	486.948632922114
2006.415	491.545857451578
2006.497	505.688709920025
2006.582	497.642428013058
2006.667	489.79224020422
2006.749	492.932757053391
2006.834	498.43471778321
2006.916	547.021385982287
2007.001	487.745301845825
2007.086	493.26493568978
2007.163	489.832258795479
2007.248	470.12959413641
2007.330	467.335511819012
2007.415	457.892366559365
2007.497	457.488866665639
2007.582	469.263749989161
2007.667	446.615411173444
2007.749	459.500411160159
2007.834	466.350343509454
2007.916	470.293312909996
2008.001	468.735370243062
2008.086	467.603668243587
2008.165	458.95437843415
2008.250	480.156610153556
2008.332	462.894192154036
2008.416	456.710997915749
2008.498	458.127118805561
2008.583	446.871961175622
2008.668	431.783257525759
2008.750	442.639516397181
2008.834	441.27989864726
2008.916	450.7748180321
2009.001	443.275447612737
2009.086	442.294681126527
2009.163	442.703068198403
2009.248	441.488099680269
2009.330	401.517617213525
2009.415	410.400071870386
2009.497	407.176914759832
2009.582	406.578793856061
2009.667	399.82724826944
2009.749	417.297154384721
2009.834	439.347475937763
2009.916	424.249180407644
2010.001	433.423943512722
2010.086	461.558378616451
2010.163	479.038105445535
2010.248	504.341314997442
2010.330	464.823927735887
2010.415	473.51119514276
2010.497	485.706238711875
2010.582	355.143395790399
2010.667	337.494652597475
2010.749	358.589008096817
2010.834	371.504519137985
2010.916	363.099659831691
2011.001	361.357184304596
2011.086	349.768014435568
2011.163	374.687275590479
2011.248	430.881405972755
2011.330	372.506749219456
2011.415	422.800518814289
2011.497	413.118626905764
2011.582	399.395739634768
2011.667	390.820546778239
2011.749	441.52431867484
2011.834	400.961441309277
2011.916	337.383195143802
2012.001	364.853019378081
2012.086	392.403671958345
2012.165	435.767417929625
2012.250	378.506734711509
2012.332	384.079785357875
2012.416	399.729502102338
2012.498	453.575226289953
2012.583	451.904051201349
2012.668	418.837217527217
2012.750	425.711789882853
2012.834	413.405927886671
2012.916	410.559445679172
2013.001	395.753195369548
2013.086	394.250676944809
2013.163	414.006578445424
2013.248	410.911985728999
2013.330	468.485788052397
2013.415	472.54268100416
2013.497	451.533503492157
2013.582	455.000498878624
2013.667	444.167293940276
2013.749	410.911985728999
2013.834	423.381090606465
2013.916	441.379460686361
2014.001	443.712045431216
2014.086	475.638786865425
2014.163	454.972510193672
2014.248	441.877611001612
2014.330	443.257265406656
2014.415	464.928715251101
2014.497	450.192781465678
2014.582	422.480265086669
2014.667	453.984659232703
2014.749	453.259094772916
2014.834	453.277684747904
2014.916	492.731535986416
2015.001	469.696482326562
2015.086	468.341855950606
2015.163	501.860691945136
2015.248	473.51119514276
2015.330	463.20736737256
2015.415	472.117128446735
2015.497	435.946159236354
2015.582	438.726234683509
2015.667	442.639516397181
2015.749	424.466495660753
2015.834	415.227700153005
2015.916	384.040907833539
2016.001	392.300025161344
2016.086	360.680497062524
2016.165	364.612289665667
2016.250	365.532537416975
2016.332	367.610288215707
2016.416	362.961891028892
2016.498	365.415515653121
2016.583	355.79931682721
2016.668	353.367210492935
2016.750	344.801439566014
2016.834	332.982160554736
2016.916	327.655296478337
2017.001	324.136237258115
2017.086	316.529720166093
2017.163	306.598430927507
2017.248	315.701546287366
2017.330	323.809787959111
2017.415	315.90824542094
2017.497	327.950214678223
2017.582	342.392120630732
2017.667	358.631823113601
2017.749	333.027158870608
2017.834	316.594946601402
2017.916	314.59520480443
2018.001	312.704074376249
2018.086	343.903553511999
2018.163	327.573796442803
2018.248	307.870162001728
2018.330	311.783215269917
2018.415	303.081918663066
2018.497	305.29733055512
2018.582	305.280644527215
2018.667	304.232824842341
2018.749	300.961597380572
2018.834	307.036265324959
2018.916	306.48074723174
2019.001	308.997885017799
2019.086	304.764214188099
2019.163	301.56373349129
2019.248	295.301695252911
2019.330	313.070253523602
2019.415	301.216274073664
2019.497	301.612656530757
2019.582	304.02847961444
2019.667	296.858718606045
2019.749	294.267685440102
2019.834	255.906169235517
2019.916	293.133195994122
