1980.001	714.816053445968
1980.086	733.814252908111
1980.165	695.698355507828
1980.250	743.886195384772
1980.332	742.4740094373
1980.416	828.137064473236
1980.498	827.887752447972
1980.583	817.773401652837
1980.668	819.690208038326
1980.750	877.149809939712
1980.834	928.906181121872
1980.916	933.773379639247
1981.001	834.042487930688
1981.086	880.073152328532
1981.163	895.053707883087
1981.248	927.624647040148
1981.330	968.324899369807
1981.415	880.138191729999
1981.497	870.064381788692
1981.582	866.584830627211
1981.667	823.316084561152
1981.749	920.765287287699
1981.834	907.316043898156
1981.916	845.625806899007
1982.001	784.2052135637
1982.086	889.178169730556
1982.163	791.574332473125
1982.248	768.906744948048
1982.330	741.840613955151
1982.415	889.309176639412
1982.497	1011.30513670332
1982.582	1028.07055050235
1982.667	1107.28436332223
1982.749	1020.14998203731
1982.834	983.074998979397
1982.916	1040.53582660629
1983.001	954.307047076691
1983.086	880.756231362813
1983.163	818.638661704492
1983.248	815.273986078032
1983.330	904.264613883925
1983.415	847.144947991872
1983.497	789.9157106932
1983.582	787.657993467325
1983.667	767.282715830293
1983.749	752.721067938767
1983.834	738.622273446607
1983.916	737.790647343997
1984.001	713.137983142207
1984.086	724.522850371013
1984.165	766.781250337488
1984.250	798.112445950773
1984.332	865.812909642716
1984.416	809.769869285357
1984.498	792.691542969151
1984.583	752.401093237997
1984.668	740.000289405007
1984.750	740.000289405007
1984.834	748.88798925619
1984.916	736.301200882323
1985.001	728.120913842512
1985.086	686.721721029037
1985.163	678.910471383872
1985.248	667.442849050132
1985.330	657.596111821907
1985.415	627.129062181516
1985.497	637.326511738686
1985.582	636.558998749267
1985.667	602.9395473437
1985.749	586.237175507852
1985.834	559.248587357906
1985.916	576.796577108812
1986.001	584.043262329076
1986.086	631.766231705908
1986.163	590.237526010228
1986.248	540.747205049316
1986.330	533.801282923917
1986.415	530.315241060947
1986.497	527.959311275507
1986.582	525.114628054325
1986.667	518.375370203892
1986.749	506.834625951677
1986.834	539.991154381756
1986.916	501.955044515597
1987.001	473.806785205711
1987.086	466.823795940132
1987.163	463.918568963732
1987.248	470.506224187892
1987.330	484.371276198573
1987.415	522.090228375325
1987.497	539.369243702325
1987.582	560.373130078125
1987.667	579.865754289492
1987.749	578.305806501324
1987.834	596.657063826751
1987.916	593.053934238277
1988.001	665.904151145373
1988.086	638.889421446325
1988.165	628.494521043396
1988.250	641.792794241491
1988.332	635.204881785492
1988.416	645.844247453124
1988.498	694.520022099598
1988.583	692.960406954227
1988.668	695.396775534924
1988.750	706.178134350707
1988.834	716.8897820133
1988.916	793.295912874192
1989.001	831.883109007077
1989.086	841.71019597
1989.163	990.875514350813
1989.248	958.884058121332
1989.330	1018.96535603377
1989.415	993.696521166332
1989.497	896.798487002573
1989.582	940.051596112532
1989.667	978.665847117652
1989.749	1047.57236816733
1989.834	1128.00757380453
1989.916	1071.1639361893
1990.001	1008.66510607825
1990.086	995.533019578132
1990.163	1036.64803888713
1990.248	1102.33066878176
1990.330	1114.98879174292
1990.415	1121.77249816492
1990.497	1031.72024456968
1990.582	1049.03458033349
1990.667	988.622527391324
1990.749	932.656462277236
1990.834	888.817969096147
1990.916	880.788768051199
1991.001	812.318756113487
1991.086	794.7477530292
1991.163	1007.70298154709
1991.248	979.294920491693
1991.330	961.022711653677
1991.415	1363.55223979084
1991.497	1333.95873941331
1991.582	1126.97324843345
1991.667	977.303775869492
1991.749	941.889503978324
1991.834	932.115251423636
1991.916	878.675606931323
1992.001	887.476286453124
1992.086	910.141533529551
1992.165	838.310206688511
1992.250	752.3138448125
1992.332	776.022752238288
1992.416	710.069268945748
1992.498	675.285334164317
1992.583	689.359003397268
1992.668	704.9031637312
1992.750	660.040407207812
1992.834	676.760418855231
1992.916	636.380019697317
1993.001	646.439487784531
1993.086	644.655081883252
1993.163	680.418663714046
1993.248	638.684274004197
1993.330	623.097444908237
1993.415	609.721409719028
1993.497	604.996910051828
1993.582	601.693286953613
1993.667	585.258586960052
1993.749	584.1146923493
1993.834	574.046291455567
1993.916	579.227157538046
1994.001	574.961792938996
1994.086	616.915288224768
1994.163	614.526149836799
1994.248	622.695449942637
1994.330	595.470111784077
1994.415	592.860998018325
1994.497	579.865754289492
1994.582	559.615566213011
1994.667	548.045022865037
1994.749	560.924652423933
1994.834	563.735604447852
1994.916	568.928809153324
1995.001	550.685653632499
1995.086	543.646820593076
1995.163	555.567669875925
1995.248	545.729753795699
1995.330	538.614939862692
1995.415	537.485280236799
1995.497	535.827931527923
1995.582	532.636941246799
1995.667	537.396770635088
1995.749	547.594768262677
1995.834	545.057056769999
1995.916	527.611106677299
1996.001	524.984677801493
1996.086	516.175412494452
1996.165	497.182527395071
1996.250	489.731671140516
1996.332	489.691148651325
1996.416	487.850881893268
1996.498	486.923248284992
1996.583	494.638895671631
1996.668	496.360608873792
1996.750	506.667053540653
1996.834	509.186208341534
1996.916	505.182172386611
1997.001	489.934333306436
1997.086	483.590282122931
1997.163	481.254862301925
1997.248	486.580870919533
1997.330	481.374351475173
1997.415	484.311154983252
1997.497	485.213756302435
1997.582	474.4344084948
1997.667	476.085956889407
1997.749	488.113357010756
1997.834	504.952494105197
1997.916	494.8844967168
1998.001	492.189448254671
1998.086	488.598294386133
1998.163	486.460089027324
1998.248	540.613714735332
1998.330	582.639987561471
1998.415	571.751363383348
1998.497	543.467978324453
1998.582	574.914813484332
1998.667	544.250804794367
1998.749	524.573365475699
1998.834	542.217567413556
1998.916	560.281256092452
1999.001	594.865290523252
1999.086	595.324907447516
1999.163	589.181299076531
1999.248	569.534285006852
1999.330	578.116967206077
1999.415	558.767249547324
1999.497	541.949960314093
1999.582	597.409020215918
1999.667	648.746939138277
1999.749	673.8662605588
1999.834	684.471267488148
1999.916	725.569725354291
2000.001	696.356696215699
2000.086	720.515645464893
2000.165	759.346566972973
2000.250	749.496831418196
2000.332	809.647175553811
2000.416	866.681354311247
2000.498	922.342572612557
2000.583	875.366627229997
2000.668	841.804778089597
2000.750	782.797232160637
2000.834	854.163958456116
2000.916	828.760576562878
2001.001	790.669318934325
2001.086	721.445406953472
2001.163	691.430775377299
2001.248	832.008182667372
2001.330	757.094365454867
2001.415	735.929189378292
2001.497	721.586358629556
2001.582	770.770076634453
2001.667	770.799679845199
2001.749	814.010922293092
2001.834	771.984487781199
2001.916	746.398448332628
2002.001	832.539893640512
2002.086	744.838380575311
2002.163	776.558376947508
2002.248	774.9523082832
2002.330	769.852788119631
2002.415	745.560333775235
2002.497	794.868825890047
2002.582	859.430785001811
2002.667	809.340499231573
2002.749	786.455783545323
2002.834	836.111672521172
2002.916	821.672188069173
2003.001	794.354357799036
2003.086	795.353249919999
2003.163	776.915609246867
2003.248	788.410047959699
2003.330	813.426072390911
2003.415	875.5934385408
2003.497	824.837984229693
2003.582	799.6010092148
2003.667	774.387784729332
2003.749	818.731406671567
2003.834	999.425303478693
2003.916	799.084343501556
2004.001	822.261241793971
2004.086	738.909202658068
2004.165	683.199445852876
2004.250	655.211319519924
2004.332	629.355494085211
2004.416	630.471116483125
2004.498	667.788112044351
2004.583	651.607915055196
2004.668	634.694499178172
2004.750	576.302100798799
2004.834	642.3592832308
2004.916	622.695449942637
2005.001	721.699134886413
2005.086	642.848846486972
2005.163	623.876913837266
2005.248	601.546809786077
2005.330	661.199345634876
2005.415	612.218954754596
2005.497	629.228820324308
2005.582	651.529755438387
2005.667	728.1776831573
2005.749	601.546809786077
2005.834	572.172284144848
2005.916	572.921250653647
2006.001	563.181655767997
2006.086	535.144255559827
2006.163	508.555300942213
2006.248	505.391057834192
2006.330	495.868094176512
2006.415	497.018037621567
2006.497	503.077074453317
2006.582	501.457140174653
2006.667	503.056274161487
2006.749	485.294068740077
2006.834	491.395947123092
2006.916	520.347814107507
2007.001	474.886036865078
2007.086	483.830453748468
2007.163	471.382759818047
2007.248	451.684267380732
2007.330	451.628347502031
2007.415	450.399997043091
2007.497	453.384047905812
2007.582	455.767740301611
2007.667	451.2929848477
2007.749	449.917092492286
2007.834	452.729474072717
2007.916	445.394155403093
2008.001	453.215631966236
2008.086	458.278375721332
2008.165	457.956650369924
2008.250	455.071899008592
2008.332	457.843157423852
2008.416	456.408162230196
2008.498	451.404742567167
2008.583	450.084188366924
2008.668	442.959676874772
2008.750	437.072436644796
2008.834	429.452927023125
2008.916	429.929111039231
2009.001	425.403601636788
2009.086	425.822252361491
2009.163	413.504076999999
2009.248	402.688311831632
2009.330	400.703627648307
2009.415	403.99643970427
2009.497	406.463473953971
2009.582	406.843401169933
2009.667	402.720950392501
2009.749	397.460678858124
2009.834	398.570156190386
2009.916	396.019463616925
2010.001	404.931716339924
2010.086	431.503032221772
2010.163	450.214198230272
2010.248	467.654568597311
2010.330	458.278375721332
2010.415	464.571077814591
2010.497	467.847991137332
2010.582	474.925329613923
2010.667	474.944977231347
2010.749	466.49577355579
2010.834	475.908725600924
2010.916	489.650629476797
2011.001	481.533716778132
2011.086	491.070772810357
2011.163	498.335440779072
2011.248	542.619201802572
2011.330	515.578885511932
2011.415	577.763036472372
2011.497	556.594334925299
2011.582	550.663036076133
2011.667	553.428494336653
2011.749	566.744454743732
2011.834	537.485280236799
2011.916	505.997294242796
2012.001	538.881055363356
2012.086	566.419751835077
2012.165	631.080313982533
2012.250	548.675936171892
2012.332	541.2591942797
2012.416	574.468673983891
2012.498	650.3842712325
2012.583	636.738018405853
2012.668	598.186068558124
2012.750	600.7417186112
2012.834	590.477801325887
2012.916	573.06177634197
2013.001	565.562390279999
2013.086	564.382481176532
2013.163	585.902866702925
2013.248	582.663747848253
2013.330	656.442168593492
2013.415	659.698300602388
2013.497	650.748569459967
2013.582	634.592462432676
2013.667	618.2625346653
2013.749	590.597970058693
2013.834	602.964005367252
2013.916	625.413032773125
2014.001	613.508115958732
2014.086	661.9113066733
2014.163	643.235555104307
2014.248	630.623371110012
2014.330	609.721409719028
2014.415	645.482141875893
2014.497	627.685068545924
2014.582	602.670563776572
2014.667	631.334287147171
2014.749	630.217425064925
2014.834	638.222886167252
2014.916	693.726197253908
2015.001	670.528607756925
2015.086	664.685786700325
2015.163	701.392239461597
2015.248	676.626216663716
2015.330	644.784254072149
2015.415	651.868500974516
2015.497	620.688657192076
2015.582	616.915288224768
2015.667	616.267475825299
2015.749	610.338826703052
2015.834	600.059318628432
2015.916	584.495778414387
2016.001	545.640017768307
2016.086	525.721457012556
2016.165	529.725352468316
2016.250	525.266274386931
2016.332	523.168506619325
2016.416	511.992213470291
2016.498	522.542852909007
2016.583	506.4785979712
2016.668	504.848128033012
2016.750	486.782240366491
2016.834	473.238734555052
2016.916	474.316664492148
2017.001	461.794988169676
2017.086	456.464716038388
2017.163	450.604471448117
2017.248	462.635546490213
2017.330	457.540655412877
2017.415	452.169218736558
2017.497	472.358656377748
2017.582	495.4990213893
2017.667	510.091809538511
2017.749	485.796321866751
2017.834	462.578184732672
2017.916	458.070173147973
2018.001	457.219479467027
2018.086	450.864856616516
2018.163	448.305292880013
2018.248	443.653746426448
2018.330	446.736603680846
2018.415	434.509779765299
2018.497	436.210354767325
2018.582	436.174476122396
2018.667	433.190302991167
2018.749	430.052664765773
2018.834	433.813814279251
2018.916	437.306245719347
2019.001	436.856737183572
2019.086	439.941719805952
2019.163	426.853464381757
2019.248	427.308812473396
2019.330	444.532176226767
2019.415	431.042556344925
2019.497	431.024856921266
2019.582	432.763339089151
2019.667	425.229304708047
2019.749	421.364011525494
2019.834	425.055090645907
2019.916	424.028914428925
2020.001	418.496360435187
2020.086	409.831884327013
2020.165	412.460427692052
2020.250	404.324300338431
2020.332	410.533060304558
2020.416	417.147859072925
2020.498	419.283946174798
2020.583	420.279488320532
2020.668	421.122722136397
2020.750	423.144205157968
2020.834	423.022942692916
2020.916	434.599097262924
