2015.007	102.0	0.0	7.3
2015.010	105.0	0.0	9.1
2015.012	88.0	0.0	8.2
2015.015	89.0	0.0	6.9
2015.018	103.0	0.0	9.7
2015.021	99.0	0.0	5.7
2015.023	111.0	0.0	8.8
2015.026	106.0	0.0	5.4
2015.029	122.0	0.0	8.0
2015.032	124.0	0.0	12.0
2015.034	101.0	0.0	7.3
2015.037	80.0	0.0	6.1
2015.040	59.0	0.0	4.9
2015.042	52.0	0.0	4.6
2015.045	40.0	0.0	3.0
2015.048	68.0	0.0	4.4
2015.051	66.0	0.0	3.6
2015.053	56.0	0.0	5.2
2015.056	43.0	0.0	3.9
2015.059	50.0	0.0	2.2
2015.062	60.0	0.0	4.5
2015.064	59.0	0.0	4.4
2015.067	62.0	0.0	5.6
2015.070	109.0	0.0	7.0
2015.073	126.0	0.0	8.4
2015.075	141.0	0.0	6.3
2015.078	146.0	0.0	12.2
2015.081	153.0	0.0	6.9
2015.084	138.0	0.0	10.6
2015.086	113.0	0.0	7.3
2015.089	93.0	0.0	6.5
2015.092	89.0	0.0	4.9
2015.095	96.0	0.0	6.3
2015.097	93.0	0.0	7.9
2015.100	89.0	0.0	4.4
2015.103	76.0	0.0	4.9
2015.106	84.0	0.0	5.8
2015.108	88.0	0.0	4.8
2015.111	84.0	0.0	6.0
2015.114	60.0	0.0	5.3
2015.117	51.0	0.0	3.1
2015.119	62.0	0.0	3.6
2015.122	53.0	0.0	3.7
2015.125	65.0	0.0	5.9
2015.127	41.0	0.0	2.3
2015.130	39.0	0.0	3.3
2015.133	87.0	0.0	4.1
2015.136	89.0	0.0	8.1
2015.138	64.0	0.0	4.7
2015.141	58.0	0.0	4.8
2015.144	43.0	0.0	3.2
2015.147	46.0	0.0	3.4
2015.149	44.0	0.0	3.4
2015.152	21.0	0.0	1.7
2015.155	22.0	0.0	1.4
2015.158	58.0	0.0	4.8
2015.160	60.0	0.0	4.3
2015.163	65.0	0.0	5.4
2015.166	52.0	0.0	3.9
2015.169	42.0	0.0	1.9
2015.172	37.0	0.0	3.2
2015.174	26.0	0.0	2.5
2015.177	35.0	0.0	1.9
2015.180	17.0	0.0	1.3
2015.183	28.0	0.0	1.9
2015.185	23.0	0.0	2.1
2015.188	27.0	0.0	1.6
2015.191	44.0	0.0	3.5
2015.194	56.0	0.0	4.0
2015.196	76.0	0.0	5.8
2015.199	55.0	0.0	4.7
2015.202	53.0	0.0	4.5
2015.204	46.0	0.0	4.4
2015.207	38.0	0.0	3.3
2015.210	41.0	0.0	2.3
2015.213	49.0	0.0	3.3
2015.215	20.0	0.0	1.5
2015.218	26.0	0.0	2.0
2015.221	81.0	0.0	6.7
2015.224	99.0	0.0	8.2
2015.226	108.0	0.0	5.9
2015.229	99.0	0.0	6.7
2015.232	105.0	0.0	8.9
2015.235	101.0	0.0	7.7
2015.237	81.0	0.0	3.9
2015.240	72.0	0.0	6.8
2015.243	51.0	0.0	2.7
2015.246	38.0	0.0	2.0
2015.248	43.0	0.0	3.2
2015.251	35.0	0.0	3.0
2015.254	35.0	0.0	2.0
2015.257	54.0	0.0	3.9
2015.259	55.0	0.0	4.3
2015.262	53.0	0.0	3.5
2015.265	51.0	0.0	4.8
2015.268	43.0	0.0	3.0
2015.270	47.0	0.0	4.1
2015.273	41.0	0.0	3.4
2015.276	59.0	0.0	1.2
2015.279	86.0	0.0	7.7
2015.281	103.0	0.0	10.2
2015.284	105.0	0.0	8.1
2015.287	96.0	0.0	8.3
2015.289	100.0	0.0	9.8
2015.292	117.0	0.0	8.5
2015.295	140.0	0.0	13.2
2015.298	137.0	0.0	13.3
2015.300	128.0	0.0	11.9
2015.303	127.0	0.0	10.2
2015.306	138.0	0.0	12.0
2015.309	117.0	0.0	10.1
2015.311	83.0	0.0	6.2
2015.314	69.0	0.0	6.2
2015.317	65.0	0.0	5.3
2015.320	47.0	0.0	4.5
2015.322	41.0	0.0	4.0
2015.325	30.0	0.0	2.1
2015.328	15.0	0.0	0.9
2015.330	19.0	0.0	0.9
2015.333	34.0	0.0	2.2
2015.336	44.0	0.0	3.8
2015.339	103.0	0.0	6.3
2015.341	104.0	0.0	5.5
2015.344	124.0	0.0	10.7
2015.347	145.0	0.0	12.9
2015.350	150.0	0.0	10.1
2015.352	139.0	0.0	10.6
2015.355	163.0	0.0	11.4
2015.358	163.0	0.0	10.8
2015.361	165.0	0.0	14.6
2015.363	172.0	0.0	13.6
2015.366	164.0	0.0	12.4
2015.369	124.0	0.0	9.8
2015.371	103.0	0.0	7.4
2015.374	89.0	0.0	5.2
2015.377	101.0	0.0	6.7
2015.380	77.0	0.0	7.2
2015.382	59.0	0.0	3.7
2015.385	50.0	0.0	3.9
2015.388	73.0	0.0	3.8
2015.391	72.0	0.0	5.9
2015.393	78.0	0.0	4.7
2015.396	67.0	0.0	3.1
2015.399	53.0	0.0	5.0
2015.402	14.0	0.0	1.2
2015.404	12.0	0.0	0.9
2015.407	33.0	0.0	2.6
2015.410	31.0	0.0	3.0
2015.413	29.0	0.0	1.4
2015.415	27.0	0.0	1.8
2015.418	44.0	0.0	3.7
2015.421	49.0	0.0	4.0
2015.424	80.0	0.0	6.8
2015.426	90.0	0.0	5.7
2015.429	109.0	0.0	10.0
2015.432	124.0	0.0	9.6
2015.435	112.0	0.0	10.6
2015.437	92.0	0.0	5.5
2015.440	93.0	0.0	8.1
2015.443	95.0	0.0	5.8
2015.446	98.0	0.0	8.4
2015.448	97.0	0.0	8.7
2015.451	90.0	0.0	6.9
2015.454	54.0	0.0	4.3
2015.456	70.0	0.0	4.3
2015.459	80.0	0.0	7.9
2015.462	77.0	0.0	5.2
2015.465	68.0	0.0	5.0
2015.467	64.0	0.0	6.1
2015.470	61.0	0.0	5.8
2015.473	56.0	0.0	4.3
2015.476	45.0	0.0	1.9
2015.478	36.0	0.0	2.2
2015.481	27.0	0.0	1.9
2015.484	23.0	0.0	1.6
2015.487	21.0	0.0	1.1
2015.489	32.0	0.0	2.6
2015.492	39.0	0.0	2.9
2015.495	41.0	0.0	2.8
2015.497	54.0	0.0	4.0
2015.500	75.0	0.0	6.7
2015.503	88.0	0.0	6.2
2015.506	99.0	0.0	6.6
2015.508	109.0	0.0	5.2
2015.511	97.0	0.0	8.1
2015.514	112.0	0.0	11.0
2015.517	123.0	0.0	8.9
2015.519	110.0	0.0	8.3
2015.522	103.0	0.0	7.5
2015.525	92.0	0.0	5.5
2015.528	71.0	0.0	6.1
2015.530	53.0	0.0	5.1
2015.533	43.0	0.0	2.8
2015.536	43.0	0.0	2.7
2015.538	50.0	0.0	4.0
2015.541	50.0	0.0	3.4
2015.544	58.0	0.0	5.2
2015.547	44.0	0.0	3.4
2015.549	36.0	0.0	2.1
2015.552	36.0	0.0	2.7
2015.555	36.0	0.0	3.4
2015.558	29.0	0.0	1.8
2015.560	31.0	0.0	1.8
2015.563	34.0	0.0	2.5
2015.566	40.0	0.0	3.2
2015.569	51.0	0.0	3.9
2015.571	62.0	0.0	3.9
2015.574	67.0	0.0	6.5
2015.577	76.0	0.0	5.0
2015.580	69.0	0.0	2.7
2015.582	64.0	0.0	6.2
2015.585	53.0	0.0	4.0
2015.588	61.0	0.0	3.8
2015.591	90.0	0.0	6.2
2015.593	94.0	0.0	6.3
2015.596	108.0	0.0	7.0
2015.599	112.0	0.0	6.5
2015.602	93.0	0.0	4.8
2015.604	76.0	0.0	5.5
2015.607	69.0	0.0	4.6
2015.610	78.0	0.0	7.6
2015.613	66.0	0.0	4.7
2015.615	55.0	0.0	5.1
2015.618	46.0	0.0	3.0
2015.621	39.0	0.0	3.9
2015.623	38.0	0.0	2.2
2015.626	33.0	0.0	1.4
2015.629	39.0	0.0	2.6
2015.632	50.0	0.0	4.8
2015.634	65.0	0.0	5.6
2015.637	73.0	0.0	6.2
2015.640	71.0	0.0	5.6
2015.643	81.0	0.0	6.1
2015.645	81.0	0.0	4.8
2015.648	69.0	0.0	4.3
2015.651	47.0	0.0	4.2
2015.654	55.0	0.0	3.1
2015.656	44.0	0.0	2.2
2015.659	56.0	0.0	3.1
2015.662	56.0	0.0	3.7
2015.665	35.0	0.0	2.7
2015.667	43.0	0.0	3.4
2015.670	36.0	0.0	3.5
2015.673	29.0	0.0	2.2
2015.676	37.0	0.0	2.4
2015.678	27.0	0.0	1.9
2015.681	43.0	0.0	3.3
2015.684	44.0	0.0	3.2
2015.687	42.0	0.0	2.7
2015.689	57.0	0.0	5.4
2015.692	46.0	0.0	3.5
2015.695	81.0	0.0	6.1
2015.698	89.0	0.0	7.8
2015.700	83.0	0.0	7.8
2015.703	56.0	0.0	4.2
2015.706	68.0	0.0	4.4
2015.708	86.0	0.0	5.3
2015.711	75.0	0.0	4.7
2015.714	71.0	0.0	6.2
2015.717	64.0	0.0	5.0
2015.719	65.0	0.0	3.6
2015.722	78.0	0.0	7.0
2015.725	86.0	0.0	5.3
2015.728	96.0	0.0	8.1
2015.730	101.0	0.0	8.7
2015.733	152.0	0.0	10.1
2015.736	162.0	0.0	8.7
2015.739	169.0	0.0	8.9
2015.741	156.0	0.0	8.6
2015.744	120.0	0.0	9.7
2015.747	95.0	0.0	6.8
2015.749	93.0	0.0	6.2
2015.752	62.0	0.0	4.2
2015.755	51.0	0.0	3.0
2015.758	22.0	0.0	1.5
2015.760	20.0	0.0	1.7
2015.763	26.0	0.0	1.5
2015.766	33.0	0.0	1.9
2015.769	37.0	0.0	3.2
2015.771	26.0	0.0	1.9
2015.774	13.0	0.0	1.1
2015.777	30.0	0.0	2.8
2015.780	53.0	0.0	4.9
2015.782	65.0	0.0	4.2
2015.785	57.0	0.0	3.1
2015.788	55.0	0.0	3.7
2015.790	59.0	0.0	2.9
2015.793	79.0	0.0	6.5
2015.796	75.0	0.0	7.5
2015.799	94.0	0.0	6.1
2015.801	95.0	0.0	5.9
2015.804	89.0	0.0	6.1
2015.807	107.0	0.0	7.2
2015.810	94.0	0.0	9.1
2015.812	78.0	0.0	6.2
2015.815	67.0	0.0	4.9
2015.818	78.0	0.0	5.8
2015.821	67.0	0.0	5.7
2015.823	81.0	0.0	6.2
2015.826	93.0	0.0	6.9
2015.829	88.0	0.0	6.7
2015.832	86.0	0.0	6.2
2015.834	85.0	0.0	4.8
2015.837	101.0	0.0	7.0
2015.840	82.0	0.0	6.3
2015.843	100.0	0.0	4.9
2015.845	82.0	0.0	5.6
2015.848	78.0	0.0	5.0
2015.851	82.0	0.0	8.2
2015.854	75.0	0.0	7.5
2015.856	66.0	0.0	4.7
2015.859	71.0	0.0	5.3
2015.862	61.0	0.0	5.6
2015.865	60.0	0.0	5.8
2015.867	49.0	0.0	4.2
2015.870	39.0	0.0	2.8
2015.873	56.0	0.0	3.4
2015.875	38.0	0.0	2.8
2015.878	34.0	0.0	1.8
2015.881	30.0	0.0	1.8
2015.884	41.0	0.0	2.8
2015.886	55.0	0.0	4.6
2015.889	58.0	0.0	5.7
2015.892	71.0	0.0	4.4
2015.895	56.0	0.0	3.6
2015.897	59.0	0.0	3.7
2015.900	61.0	0.0	4.7
2015.903	65.0	0.0	6.0
2015.906	61.0	0.0	5.3
2015.908	51.0	0.0	3.2
2015.911	51.0	0.0	3.8
2015.914	47.0	0.0	2.6
2015.916	32.0	0.0	2.5
2015.919	49.0	0.0	2.5
2015.922	36.0	0.0	2.6
2015.925	33.0	0.0	2.4
2015.927	50.0	0.0	4.1
2015.930	54.0	0.0	4.8
2015.933	61.0	0.0	5.8
2015.936	60.0	0.0	5.3
2015.938	78.0	0.0	7.3
2015.941	82.0	0.0	5.9
2015.944	83.0	0.0	8.0
2015.947	83.0	0.0	8.3
2015.949	81.0	0.0	6.2
2015.952	86.0	0.0	8.3
2015.955	65.0	0.0	5.6
2015.957	63.0	0.0	3.8
2015.960	56.0	0.0	4.8
2015.963	54.0	0.0	3.5
2015.966	49.0	0.0	3.3
2015.968	22.0	0.0	1.9
2015.971	18.0	0.0	1.4
2015.974	72.0	0.0	4.4
2015.977	68.0	0.0	6.5
2015.979	69.0	0.0	6.0
2015.982	76.0	0.0	6.1
2015.985	65.0	0.0	5.9
2015.988	67.0	0.0	4.5
2015.990	71.0	0.0	7.0
2015.993	57.0	0.0	3.4
2015.996	37.0	0.0	2.7
2015.999	22.0	0.0	2.1
2016.001	37.0	0.0	2.5
2016.004	40.0	0.0	3.7
2016.007	51.0	0.0	4.6
2016.010	70.0	0.0	5.8
2016.012	35.0	0.0	3.1
2016.015	31.0	0.0	2.0
2016.018	61.0	0.0	5.3
2016.021	86.0	0.0	7.2
2016.023	97.0	0.0	6.8
2016.026	90.0	0.0	6.5
2016.029	47.0	0.0	3.8
2016.032	40.0	0.0	1.9
2016.034	38.0	0.0	2.7
2016.037	41.0	0.0	2.3
2016.040	45.0	0.0	3.1
2016.042	44.0	0.0	3.3
2016.045	58.0	0.0	4.3
2016.048	54.0	0.0	4.6
2016.051	66.0	0.0	4.3
2016.053	62.0	0.0	4.2
2016.056	64.0	0.0	5.4
2016.059	67.0	0.0	4.1
2016.062	63.0	0.0	5.3
2016.064	48.0	0.0	4.3
2016.067	67.0	0.0	6.0
2016.070	69.0	0.0	4.0
2016.073	83.0	0.0	5.2
2016.075	77.0	0.0	4.5
2016.078	64.0	0.0	3.9
2016.081	36.0	0.0	2.3
2016.084	35.0	0.0	1.4
2016.086	44.0	0.0	3.4
2016.089	52.0	0.0	3.5
2016.092	83.0	0.0	7.7
2016.095	108.0	0.0	10.7
2016.097	103.0	0.0	7.5
2016.100	79.0	0.0	7.2
2016.103	89.0	0.0	8.3
2016.106	89.0	0.0	5.0
2016.108	84.0	0.0	7.2
2016.111	75.0	0.0	5.9
2016.114	85.0	0.0	5.3
2016.117	63.0	0.0	6.2
2016.119	38.0	0.0	2.2
2016.122	46.0	0.0	2.6
2016.125	50.0	0.0	4.7
2016.127	42.0	0.0	3.7
2016.130	38.0	0.0	3.0
2016.133	36.0	0.0	1.9
2016.136	46.0	0.0	3.9
2016.138	52.0	0.0	3.1
2016.141	47.0	0.0	4.4
2016.144	34.0	0.0	2.4
2016.147	37.0	0.0	2.8
2016.149	34.0	0.0	2.3
2016.152	26.0	0.0	1.6
2016.155	48.0	0.0	3.5
2016.158	26.0	0.0	2.6
2016.160	36.0	0.0	2.2
2016.163	45.0	0.0	3.0
2016.165	68.0	0.0	6.7
2016.168	78.0	0.0	7.1
2016.171	77.0	0.0	6.7
2016.174	111.0	0.0	9.5
2016.176	83.0	0.0	6.4
2016.179	78.0	0.0	5.6
2016.182	79.0	0.0	5.6
2016.185	63.0	0.0	6.1
2016.187	91.0	0.0	6.3
2016.190	80.0	0.0	7.8
2016.193	51.0	0.0	3.1
2016.196	70.0	0.0	6.1
2016.198	57.0	0.0	4.8
2016.201	70.0	0.0	4.0
2016.204	59.0	0.0	4.1
2016.206	79.0	0.0	5.1
2016.209	72.0	0.0	6.3
2016.212	47.0	0.0	3.1
2016.215	37.0	0.0	2.7
2016.217	36.0	0.0	3.4
2016.220	33.0	0.0	1.8
2016.223	20.0	0.0	1.4
2016.226	21.0	0.0	1.1
2016.228	35.0	0.0	3.4
2016.231	34.0	0.0	3.0
2016.234	32.0	0.0	2.5
2016.237	32.0	0.0	3.0
2016.239	30.0	0.0	1.9
2016.242	20.0	0.0	1.9
2016.245	17.0	0.0	1.1
2016.248	16.0	0.0	1.1
2016.250	12.0	0.0	0.7
2016.253	12.0	0.0	0.7
2016.256	12.0	0.0	0.8
2016.259	40.0	0.0	2.3
2016.261	33.0	0.0	2.4
2016.264	20.0	0.0	1.4
2016.267	18.0	0.0	1.1
2016.270	26.0	0.0	1.9
2016.272	25.0	0.0	1.8
2016.275	34.0	0.0	3.2
2016.278	43.0	0.0	3.7
2016.281	37.0	0.0	3.2
2016.283	48.0	0.0	4.8
2016.286	46.0	0.0	3.6
2016.289	33.0	0.0	1.3
2016.291	42.0	0.0	3.7
2016.294	36.0	0.0	2.3
2016.297	31.0	0.0	1.8
2016.300	28.0	0.0	1.8
2016.302	25.0	0.0	2.5
2016.305	26.0	0.0	2.5
2016.308	21.0	0.0	1.6
2016.311	13.0	0.0	1.1
2016.313	37.0	0.0	3.2
2016.316	45.0	0.0	4.2
2016.319	57.0	0.0	5.0
2016.322	76.0	0.0	4.9
2016.324	90.0	0.0	5.5
2016.327	82.0	0.0	5.3
2016.330	89.0	0.0	7.4
2016.332	87.0	0.0	7.8
2016.335	83.0	0.0	5.0
2016.338	73.0	0.0	5.0
2016.341	71.0	0.0	5.5
2016.343	60.0	0.0	5.6
2016.346	57.0	0.0	4.3
2016.349	34.0	0.0	2.1
2016.352	44.0	0.0	3.0
2016.354	52.0	0.0	4.4
2016.357	76.0	0.0	7.3
2016.360	79.0	0.0	4.8
2016.363	83.0	0.0	6.2
2016.365	78.0	0.0	6.6
2016.368	88.0	0.0	8.0
2016.371	87.0	0.0	4.8
2016.373	55.0	0.0	4.5
2016.376	38.0	0.0	2.9
2016.379	30.0	0.0	2.1
2016.382	43.0	0.0	3.4
2016.384	46.0	0.0	2.4
2016.387	18.0	0.0	1.6
2016.390	28.0	0.0	2.6
2016.393	16.0	0.0	0.9
2016.395	25.0	0.0	1.4
2016.398	35.0	0.0	2.6
2016.401	34.0	0.0	2.6
2016.404	34.0	0.0	3.0
2016.406	33.0	0.0	2.1
2016.409	33.0	0.0	3.1
2016.412	41.0	0.0	3.5
2016.415	36.0	0.0	3.2
2016.416	41.0	0.0	2.7
2016.419	14.0	0.0	0.7
2016.422	0.0	0.0	0.0
2016.425	10.0	0.0	0.9
2016.427	0.0	0.0	0.0
2016.430	0.0	0.0	0.0
2016.433	12.0	0.0	5.6
2016.436	14.0	0.0	1.4
2016.438	19.0	0.0	1.1
2016.441	33.0	0.0	1.3
2016.444	44.0	0.0	3.6
2016.447	42.0	0.0	2.7
2016.449	38.0	0.0	3.2
2016.452	38.0	0.0	3.2
2016.455	40.0	0.0	2.8
2016.457	28.0	0.0	1.7
2016.460	39.0	0.0	1.9
2016.463	47.0	0.0	4.5
2016.466	50.0	0.0	3.7
2016.468	36.0	0.0	1.7
2016.471	24.0	0.0	1.9
2016.474	23.0	0.0	2.0
2016.477	12.0	0.0	1.5
2016.479	12.0	0.0	2.9
2016.482	0.0	0.0	0.0
2016.485	0.0	0.0	0.0
2016.488	0.0	0.0	0.0
2016.490	0.0	0.0	0.0
2016.493	0.0	0.0	0.0
2016.496	0.0	0.0	0.0
2016.498	0.0	0.0	0.0
2016.501	11.0	0.0	0.0
2016.504	19.0	0.0	10.4
2016.507	0.0	0.0	0.0
2016.509	13.0	0.0	4.1
2016.512	13.0	0.0	5.1
2016.515	25.0	0.0	1.8
2016.518	41.0	0.0	3.0
2016.520	56.0	0.0	5.3
2016.523	50.0	0.0	4.6
2016.526	62.0	0.0	5.0
2016.529	59.0	0.0	3.7
2016.531	53.0	0.0	3.1
2016.534	58.0	0.0	4.1
2016.537	69.0	0.0	5.5
2016.539	60.0	0.0	5.8
2016.542	39.0	0.0	3.2
2016.545	64.0	0.0	5.9
2016.548	59.0	0.0	5.2
2016.550	56.0	0.0	4.2
2016.553	52.0	0.0	3.2
2016.556	39.0	0.0	3.4
2016.559	27.0	0.0	2.5
2016.561	13.0	0.0	0.9
2016.564	0.0	0.0	0.0
2016.567	0.0	0.0	0.0
2016.570	0.0	0.0	0.0
2016.572	13.0	0.0	3.7
2016.575	15.0	0.0	1.2
2016.578	21.0	0.0	1.3
2016.581	16.0	0.0	5.2
2016.583	12.0	0.0	3.9
2016.586	12.0	0.0	3.8
2016.589	0.0	0.0	0.0
2016.592	16.0	0.0	6.9
2016.594	38.0	0.0	3.0
2016.597	39.0	0.0	3.5
2016.600	51.0	0.0	3.6
2016.603	81.0	0.0	5.7
2016.605	72.0	0.0	4.1
2016.608	77.0	0.0	4.3
2016.611	79.0	0.0	3.8
2016.614	71.0	0.0	5.0
2016.616	58.0	0.0	5.0
2016.619	59.0	0.0	4.5
2016.622	63.0	0.0	5.7
2016.624	80.0	0.0	7.1
2016.627	58.0	0.0	3.5
2016.630	49.0	0.0	3.3
2016.633	47.0	0.0	2.9
2016.635	16.0	0.0	1.4
2016.638	14.0	0.0	5.3
2016.641	28.0	0.0	2.4
2016.644	48.0	0.0	4.1
2016.646	49.0	0.0	4.8
2016.649	48.0	0.0	4.4
2016.652	49.0	0.0	3.0
2016.655	58.0	0.0	5.2
2016.657	64.0	0.0	4.6
2016.660	68.0	0.0	5.1
2016.663	74.0	0.0	4.5
2016.666	77.0	0.0	5.3
2016.668	78.0	0.0	5.1
2016.671	67.0	0.0	5.4
2016.674	65.0	0.0	4.8
2016.677	49.0	0.0	3.4
2016.679	31.0	0.0	1.9
2016.682	43.0	0.0	4.0
2016.685	57.0	0.0	3.0
2016.688	53.0	0.0	3.6
2016.690	79.0	0.0	4.8
2016.693	78.0	0.0	6.4
2016.696	67.0	0.0	4.3
2016.699	59.0	0.0	5.0
2016.701	39.0	0.0	3.5
2016.704	28.0	0.0	1.9
2016.707	15.0	0.0	1.2
2016.709	13.0	0.0	0.9
2016.712	14.0	0.0	1.2
2016.715	38.0	0.0	2.4
2016.718	63.0	0.0	3.5
2016.720	53.0	0.0	3.6
2016.723	55.0	0.0	4.2
2016.726	36.0	0.0	2.3
2016.729	60.0	0.0	4.7
2016.731	55.0	0.0	5.0
2016.734	30.0	0.0	2.8
2016.737	29.0	0.0	2.9
2016.740	26.0	0.0	2.2
2016.742	30.0	0.0	2.6
2016.745	17.0	0.0	1.7
2016.748	12.0	0.0	0.0
2016.750	0.0	0.0	0.0
2016.753	15.0	0.0	5.5
2016.756	35.0	0.0	2.3
2016.759	40.0	0.0	2.9
2016.761	41.0	0.0	2.9
2016.764	56.0	0.0	3.7
2016.767	60.0	0.0	4.2
2016.770	63.0	0.0	4.6
2016.772	68.0	0.0	6.2
2016.775	66.0	0.0	4.2
2016.778	63.0	0.0	4.8
2016.781	41.0	0.0	3.2
2016.783	42.0	0.0	3.8
2016.786	41.0	0.0	3.0
2016.789	38.0	0.0	2.8
2016.791	29.0	0.0	2.7
2016.794	27.0	0.0	2.2
2016.797	29.0	0.0	1.9
2016.800	28.0	0.0	2.5
2016.802	16.0	0.0	0.8
2016.805	28.0	0.0	2.4
2016.808	27.0	0.0	2.0
2016.811	15.0	0.0	1.4
2016.813	15.0	0.0	1.1
2016.816	17.0	0.0	1.2
2016.819	25.0	0.0	0.3
2016.822	25.0	0.0	1.5
2016.824	37.0	0.0	1.9
2016.827	23.0	0.0	1.8
2016.830	13.0	0.0	1.0
2016.833	13.0	0.0	1.3
2016.834	12.0	0.0	0.6
2016.837	0.0	0.0	0.0
2016.840	27.0	0.0	2.0
2016.843	25.0	0.0	1.4
2016.845	25.0	0.0	1.5
2016.848	22.0	0.0	1.5
2016.851	11.0	0.0	0.6
2016.854	0.0	0.0	0.0
2016.856	14.0	0.0	3.0
2016.859	24.0	0.0	1.1
2016.862	26.0	0.0	1.6
2016.865	12.0	0.0	1.1
2016.867	36.0	0.0	3.5
2016.870	31.0	0.0	2.3
2016.873	27.0	0.0	1.5
2016.875	27.0	0.0	1.1
2016.878	29.0	0.0	2.3
2016.881	28.0	0.0	1.5
2016.884	24.0	0.0	8.1
2016.886	13.0	0.0	4.6
2016.889	0.0	0.0	0.0
2016.892	0.0	0.0	0.0
2016.895	11.0	0.0	0.3
2016.897	12.0	0.0	0.9
2016.900	13.0	0.0	0.7
2016.903	25.0	0.0	1.3
2016.906	30.0	0.0	2.3
2016.908	41.0	0.0	3.2
2016.911	46.0	0.0	3.8
2016.914	51.0	0.0	4.4
2016.916	55.0	0.0	2.2
2016.919	61.0	0.0	3.1
2016.922	56.0	0.0	3.5
2016.925	38.0	0.0	2.9
2016.927	34.0	0.0	3.4
2016.930	31.0	0.0	3.1
2016.933	19.0	0.0	1.3
2016.936	14.0	0.0	1.2
2016.938	20.0	0.0	5.7
2016.941	0.0	0.0	0.0
2016.944	0.0	0.0	0.0
2016.947	12.0	0.0	0.7
2016.949	14.0	0.0	1.3
2016.952	23.0	0.0	1.1
2016.955	12.0	0.0	1.0
2016.957	0.0	0.0	0.0
2016.960	13.0	0.0	1.5
2016.963	27.0	0.0	1.7
2016.966	15.0	0.0	0.9
2016.968	22.0	0.0	1.3
2016.971	30.0	0.0	2.0
2016.974	16.0	0.0	0.9
2016.977	0.0	0.0	0.0
2016.979	0.0	0.0	0.0
2016.982	0.0	0.0	0.0
2016.985	0.0	0.0	0.0
2016.988	16.0	0.0	1.3
2016.990	12.0	0.0	2.8
2016.993	11.0	0.0	4.2
2016.996	11.0	0.0	4.4
2016.999	11.0	0.0	5.7
2017.001	12.0	0.0	1.3
2017.004	12.0	0.0	2.4
2017.007	11.0	0.0	2.4
2017.010	0.0	0.0	0.0
2017.012	0.0	0.0	0.0
2017.015	0.0	0.0	0.0
2017.018	0.0	0.0	0.0
2017.021	0.0	0.0	0.0
2017.023	0.0	0.0	0.0
2017.026	0.0	0.0	0.0
2017.029	0.0	0.0	0.0
2017.032	11.0	0.0	1.5
2017.034	26.0	0.0	2.4
2017.037	31.0	0.0	2.0
2017.040	30.0	0.0	1.8
2017.042	25.0	0.0	1.9
2017.045	30.0	0.0	2.9
2017.048	36.0	0.0	3.5
2017.051	33.0	0.0	3.1
2017.053	56.0	0.0	3.5
2017.056	75.0	0.0	4.5
2017.059	68.0	0.0	4.2
2017.062	57.0	0.0	4.6
2017.064	43.0	0.0	2.7
2017.067	47.0	0.0	2.2
2017.070	40.0	0.0	3.5
2017.073	30.0	0.0	2.8
2017.075	30.0	0.0	2.5
2017.078	34.0	0.0	2.7
2017.081	35.0	0.0	2.7
2017.084	36.0	0.0	3.1
2017.086	47.0	0.0	4.6
2017.089	47.0	0.0	3.2
2017.092	39.0	0.0	2.3
2017.095	20.0	0.0	8.6
2017.097	14.0	0.0	7.0
2017.100	13.0	0.0	4.6
2017.103	13.0	0.0	2.4
2017.106	11.0	0.0	3.8
2017.108	19.0	0.0	1.5
2017.111	24.0	0.0	1.8
2017.114	23.0	0.0	1.3
2017.117	21.0	0.0	2.0
2017.119	19.0	0.0	1.2
2017.122	16.0	0.0	1.2
2017.125	24.0	0.0	1.2
2017.127	19.0	0.0	6.3
2017.130	14.0	0.0	1.2
2017.133	13.0	0.0	3.9
2017.136	27.0	0.0	1.6
2017.138	32.0	0.0	1.7
2017.141	27.0	0.0	2.5
2017.144	29.0	0.0	2.2
2017.147	24.0	0.0	2.4
2017.149	27.0	0.0	2.0
2017.152	32.0	0.0	2.7
2017.155	38.0	0.0	3.8
2017.158	50.0	0.0	3.9
2017.160	58.0	0.0	4.2
2017.163	59.0	0.0	3.7
2017.166	56.0	0.0	5.3
2017.169	39.0	0.0	3.2
2017.172	0.0	0.0	0.0
2017.174	14.0	0.0	4.1
2017.177	0.0	0.0	0.0
2017.180	0.0	0.0	0.0
2017.183	0.0	0.0	0.0
2017.185	0.0	0.0	0.0
2017.188	0.0	0.0	0.0
2017.191	0.0	0.0	0.0
2017.194	0.0	0.0	0.0
2017.196	0.0	0.0	0.0
2017.199	0.0	0.0	0.0
2017.202	0.0	0.0	0.0
2017.204	0.0	0.0	0.0
2017.207	0.0	0.0	0.0
2017.210	0.0	0.0	0.0
2017.213	0.0	0.0	0.0
2017.215	0.0	0.0	0.0
2017.218	13.0	0.0	2.1
2017.221	14.0	0.0	1.0
2017.224	14.0	0.0	0.8
2017.226	14.0	0.0	1.1
2017.229	18.0	0.0	1.4
2017.232	31.0	0.0	2.2
2017.235	52.0	0.0	3.9
2017.237	57.0	0.0	5.7
2017.240	52.0	0.0	4.6
2017.243	49.0	0.0	2.9
2017.246	66.0	0.0	5.8
2017.248	71.0	0.0	6.7
2017.251	83.0	0.0	7.2
2017.254	100.0	0.0	8.2
2017.257	76.0	0.0	7.3
2017.259	50.0	0.0	2.9
2017.262	36.0	0.0	2.2
2017.265	23.0	0.0	1.2
2017.268	0.0	0.0	0.0
2017.270	12.0	0.0	1.5
2017.273	14.0	0.0	0.8
2017.276	14.0	0.0	1.2
2017.279	22.0	0.0	1.7
2017.281	25.0	0.0	1.5
2017.284	19.0	0.0	1.8
2017.287	0.0	0.0	0.0
2017.289	0.0	0.0	0.0
2017.292	0.0	0.0	0.0
2017.295	23.0	0.0	1.2
2017.298	15.0	0.0	0.9
2017.300	28.0	0.0	2.3
2017.303	40.0	0.0	3.5
2017.306	30.0	0.0	1.6
2017.309	43.0	0.0	2.9
2017.311	46.0	0.0	3.4
2017.314	41.0	0.0	2.8
2017.317	38.0	0.0	3.5
2017.320	26.0	0.0	1.9
2017.322	36.0	0.0	3.3
2017.325	34.0	0.0	3.0
2017.328	24.0	0.0	1.5
2017.330	12.0	0.0	0.6
2017.333	29.0	0.0	1.4
2017.336	18.0	0.0	1.1
2017.339	17.0	0.0	1.4
2017.341	31.0	0.0	1.7
2017.344	27.0	0.0	2.1
2017.347	23.0	0.0	1.2
2017.350	11.0	0.0	0.7
2017.352	0.0	0.0	0.0
2017.355	0.0	0.0	0.0
2017.358	11.0	0.0	1.3
2017.361	15.0	0.0	6.7
2017.363	0.0	0.0	0.0
2017.366	0.0	0.0	0.0
2017.369	0.0	0.0	0.0
2017.371	25.0	0.0	1.3
2017.374	12.0	0.0	0.6
2017.377	24.0	0.0	1.3
2017.380	25.0	0.0	1.6
2017.382	30.0	0.0	2.4
2017.385	37.0	0.0	1.7
2017.388	50.0	0.0	4.2
2017.391	55.0	0.0	3.5
2017.393	20.0	0.0	1.2
2017.396	31.0	0.0	2.9
2017.399	25.0	0.0	2.1
2017.402	24.0	0.0	2.0
2017.404	21.0	0.0	1.6
2017.407	14.0	0.0	0.8
2017.410	0.0	0.0	0.0
2017.413	0.0	0.0	0.0
2017.415	15.0	0.0	1.3
2017.418	23.0	0.0	1.5
2017.421	24.0	0.0	2.2
2017.424	25.0	0.0	1.4
2017.426	34.0	0.0	1.9
2017.429	24.0	0.0	1.9
2017.432	14.0	0.0	1.4
2017.435	14.0	0.0	0.9
2017.437	0.0	0.0	0.0
2017.440	0.0	0.0	0.0
2017.443	0.0	0.0	0.0
2017.446	0.0	0.0	0.0
2017.448	11.0	0.0	0.8
2017.451	11.0	0.0	0.8
2017.454	31.0	0.0	2.5
2017.456	30.0	0.0	1.8
2017.459	30.0	0.0	1.7
2017.462	29.0	0.0	1.2
2017.465	27.0	0.0	1.6
2017.467	31.0	0.0	3.0
2017.470	35.0	0.0	1.1
2017.473	24.0	0.0	0.8
2017.476	23.0	0.0	1.0
2017.478	25.0	0.0	2.2
2017.481	18.0	0.0	1.6
2017.484	21.0	0.0	2.1
2017.487	19.0	0.0	1.3
2017.489	16.0	0.0	1.6
2017.492	12.0	0.0	0.7
2017.495	11.0	0.0	0.6
2017.497	23.0	0.0	2.1
2017.500	13.0	0.0	4.1
2017.503	0.0	0.0	0.0
2017.506	0.0	0.0	0.0
2017.508	7.0	0.0	2.3
2017.511	16.0	0.0	0.8
2017.514	26.0	0.0	2.2
2017.517	31.0	0.0	3.1
2017.519	43.0	0.0	4.1
2017.522	45.0	0.0	2.7
2017.525	38.0	0.0	3.7
2017.528	61.0	0.0	4.8
2017.530	59.0	0.0	5.6
2017.533	52.0	0.0	4.2
2017.536	33.0	0.0	2.0
2017.538	21.0	0.0	1.9
2017.541	22.0	0.0	2.2
2017.544	0.0	0.0	0.0
2017.547	0.0	0.0	0.0
2017.549	0.0	0.0	0.0
2017.552	0.0	0.0	0.0
2017.555	0.0	0.0	0.0
2017.558	0.0	0.0	0.0
2017.560	0.0	0.0	0.0
2017.563	12.0	0.0	1.3
2017.566	12.0	0.0	1.3
2017.569	0.0	0.0	0.0
2017.571	11.0	0.0	1.5
2017.574	12.0	0.0	6.1
2017.577	15.0	0.0	4.9
2017.580	0.0	0.0	0.0
2017.582	13.0	0.0	1.4
2017.585	13.0	0.0	0.8
2017.588	13.0	0.0	1.0
2017.591	14.0	0.0	0.7
2017.593	13.0	0.0	0.8
2017.596	13.0	0.0	0.9
2017.599	12.0	0.0	0.8
2017.602	13.0	0.0	0.9
2017.604	12.0	0.0	0.9
2017.607	14.0	0.0	1.1
2017.610	12.0	0.0	0.7
2017.613	13.0	0.0	0.7
2017.615	12.0	0.0	1.0
2017.618	13.0	0.0	1.4
2017.621	22.0	0.0	1.6
2017.623	33.0	0.0	2.2
2017.626	45.0	0.0	2.8
2017.629	45.0	0.0	3.8
2017.632	50.0	0.0	3.1
2017.634	60.0	0.0	3.6
2017.637	63.0	0.0	5.9
2017.640	63.0	0.0	6.0
2017.643	69.0	0.0	3.5
2017.645	54.0	0.0	5.0
2017.648	53.0	0.0	3.6
2017.651	48.0	0.0	3.2
2017.654	38.0	0.0	2.8
2017.656	23.0	0.0	1.2
2017.659	40.0	0.0	2.6
2017.662	51.0	0.0	3.8
2017.665	73.0	0.0	5.4
2017.667	59.0	0.0	4.2
2017.670	56.0	0.0	3.4
2017.673	105.0	0.0	7.0
2017.676	112.0	0.0	6.8
2017.678	119.0	0.0	11.8
2017.681	100.0	0.0	9.1
2017.684	97.0	0.0	8.5
2017.687	88.0	0.0	6.5
2017.689	62.0	0.0	4.2
2017.692	40.0	0.0	3.3
2017.695	29.0	0.0	2.5
2017.698	11.0	0.0	0.6
2017.700	23.0	0.0	1.3
2017.703	12.0	0.0	0.5
2017.706	12.0	0.0	0.4
2017.708	13.0	0.0	0.9
2017.711	14.0	0.0	0.6
2017.714	13.0	0.0	0.6
2017.717	11.0	0.0	0.4
2017.719	21.0	0.0	1.0
2017.722	22.0	0.0	1.1
2017.725	21.0	0.0	0.7
2017.728	12.0	0.0	0.6
2017.730	23.0	0.0	1.0
2017.733	36.0	0.0	1.7
2017.736	39.0	0.0	1.9
2017.739	37.0	0.0	1.6
2017.741	42.0	0.0	2.3
2017.744	42.0	0.0	2.4
2017.747	40.0	0.0	2.7
2017.749	35.0	0.0	1.6
2017.752	25.0	0.0	2.3
2017.755	24.0	0.0	1.2
2017.758	27.0	0.0	1.1
2017.760	26.0	0.0	1.0
2017.763	23.0	0.0	1.2
2017.766	11.0	0.0	0.4
2017.769	11.0	0.0	2.1
2017.771	0.0	0.0	0.0
2017.774	0.0	0.0	0.0
2017.777	0.0	0.0	0.0
2017.780	0.0	0.0	0.0
2017.782	0.0	0.0	0.0
2017.785	11.0	0.0	3.8
2017.788	0.0	0.0	0.0
2017.790	0.0	0.0	0.0
2017.793	0.0	0.0	0.0
2017.796	0.0	0.0	0.0
2017.799	0.0	0.0	0.0
2017.801	0.0	0.0	0.0
2017.804	11.0	0.0	0.4
2017.807	11.0	0.0	0.6
2017.810	23.0	0.0	0.9
2017.812	23.0	0.0	0.7
2017.815	23.0	0.0	0.9
2017.818	23.0	0.0	0.5
2017.821	23.0	0.0	0.7
2017.823	24.0	0.0	1.7
2017.826	23.0	0.0	1.1
2017.829	21.0	0.0	1.5
2017.832	11.0	0.0	2.9
2017.834	0.0	0.0	0.0
2017.837	0.0	0.0	0.0
2017.840	0.0	0.0	0.0
2017.843	0.0	0.0	0.0
2017.845	0.0	0.0	0.0
2017.848	0.0	0.0	0.0
2017.851	0.0	0.0	0.0
2017.854	0.0	0.0	0.0
2017.856	0.0	0.0	0.0
2017.859	0.0	0.0	0.0
2017.862	0.0	0.0	0.0
2017.865	0.0	0.0	0.0
2017.867	0.0	0.0	0.0
2017.870	13.0	0.0	0.8
2017.873	15.0	0.0	0.9
2017.875	16.0	0.0	0.9
2017.878	25.0	0.0	1.3
2017.881	15.0	0.0	1.1
2017.884	0.0	0.0	0.0
2017.886	0.0	0.0	0.0
2017.889	0.0	0.0	0.0
2017.892	0.0	0.0	0.0
2017.895	0.0	0.0	0.0
2017.897	0.0	0.0	0.0
2017.900	15.0	0.0	0.9
2017.903	17.0	0.0	1.0
2017.906	16.0	0.0	1.1
2017.908	15.0	0.0	1.2
2017.911	13.0	0.0	1.0
2017.914	11.0	0.0	0.9
2017.916	0.0	0.0	0.0
2017.919	0.0	0.0	0.0
2017.922	0.0	0.0	0.0
2017.925	0.0	0.0	0.0
2017.927	0.0	0.0	0.0
2017.930	13.0	0.0	0.8
2017.933	11.0	0.0	1.0
2017.936	0.0	0.0	0.0
2017.938	0.0	0.0	0.0
2017.941	11.0	0.0	1.9
2017.944	13.0	0.0	3.0
2017.947	13.0	0.0	1.7
2017.949	0.0	0.0	0.0
2017.952	0.0	0.0	0.0
2017.955	0.0	0.0	0.0
2017.957	0.0	0.0	0.0
2017.960	0.0	0.0	0.0
2017.963	0.0	0.0	0.0
2017.966	11.0	0.0	3.1
2017.968	16.0	0.0	4.4
2017.971	19.0	0.0	1.6
2017.974	25.0	0.0	1.8
2017.977	26.0	0.0	2.2
2017.979	29.0	0.0	1.4
2017.982	24.0	0.0	2.1
2017.985	16.0	0.0	1.4
2017.988	13.0	0.0	2.1
2017.990	0.0	0.0	0.0
2017.993	0.0	0.0	0.0
2017.996	0.0	0.0	0.0
2017.999	13.0	0.0	1.2
2018.001	0.0	0.0	0.0
2018.004	0.0	0.0	0.0
2018.007	0.0	0.0	0.0
2018.010	13.0	0.0	0.6
2018.012	11.0	0.0	0.9
2018.015	11.0	0.0	1.3
2018.018	12.0	0.0	1.4
2018.021	13.0	0.0	1.2
2018.023	16.0	0.0	5.2
2018.026	20.0	0.0	6.3
2018.029	12.0	0.0	2.5
2018.032	0.0	0.0	0.0
2018.034	0.0	0.0	0.0
2018.037	12.0	0.0	1.6
2018.040	13.0	0.0	1.5
2018.042	15.0	0.0	1.1
2018.045	16.0	0.0	0.9
2018.048	12.0	0.0	0.5
2018.051	12.0	0.0	1.3
2018.053	0.0	0.0	0.0
2018.056	0.0	0.0	0.0
2018.059	0.0	0.0	0.0
2018.062	0.0	0.0	0.0
2018.064	0.0	0.0	0.0
2018.067	0.0	0.0	0.0
2018.070	0.0	0.0	0.0
2018.073	0.0	0.0	0.0
2018.075	0.0	0.0	0.0
2018.078	0.0	0.0	0.0
2018.081	11.0	0.0	1.8
2018.084	12.0	0.0	1.6
2018.086	0.0	0.0	0.0
2018.089	0.0	0.0	0.0
2018.092	0.0	0.0	0.0
2018.095	11.0	0.0	1.6
2018.097	13.0	0.0	0.6
2018.100	16.0	0.0	0.9
2018.103	20.0	0.0	1.4
2018.106	22.0	0.0	1.0
2018.108	25.0	0.0	1.7
2018.111	25.0	0.0	2.2
2018.114	28.0	0.0	1.6
2018.117	25.0	0.0	1.8
2018.119	23.0	0.0	1.4
2018.122	20.0	0.0	1.6
2018.125	16.0	0.0	1.4
2018.127	12.0	0.0	0.9
2018.130	0.0	0.0	0.0
2018.133	0.0	0.0	0.0
2018.136	0.0	0.0	0.0
2018.138	0.0	0.0	0.0
2018.141	0.0	0.0	0.0
2018.144	0.0	0.0	0.0
2018.147	0.0	0.0	0.0
2018.149	0.0	0.0	0.0
2018.152	0.0	0.0	0.0
2018.155	16.0	0.0	2.1
2018.158	15.0	0.0	1.3
2018.160	12.0	0.0	1.1
2018.163	12.0	0.0	1.5
2018.166	11.0	0.0	1.3
2018.169	0.0	0.0	0.0
2018.172	0.0	0.0	0.0
2018.174	0.0	0.0	0.0
2018.177	0.0	0.0	0.0
2018.180	0.0	0.0	0.0
2018.183	0.0	0.0	0.0
2018.185	0.0	0.0	0.0
2018.188	0.0	0.0	0.0
2018.191	0.0	0.0	0.0
2018.194	0.0	0.0	0.0
2018.196	0.0	0.0	0.0
2018.199	0.0	0.0	0.0
2018.202	0.0	0.0	0.0
2018.204	0.0	0.0	0.0
2018.207	14.0	0.0	1.1
2018.210	14.0	0.0	1.4
2018.213	0.0	0.0	0.0
2018.215	0.0	0.0	0.0
2018.218	0.0	0.0	0.0
2018.221	0.0	0.0	0.0
2018.224	0.0	0.0	0.0
2018.226	0.0	0.0	0.0
2018.229	0.0	0.0	0.0
2018.232	0.0	0.0	0.0
2018.235	0.0	0.0	0.0
2018.237	0.0	0.0	0.0
2018.240	0.0	0.0	0.0
2018.243	12.0	0.0	1.1
2018.246	13.0	0.0	1.0
2018.248	11.0	0.0	0.7
2018.251	0.0	0.0	0.0
2018.254	0.0	0.0	0.0
2018.257	0.0	0.0	0.0
2018.259	0.0	0.0	0.0
2018.262	0.0	0.0	0.0
2018.265	0.0	0.0	0.0
2018.268	0.0	0.0	0.0
2018.270	0.0	0.0	0.0
2018.273	12.0	0.0	1.3
2018.276	0.0	0.0	0.0
2018.279	13.0	0.0	2.9
2018.281	16.0	0.0	1.1
2018.284	11.0	0.0	0.8
2018.287	13.0	0.0	4.5
2018.289	12.0	0.0	0.9
2018.292	11.0	0.0	0.9
2018.295	0.0	0.0	0.0
2018.298	13.0	0.0	2.0
2018.300	16.0	0.0	1.4
2018.303	27.0	0.0	1.8
2018.306	22.0	0.0	2.0
2018.309	23.0	0.0	1.5
2018.311	21.0	0.0	2.0
2018.314	18.0	0.0	1.6
2018.317	15.0	0.0	1.1
2018.320	14.0	0.0	3.0
2018.322	0.0	0.0	0.0
2018.325	0.0	0.0	0.0
2018.328	0.0	0.0	0.0
2018.330	0.0	0.0	0.0
2018.333	0.0	0.0	0.0
2018.336	0.0	0.0	0.0
2018.339	13.0	0.0	3.0
2018.341	14.0	0.0	1.2
2018.344	15.0	0.0	1.2
2018.347	14.0	0.0	1.1
2018.350	20.0	0.0	5.9
2018.352	23.0	0.0	1.0
2018.355	11.0	0.0	0.7
2018.358	11.0	0.0	0.6
2018.361	13.0	0.0	0.8
2018.363	12.0	0.0	0.9
2018.366	0.0	0.0	0.0
2018.369	0.0	0.0	0.0
2018.371	0.0	0.0	0.0
2018.374	0.0	0.0	0.0
2018.377	0.0	0.0	0.0
2018.380	0.0	0.0	0.0
2018.382	0.0	0.0	0.0
2018.385	12.0	0.0	0.9
2018.388	13.0	0.0	0.8
2018.391	27.0	0.0	1.6
2018.393	33.0	0.0	2.8
2018.396	30.0	0.0	2.9
2018.399	27.0	0.0	2.0
2018.402	33.0	0.0	2.9
2018.404	20.0	0.0	1.9
2018.407	23.0	0.0	1.4
2018.410	21.0	0.0	1.4
2018.413	22.0	0.0	1.6
2018.415	22.0	0.0	1.4
2018.418	21.0	0.0	2.0
2018.421	13.0	0.0	1.3
2018.424	0.0	0.0	0.0
2018.426	0.0	0.0	0.0
2018.429	11.0	0.0	1.1
2018.432	10.0	0.0	0.6
2018.435	0.0	0.0	0.0
2018.437	0.0	0.0	0.0
2018.440	0.0	0.0	0.0
2018.443	0.0	0.0	0.0
2018.446	11.0	0.0	0.9
2018.448	15.0	0.0	1.0
2018.451	15.0	0.0	1.3
2018.454	14.0	0.0	1.2
2018.456	14.0	0.0	1.6
2018.459	14.0	0.0	3.0
2018.462	29.0	0.0	1.9
2018.465	33.0	0.0	2.0
2018.467	56.0	0.0	3.0
2018.470	48.0	0.0	3.2
2018.473	41.0	0.0	3.1
2018.476	37.0	0.0	2.1
2018.478	19.0	0.0	1.2
2018.481	16.0	0.0	1.2
2018.484	14.0	0.0	0.7
2018.487	14.0	0.0	4.8
2018.489	0.0	0.0	0.0
2018.492	0.0	0.0	0.0
2018.495	0.0	0.0	0.0
2018.497	0.0	0.0	0.0
2018.500	0.0	0.0	0.0
2018.503	0.0	0.0	0.0
2018.506	0.0	0.0	0.0
2018.508	0.0	0.0	0.0
2018.511	0.0	0.0	0.0
2018.514	0.0	0.0	0.0
2018.517	0.0	0.0	0.0
2018.519	0.0	0.0	0.0
2018.522	0.0	0.0	0.0
2018.525	0.0	0.0	0.0
2018.528	0.0	0.0	0.0
2018.530	13.0	0.0	4.1
2018.533	12.0	0.0	4.1
2018.536	12.0	0.0	1.7
2018.538	0.0	0.0	0.0
2018.541	0.0	0.0	0.0
2018.544	0.0	0.0	0.0
2018.547	0.0	0.0	0.0
2018.549	0.0	0.0	0.0
2018.552	12.0	0.0	1.3
2018.555	0.0	0.0	0.0
2018.558	0.0	0.0	0.0
2018.560	0.0	0.0	0.0
2018.563	0.0	0.0	0.0
2018.566	0.0	0.0	0.0
2018.569	0.0	0.0	0.0
2018.571	0.0	0.0	0.0
2018.574	0.0	0.0	0.0
2018.577	0.0	0.0	0.0
2018.580	0.0	0.0	0.0
2018.582	12.0	0.0	0.8
2018.585	11.0	0.0	0.6
2018.588	0.0	0.0	0.0
2018.591	0.0	0.0	0.0
2018.593	0.0	0.0	0.0
2018.596	0.0	0.0	0.0
2018.599	0.0	0.0	0.0
2018.602	0.0	0.0	0.0
2018.604	0.0	0.0	0.0
2018.607	0.0	0.0	0.0
2018.610	0.0	0.0	0.0
2018.613	0.0	0.0	0.0
2018.615	0.0	0.0	0.0
2018.618	12.0	0.0	1.0
2018.621	13.0	0.0	0.9
2018.623	13.0	0.0	0.6
2018.626	12.0	0.0	0.5
2018.629	11.0	0.0	0.8
2018.632	14.0	0.0	0.9
2018.634	16.0	0.0	1.5
2018.637	16.0	0.0	1.5
2018.640	12.0	0.0	3.3
2018.643	15.0	0.0	1.2
2018.645	29.0	0.0	2.1
2018.648	32.0	0.0	2.3
2018.651	28.0	0.0	1.7
2018.654	13.0	0.0	1.0
2018.656	11.0	0.0	0.8
2018.659	0.0	0.0	0.0
2018.662	0.0	0.0	0.0
2018.665	0.0	0.0	0.0
2018.667	0.0	0.0	0.0
2018.670	0.0	0.0	0.0
2018.673	0.0	0.0	0.0
2018.676	0.0	0.0	0.0
2018.678	0.0	0.0	0.0
2018.681	0.0	0.0	0.0
2018.684	0.0	0.0	0.0
2018.687	16.0	0.0	2.2
2018.689	14.0	0.0	1.3
2018.692	12.0	0.0	0.9
2018.695	16.0	0.0	1.2
2018.698	14.0	0.0	1.1
2018.700	0.0	0.0	0.0
2018.703	0.0	0.0	0.0
2018.706	0.0	0.0	0.0
2018.708	0.0	0.0	0.0
2018.711	13.0	0.0	1.9
2018.714	0.0	0.0	0.0
2018.717	0.0	0.0	0.0
2018.719	0.0	0.0	0.0
2018.722	0.0	0.0	0.0
2018.725	0.0	0.0	0.0
2018.728	0.0	0.0	0.0
2018.730	0.0	0.0	0.0
2018.733	0.0	0.0	0.0
2018.736	0.0	0.0	0.0
2018.739	0.0	0.0	0.0
2018.741	0.0	0.0	0.0
2018.744	0.0	0.0	0.0
2018.747	15.0	0.0	0.8
2018.749	17.0	0.0	1.2
2018.752	14.0	0.0	0.8
2018.755	12.0	0.0	0.7
2018.758	11.0	0.0	0.7
2018.760	0.0	0.0	0.0
2018.763	0.0	0.0	0.0
2018.766	0.0	0.0	0.0
2018.769	0.0	0.0	0.0
2018.771	0.0	0.0	0.0
2018.774	0.0	0.0	0.0
2018.777	5.0	0.0	0.4
2018.780	13.0	0.0	0.8
2018.782	26.0	0.0	2.4
2018.785	23.0	0.0	1.6
2018.788	17.0	0.0	6.3
2018.790	0.0	0.0	0.0
2018.793	11.0	0.0	2.0
2018.796	0.0	0.0	0.0
2018.799	0.0	0.0	0.0
2018.801	0.0	0.0	0.0
2018.804	4.0	0.0	1.4
2018.807	0.0	0.0	0.0
2018.810	0.0	0.0	0.0
2018.812	0.0	0.0	0.0
2018.815	0.0	0.0	0.0
2018.818	0.0	0.0	0.0
2018.821	0.0	0.0	0.0
2018.823	0.0	0.0	0.0
2018.826	0.0	0.0	0.0
2018.829	0.0	0.0	0.0
2018.832	0.0	0.0	0.0
2018.834	0.0	0.0	0.0
2018.837	0.0	0.0	0.0
2018.840	0.0	0.0	0.0
2018.843	0.0	0.0	0.0
2018.845	0.0	0.0	0.0
2018.848	0.0	0.0	0.0
2018.851	0.0	0.0	0.0
2018.854	5.0	0.0	0.5
2018.856	11.0	0.0	1.5
2018.859	3.0	0.0	0.2
2018.862	0.0	0.0	0.0
2018.865	15.0	0.0	1.3
2018.867	11.0	0.0	0.4
2018.870	11.0	0.0	0.5
2018.873	13.0	0.0	1.2
2018.875	15.0	0.0	0.9
2018.878	15.0	0.0	1.1
2018.881	14.0	0.0	1.3
2018.884	12.0	0.0	1.6
2018.886	0.0	0.0	0.0
2018.889	0.0	0.0	0.0
2018.892	0.0	0.0	0.0
2018.895	0.0	0.0	0.0
2018.897	9.0	0.0	1.4
2018.900	11.0	0.0	1.3
2018.903	3.0	0.0	0.3
2018.906	0.0	0.0	0.0
2018.908	0.0	0.0	0.0
2018.911	0.0	0.0	0.0
2018.914	0.0	0.0	0.0
2018.916	0.0	0.0	0.0
2018.919	0.0	0.0	0.0
2018.922	0.0	0.0	0.0
2018.925	0.0	0.0	0.0
2018.927	17.0	0.0	1.6
2018.930	21.0	0.0	1.1
2018.933	18.0	0.0	1.7
2018.936	5.0	0.0	1.3
2018.938	0.0	0.0	0.0
2018.941	0.0	0.0	0.0
2018.944	13.0	0.0	1.1
2018.947	0.0	0.0	0.0
2018.949	0.0	0.0	0.0
2018.952	11.0	0.0	1.3
2018.955	12.0	0.0	1.9
2018.957	0.0	0.0	0.0
2018.960	0.0	0.0	0.0
2018.963	0.0	0.0	0.0
2018.966	0.0	0.0	0.0
2018.968	0.0	0.0	0.0
2018.971	0.0	0.0	0.0
2018.974	0.0	0.0	0.0
2018.977	0.0	0.0	0.0
2018.979	0.0	0.0	0.0
2018.982	0.0	0.0	0.0
2018.985	0.0	0.0	0.0
2018.988	0.0	0.0	0.0
2018.990	0.0	0.0	0.0
2018.993	0.0	0.0	0.0
2018.996	0.0	0.0	0.0
2018.999	0.0	0.0	0.0
2019.001	12.0	0.0	1.0
2019.004	15.0	0.0	1.5
2019.007	15.0	0.0	1.2
2019.010	13.0	0.0	0.8
2019.012	11.0	0.0	1.4
2019.015	0.0	0.0	0.0
2019.018	0.0	0.0	0.0
2019.021	0.0	0.0	0.0
2019.023	0.0	0.0	0.0
2019.026	0.0	0.0	0.0
2019.029	0.0	0.0	0.0
2019.032	0.0	0.0	0.0
2019.034	0.0	0.0	0.0
2019.037	0.0	0.0	0.0
2019.040	0.0	0.0	0.0
2019.042	0.0	0.0	0.0
2019.045	0.0	0.0	0.0
2019.048	0.0	0.0	0.0
2019.051	0.0	0.0	0.0
2019.053	0.0	0.0	0.0
2019.056	10.0	0.0	0.8
2019.059	16.0	0.0	1.3
2019.062	19.0	0.0	1.5
2019.064	21.0	0.0	1.1
2019.067	22.0	0.0	1.6
2019.070	26.0	0.0	1.1
2019.073	19.0	0.0	1.6
2019.075	16.0	0.0	1.1
2019.078	13.0	0.0	1.0
2019.081	11.0	0.0	1.3
2019.084	0.0	0.0	0.0
2019.086	0.0	0.0	0.0
2019.089	0.0	0.0	0.0
2019.092	0.0	0.0	0.0
2019.095	0.0	0.0	0.0
2019.097	0.0	0.0	0.0
2019.100	0.0	0.0	0.0
2019.103	0.0	0.0	0.0
2019.106	0.0	0.0	0.0
2019.108	0.0	0.0	0.0
2019.111	0.0	0.0	0.0
2019.114	0.0	0.0	0.0
2019.117	0.0	0.0	0.0
2019.119	12.0	0.0	0.7
2019.122	0.0	0.0	0.0
2019.125	0.0	0.0	0.0
2019.127	0.0	0.0	0.0
2019.130	0.0	0.0	0.0
2019.133	0.0	0.0	0.0
2019.136	0.0	0.0	0.0
2019.138	0.0	0.0	0.0
2019.141	11.0	0.0	0.8
2019.144	0.0	0.0	0.0
2019.147	0.0	0.0	0.0
2019.149	0.0	0.0	0.0
2019.152	0.0	0.0	0.0
2019.155	0.0	0.0	0.0
2019.158	0.0	0.0	0.0
2019.160	0.0	0.0	0.0
2019.163	0.0	0.0	0.0
2019.166	0.0	0.0	0.0
2019.169	0.0	0.0	0.0
2019.172	0.0	0.0	0.0
2019.174	14.0	0.0	2.8
2019.177	18.0	0.0	1.7
2019.180	16.0	0.0	1.1
2019.183	11.0	0.0	0.4
2019.185	11.0	0.0	0.4
2019.188	11.0	0.0	0.4
2019.191	11.0	0.0	0.4
2019.194	11.0	0.0	0.4
2019.196	0.0	0.0	0.0
2019.199	12.0	0.0	1.2
2019.202	0.0	0.0	0.0
2019.204	0.0	0.0	0.0
2019.207	0.0	0.0	0.0
2019.210	13.0	0.0	0.8
2019.213	15.0	0.0	1.2
2019.215	32.0	0.0	2.5
2019.218	38.0	0.0	3.2
2019.221	30.0	0.0	1.5
2019.224	22.0	0.0	1.3
2019.226	14.0	0.0	0.9
2019.229	0.0	0.0	0.0
2019.232	0.0	0.0	0.0
2019.235	0.0	0.0	0.0
2019.237	0.0	0.0	0.0
2019.240	0.0	0.0	0.0
2019.243	0.0	0.0	0.0
2019.246	13.0	0.0	1.4
2019.248	14.0	0.0	0.8
2019.251	17.0	0.0	1.6
2019.254	19.0	0.0	1.6
2019.257	11.0	0.0	1.6
2019.259	5.0	0.0	0.7
2019.262	0.0	0.0	0.0
2019.265	11.0	0.0	0.6
2019.268	12.0	0.0	0.5
2019.270	12.0	0.0	0.4
2019.273	13.0	0.0	0.5
2019.276	12.0	0.0	0.8
2019.279	13.0	0.0	0.8
2019.281	16.0	0.0	1.5
2019.284	14.0	0.0	1.0
2019.287	12.0	0.0	0.3
2019.289	11.0	0.0	0.4
2019.292	16.0	0.0	0.6
2019.295	24.0	0.0	0.9
2019.298	24.0	0.0	0.7
2019.300	11.0	0.0	0.6
2019.303	5.0	0.0	0.4
2019.306	0.0	0.0	0.0
2019.309	0.0	0.0	0.0
2019.311	0.0	0.0	0.0
2019.314	0.0	0.0	0.0
2019.317	0.0	0.0	0.0
2019.320	0.0	0.0	0.0
2019.322	0.0	0.0	0.0
2019.325	0.0	0.0	0.0
2019.328	0.0	0.0	0.0
2019.330	0.0	0.0	0.0
2019.333	0.0	0.0	0.0
2019.336	0.0	0.0	0.0
2019.339	12.0	0.0	0.8
2019.341	12.0	0.0	0.4
2019.344	16.0	0.0	0.9
2019.347	26.0	0.0	1.1
2019.350	25.0	0.0	1.7
2019.352	26.0	0.0	1.1
2019.355	26.0	0.0	1.5
2019.358	27.0	0.0	1.2
2019.361	26.0	0.0	1.3
2019.363	24.0	0.0	1.2
2019.366	24.0	0.0	0.8
2019.369	18.0	0.0	0.7
2019.371	13.0	0.0	0.5
2019.374	13.0	0.0	0.6
2019.377	12.0	0.0	0.9
2019.380	0.0	0.0	0.0
2019.382	0.0	0.0	0.0
2019.385	0.0	0.0	0.0
2019.388	0.0	0.0	0.0
2019.391	0.0	0.0	0.0
2019.393	0.0	0.0	0.0
2019.396	0.0	0.0	0.0
2019.399	0.0	0.0	0.0
2019.402	0.0	0.0	0.0
2019.404	0.0	0.0	0.0
2019.407	7.0	0.0	0.4
2019.410	0.0	0.0	0.0
2019.413	0.0	0.0	0.0
2019.415	0.0	0.0	0.0
2019.418	0.0	0.0	0.0
2019.421	0.0	0.0	0.0
2019.424	0.0	0.0	0.0
2019.426	0.0	0.0	0.0
2019.429	0.0	0.0	0.0
2019.432	0.0	0.0	0.0
2019.435	0.0	0.0	0.0
2019.437	0.0	0.0	0.0
2019.440	0.0	0.0	0.0
2019.443	0.0	0.0	0.0
2019.446	0.0	0.0	0.0
2019.448	0.0	0.0	0.0
2019.451	0.0	0.0	0.0
2019.454	0.0	0.0	0.0
2019.456	0.0	0.0	0.0
2019.459	0.0	0.0	0.0
2019.462	0.0	0.0	0.0
2019.465	0.0	0.0	0.0
2019.467	0.0	0.0	0.0
2019.470	0.0	0.0	0.0
2019.473	0.0	0.0	0.0
2019.476	0.0	0.0	0.0
2019.478	11.0	0.0	3.9
2019.481	12.0	0.0	0.0
2019.484	7.0	0.0	0.6
2019.487	0.0	0.0	0.0
2019.489	0.0	0.0	0.0
2019.492	5.0	0.0	1.0
2019.495	0.0	0.0	0.0
2019.497	5.0	0.0	0.5
2019.500	0.0	0.0	0.0
2019.503	0.0	0.0	0.0
2019.506	0.0	0.0	0.0
2019.508	0.0	0.0	0.0
2019.511	0.0	0.0	0.0
2019.514	9.0	0.0	0.7
2019.517	5.0	0.0	0.5
2019.519	0.0	0.0	0.0
2019.522	0.0	0.0	0.0
2019.525	0.0	0.0	0.0
2019.528	0.0	0.0	0.0
2019.530	0.0	0.0	0.0
2019.533	0.0	0.0	0.0
2019.536	0.0	0.0	0.0
2019.538	0.0	0.0	0.0
2019.541	0.0	0.0	0.0
2019.544	0.0	0.0	0.0
2019.547	0.0	0.0	0.0
2019.549	0.0	0.0	0.0
2019.552	0.0	0.0	0.0
2019.555	8.0	0.0	0.8
2019.558	0.0	0.0	0.0
2019.560	0.0	0.0	0.0
2019.563	0.0	0.0	0.0
2019.566	0.0	0.0	0.0
2019.569	0.0	0.0	0.0
2019.571	0.0	0.0	0.0
2019.574	0.0	0.0	0.0
2019.577	0.0	0.0	0.0
2019.580	0.0	0.0	0.0
2019.582	0.0	0.0	0.0
2019.585	0.0	0.0	0.0
2019.588	0.0	0.0	0.0
2019.591	0.0	0.0	0.0
2019.593	8.0	0.0	0.7
2019.596	0.0	0.0	0.0
2019.599	7.0	0.0	0.7
2019.602	0.0	0.0	0.0
2019.604	0.0	0.0	0.0
2019.607	0.0	0.0	0.0
2019.610	0.0	0.0	0.0
2019.613	0.0	0.0	0.0
2019.615	0.0	0.0	0.0
2019.618	0.0	0.0	0.0
2019.621	0.0	0.0	0.0
2019.623	0.0	0.0	0.0
2019.626	0.0	0.0	0.0
2019.629	0.0	0.0	0.0
2019.632	0.0	0.0	0.0
2019.634	0.0	0.0	0.0
2019.637	0.0	0.0	0.0
2019.640	0.0	0.0	0.0
2019.643	0.0	0.0	0.0
2019.645	0.0	0.0	0.0
2019.648	0.0	0.0	0.0
2019.651	0.0	0.0	0.0
2019.654	0.0	0.0	0.0
2019.656	0.0	0.0	0.0
2019.659	0.0	0.0	0.0
2019.662	0.0	0.0	0.0
2019.665	0.0	0.0	0.0
2019.667	14.0	0.0	1.6
2019.670	14.0	0.0	0.0
2019.673	5.0	0.0	0.4
2019.676	0.0	0.0	0.0
2019.678	0.0	0.0	0.0
2019.681	0.0	0.0	0.0
2019.684	0.0	0.0	0.0
2019.687	0.0	0.0	0.0
2019.689	0.0	0.0	0.0
2019.692	0.0	0.0	0.0
2019.695	0.0	0.0	0.0
2019.698	0.0	0.0	0.0
2019.700	0.0	0.0	0.0
2019.703	0.0	0.0	0.0
2019.706	0.0	0.0	0.0
2019.708	0.0	0.0	0.0
2019.711	0.0	0.0	0.0
2019.714	0.0	0.0	0.0
2019.717	0.0	0.0	0.0
2019.719	0.0	0.0	0.0
2019.722	0.0	0.0	0.0
2019.725	0.0	0.0	0.0
2019.728	0.0	0.0	0.0
2019.730	0.0	0.0	0.0
2019.733	0.0	0.0	0.0
2019.736	0.0	0.0	0.0
2019.739	0.0	0.0	0.0
2019.741	0.0	0.0	0.0
2019.744	0.0	0.0	0.0
2019.747	0.0	0.0	0.0
2019.749	6.0	0.0	0.5
2019.752	6.0	0.0	0.6
2019.755	0.0	0.0	0.0
2019.758	0.0	0.0	0.0
2019.760	0.0	0.0	0.0
2019.763	0.0	0.0	0.0
2019.766	0.0	0.0	0.0
2019.769	0.0	0.0	0.0
2019.771	0.0	0.0	0.0
2019.774	0.0	0.0	0.0
2019.777	0.0	0.0	0.0
2019.780	0.0	0.0	0.0
2019.782	0.0	0.0	0.0
2019.785	0.0	0.0	0.0
2019.788	0.0	0.0	0.0
2019.790	0.0	0.0	0.0
2019.793	0.0	0.0	0.0
2019.796	0.0	0.0	0.0
2019.799	0.0	0.0	0.0
2019.801	0.0	0.0	0.0
2019.804	0.0	0.0	0.0
2019.807	0.0	0.0	0.0
2019.810	0.0	0.0	0.0
2019.812	0.0	0.0	0.0
2019.815	0.0	0.0	0.0
2019.818	0.0	0.0	0.0
2019.821	0.0	0.0	0.0
2019.823	0.0	0.0	0.0
2019.826	0.0	0.0	0.0
2019.829	0.0	0.0	0.0
2019.832	0.0	0.0	0.0
2019.834	7.0	0.0	1.1
2019.837	0.0	0.0	0.0
2019.840	0.0	0.0	0.0
2019.843	4.0	0.0	0.3
2019.845	0.0	0.0	0.0
2019.848	0.0	0.0	0.0
2019.851	0.0	0.0	0.0
2019.854	0.0	0.0	0.0
2019.856	0.0	0.0	0.0
2019.859	0.0	0.0	0.0
2019.862	0.0	0.0	0.0
2019.865	0.0	0.0	0.0
2019.867	3.0	0.0	0.2
2019.870	0.0	0.0	0.0
2019.873	0.0	0.0	0.0
2019.875	0.0	0.0	0.0
2019.878	0.0	0.0	0.0
2019.881	0.0	0.0	0.0
2019.884	0.0	0.0	0.0
2019.886	0.0	0.0	0.0
2019.889	0.0	0.0	0.0
2019.892	0.0	0.0	0.0
2019.895	0.0	0.0	0.0
2019.897	0.0	0.0	0.0
2019.900	0.0	0.0	0.0
2019.903	0.0	0.0	0.0
2019.906	0.0	0.0	0.0
2019.908	0.0	0.0	0.0
2019.911	0.0	0.0	0.0
2019.914	0.0	0.0	0.0
2019.916	0.0	0.0	0.0
2019.919	0.0	0.0	0.0
2019.922	0.0	0.0	0.0
2019.925	0.0	0.0	0.0
2019.927	0.0	0.0	0.0
2019.930	0.0	0.0	0.0
2019.933	0.0	0.0	0.0
2019.936	0.0	0.0	0.0
2019.938	0.0	0.0	0.0
2019.941	0.0	0.0	0.0
2019.944	0.0	0.0	0.0
2019.947	0.0	0.0	0.0
2019.949	0.0	0.0	0.0
2019.952	0.0	0.0	0.0
2019.955	0.0	0.0	0.0
2019.957	0.0	0.0	0.0
2019.960	0.0	0.0	0.0
2019.963	0.0	0.0	0.0
2019.966	0.0	0.0	0.0
2019.968	0.0	0.0	0.0
2019.971	0.0	0.0	0.0
2019.974	0.0	0.0	0.0
2019.977	0.0	0.0	0.0
2019.979	16.0	0.0	0.9
2019.982	23.0	0.0	0.0
2019.985	8.0	0.0	3.1
2019.988	0.0	0.0	0.0
2019.990	0.0	0.0	0.0
2019.993	0.0	0.0	0.0
2019.996	0.0	0.0	0.0
2019.999	0.0	0.0	0.0
2020.001	6.0	0.0	0.3
2020.004	12.0	0.0	0.7
2020.007	13.0	0.0	1.2
2020.010	12.0	0.0	0.7
2020.012	14.0	0.0	1.3
2020.015	7.0	0.0	0.5
2020.018	4.0	0.0	1.5
2020.021	4.0	0.0	0.8
2020.023	15.0	0.0	1.3
2020.026	4.0	0.0	1.6
2020.029	0.0	0.0	0.0
2020.032	0.0	0.0	0.0
2020.034	0.0	0.0	0.0
2020.037	0.0	0.0	0.0
2020.040	0.0	0.0	0.0
2020.042	0.0	0.0	0.0
2020.045	0.0	0.0	0.0
2020.048	0.0	0.0	0.0
2020.051	0.0	0.0	0.0
2020.053	0.0	0.0	0.0
2020.056	0.0	0.0	0.0
2020.059	0.0	0.0	0.0
2020.062	0.0	0.0	0.0
2020.064	8.0	0.0	0.5
2020.067	12.0	0.0	0.7
2020.070	19.0	0.0	1.5
2020.073	14.0	0.0	0.9
2020.075	12.0	0.0	0.8
2020.078	12.0	0.0	0.9
2020.081	12.0	0.0	0.6
2020.084	12.0	0.0	0.7
2020.086	6.0	0.0	0.4
2020.089	0.0	0.0	0.0
2020.092	0.0	0.0	0.0
2020.095	0.0	0.0	0.0
2020.097	0.0	0.0	0.0
2020.100	0.0	0.0	0.0
2020.103	0.0	0.0	0.0
2020.106	0.0	0.0	0.0
2020.108	0.0	0.0	0.0
2020.111	0.0	0.0	0.0
2020.114	0.0	0.0	0.0
2020.117	0.0	0.0	0.0
2020.119	0.0	0.0	0.0
2020.122	0.0	0.0	0.0
2020.125	0.0	0.0	0.0
2020.127	0.0	0.0	0.0
2020.130	0.0	0.0	0.0
2020.133	0.0	0.0	0.0
2020.136	0.0	0.0	0.0
2020.138	0.0	0.0	0.0
2020.141	0.0	0.0	0.0
2020.144	0.0	0.0	0.0
2020.147	0.0	0.0	0.0
2020.149	0.0	0.0	0.0
2020.152	0.0	0.0	0.0
2020.155	0.0	0.0	0.0
2020.158	0.0	0.0	0.0
2020.160	0.0	0.0	0.0
2020.163	0.0	0.0	0.0
2020.165	0.0	0.0	0.0
2020.168	0.0	0.0	0.0
2020.171	0.0	0.0	0.0
2020.174	0.0	0.0	0.0
2020.176	0.0	0.0	0.0
2020.179	0.0	0.0	0.0
2020.182	2.0	0.0	0.0
2020.185	16.0	0.0	1.2
2020.187	11.0	0.0	0.0
2020.190	0.0	0.0	0.0
2020.193	0.0	0.0	0.0
2020.196	0.0	0.0	0.0
2020.198	0.0	0.0	0.0
2020.201	0.0	0.0	0.0
2020.204	0.0	0.0	0.0
2020.206	0.0	0.0	0.0
2020.209	0.0	0.0	0.0
2020.212	3.0	0.0	0.3
2020.215	0.0	0.0	0.0
2020.217	0.0	0.0	0.0
2020.220	0.0	0.0	0.0
2020.223	0.0	0.0	0.0
2020.226	0.0	0.0	0.0
2020.228	0.0	0.0	0.0
2020.231	0.0	0.0	0.0
2020.234	0.0	0.0	0.0
2020.237	0.0	0.0	0.0
2020.239	0.0	0.0	0.0
2020.242	0.0	0.0	0.0
2020.245	3.0	0.0	0.1
2020.248	11.0	0.0	0.7
2020.250	13.0	0.0	0.9
2020.253	13.0	0.0	0.8
2020.256	13.0	0.0	0.8
2020.259	13.0	0.0	1.1
2020.261	0.0	0.0	0.0
2020.264	0.0	0.0	0.0
2020.267	0.0	0.0	0.0
2020.270	0.0	0.0	0.0
2020.272	0.0	0.0	0.0
2020.275	0.0	0.0	0.0
2020.278	0.0	0.0	0.0
2020.281	0.0	0.0	0.0
2020.283	0.0	0.0	0.0
2020.286	0.0	0.0	0.0
2020.289	0.0	0.0	0.0
2020.291	0.0	0.0	0.0
2020.294	0.0	0.0	0.0
2020.297	0.0	0.0	0.0
2020.300	0.0	0.0	0.0
2020.302	0.0	0.0	0.0
2020.305	0.0	0.0	0.0
2020.308	0.0	0.0	0.0
2020.311	0.0	0.0	0.0
2020.313	0.0	0.0	0.0
2020.316	6.0	0.0	0.4
2020.319	13.0	0.0	0.9
2020.322	26.0	0.0	1.8
2020.324	15.0	0.0	2.8
2020.327	24.0	0.0	0.9
2020.330	20.0	0.0	1.7
2020.332	4.0	0.0	0.9
2020.335	0.0	0.0	0.0
2020.338	0.0	0.0	0.0
2020.341	0.0	0.0	0.0
2020.343	0.0	0.0	0.0
2020.346	0.0	0.0	0.0
2020.349	0.0	0.0	0.0
2020.352	0.0	0.0	0.0
2020.354	0.0	0.0	0.0
2020.357	0.0	0.0	0.0
2020.360	0.0	0.0	0.0
2020.363	0.0	0.0	0.0
2020.365	0.0	0.0	0.0
2020.368	0.0	0.0	0.0
2020.371	0.0	0.0	0.0
2020.373	0.0	0.0	0.0
2020.376	0.0	0.0	0.0
2020.379	0.0	0.0	0.0
2020.382	0.0	0.0	0.0
2020.384	0.0	0.0	0.0
2020.387	0.0	0.0	0.0
2020.390	0.0	0.0	0.0
2020.393	0.0	0.0	0.0
2020.395	0.0	0.0	0.0
2020.398	0.0	0.0	0.0
2020.401	0.0	0.0	0.0
2020.404	0.0	0.0	0.0
2020.406	0.0	0.0	0.0
2020.409	0.0	0.0	0.0
2020.412	0.0	0.0	0.0
2020.415	2.0	0.0	0.0
2020.416	6.0	0.0	0.4
2020.419	0.0	0.0	0.0
2020.422	9.0	0.0	0.7
2020.425	11.0	0.0	0.8
2020.427	13.0	0.0	0.7
2020.430	16.0	0.0	1.0
2020.433	16.0	0.0	1.5
2020.436	16.0	0.0	1.5
2020.438	14.0	0.0	1.1
2020.441	12.0	0.0	1.1
2020.444	11.0	0.0	0.8
2020.447	11.0	0.0	0.9
2020.449	11.0	0.0	0.5
2020.452	11.0	0.0	0.4
2020.455	8.0	0.0	0.6
2020.457	0.0	0.0	0.0
2020.460	0.0	0.0	0.0
2020.463	0.0	0.0	0.0
2020.466	0.0	0.0	0.0
2020.468	0.0	0.0	0.0
2020.471	0.0	0.0	0.0
2020.474	0.0	0.0	0.0
2020.477	0.0	0.0	0.0
2020.479	0.0	0.0	0.0
2020.482	0.0	0.0	0.0
2020.485	6.0	0.0	0.4
2020.488	4.0	0.0	0.8
2020.490	0.0	0.0	0.0
2020.493	0.0	0.0	0.0
2020.496	0.0	0.0	0.0
2020.498	5.0	0.0	0.3
2020.501	0.0	0.0	0.0
2020.504	0.0	0.0	0.0
2020.507	7.0	0.0	0.3
2020.509	5.0	0.0	0.2
2020.512	5.0	0.0	0.2
2020.515	8.0	0.0	3.0
2020.518	0.0	0.0	0.0
2020.520	0.0	0.0	0.0
2020.523	0.0	0.0	0.0
2020.526	0.0	0.0	0.0
2020.529	0.0	0.0	0.0
2020.531	0.0	0.0	0.0
2020.534	0.0	0.0	0.0
2020.537	3.0	0.0	0.0
2020.539	0.0	0.0	0.0
2020.542	0.0	0.0	0.0
2020.545	0.0	0.0	0.0
2020.548	0.0	0.0	0.0
2020.550	0.0	0.0	0.0
2020.553	6.0	0.0	0.1
2020.556	11.0	0.0	0.1
2020.559	11.0	0.0	0.2
2020.561	11.0	0.0	0.4
2020.564	11.0	0.0	0.2
2020.567	12.0	0.0	0.7
2020.570	11.0	0.0	0.3
2020.572	22.0	0.0	0.5
2020.575	22.0	0.0	0.3
2020.578	22.0	0.0	0.7
2020.581	22.0	0.0	0.8
2020.583	27.0	0.0	1.2
2020.586	17.0	0.0	1.4
2020.589	12.0	0.0	6.0
2020.592	12.0	0.0	0.6
2020.594	13.0	0.0	0.7
2020.597	13.0	0.0	0.5
2020.600	17.0	0.0	1.1
2020.603	12.0	0.0	0.5
2020.605	13.0	0.0	0.8
2020.608	13.0	0.0	0.6
2020.611	12.0	0.0	0.8
2020.614	17.0	0.0	1.2
2020.616	10.0	0.0	2.8
2020.619	5.0	0.0	1.2
2020.622	0.0	0.0	0.0
2020.624	0.0	0.0	0.0
2020.627	0.0	0.0	0.0
2020.630	13.0	0.0	0.8
2020.633	15.0	0.0	1.0
2020.635	13.0	0.0	0.9
2020.638	3.0	0.0	0.3
2020.641	0.0	0.0	0.0
2020.644	0.0	0.0	0.0
2020.646	0.0	0.0	0.0
2020.649	0.0	0.0	0.0
2020.652	0.0	0.0	0.0
2020.655	0.0	0.0	0.0
2020.657	0.0	0.0	0.0
2020.660	0.0	0.0	0.0
2020.663	0.0	0.0	0.0
2020.666	0.0	0.0	0.0
2020.668	0.0	0.0	0.0
2020.671	0.0	0.0	0.0
2020.674	0.0	0.0	0.0
2020.677	0.0	0.0	0.0
2020.679	0.0	0.0	0.0
2020.682	0.0	0.0	0.0
2020.685	0.0	0.0	0.0
2020.688	0.0	0.0	0.0
2020.690	0.0	0.0	0.0
2020.693	0.0	0.0	0.0
2020.696	0.0	0.0	0.0
2020.699	0.0	0.0	0.0
2020.701	0.0	0.0	0.0
2020.704	2.0	0.0	0.1
2020.707	0.0	0.0	0.0
2020.709	0.0	0.0	0.0
2020.712	0.0	0.0	0.0
2020.715	0.0	0.0	0.0
2020.718	0.0	0.0	0.0
2020.720	0.0	0.0	0.0
2020.723	0.0	0.0	0.0
2020.726	0.0	0.0	0.0
2020.729	8.0	0.0	0.7
2020.731	6.0	0.0	2.6
2020.734	5.0	0.0	0.4
2020.737	0.0	0.0	0.0
2020.740	0.0	0.0	0.0
2020.742	0.0	0.0	0.0
2020.745	0.0	0.0	0.0
2020.748	0.0	0.0	0.0
2020.750	0.0	0.0	0.0
2020.753	0.0	0.0	0.0
2020.756	0.0	0.0	0.0
2020.759	0.0	0.0	0.0
2020.761	0.0	0.0	0.0
2020.764	0.0	0.0	0.0
2020.767	0.0	0.0	0.0
2020.770	6.0	0.0	1.9
2020.772	23.0	0.0	1.4
2020.775	15.0	0.0	1.3
2020.778	17.0	0.0	1.1
2020.781	16.0	0.0	1.0
2020.783	0.0	0.0	0.0
2020.786	5.0	0.0	0.3
2020.789	13.0	0.0	0.7
2020.791	13.0	0.0	0.7
2020.794	13.0	0.0	0.9
2020.797	23.0	0.0	1.6
2020.800	16.0	0.0	0.9
2020.802	13.0	0.0	1.3
2020.805	11.0	0.0	0.7
2020.808	11.0	0.0	1.0
2020.811	22.0	0.0	0.9
2020.813	21.0	0.0	0.8
2020.816	22.0	0.0	1.6
2020.819	19.0	0.0	1.6
2020.822	44.0	0.0	3.9
2020.824	28.0	0.0	2.0
2020.827	37.0	0.0	3.1
2020.830	31.0	0.0	2.7
2020.833	26.0	0.0	1.3
2020.834	3.0	0.0	1.0
2020.837	8.0	0.0	1.6
2020.840	16.0	0.0	1.3
2020.843	24.0	0.0	1.2
2020.845	31.0	0.0	2.5
2020.848	41.0	0.0	3.4
2020.851	38.0	0.0	3.2
2020.854	44.0	0.0	2.5
2020.856	28.0	0.0	1.8
2020.859	27.0	0.0	2.1
2020.862	31.0	0.0	1.9
2020.865	30.0	0.0	1.1
2020.867	25.0	0.0	1.4
2020.870	22.0	0.0	1.3
2020.873	6.0	0.0	1.8
2020.875	0.0	0.0	0.0
2020.878	12.0	0.0	1.0
2020.881	12.0	0.0	0.8
2020.884	12.0	0.0	0.7
2020.886	12.0	0.0	1.0
2020.889	25.0	0.0	2.2
2020.892	37.0	0.0	2.3
2020.895	48.0	0.0	2.5
2020.897	42.0	0.0	2.2
2020.900	51.0	0.0	4.9
2020.903	57.0	0.0	5.4
2020.906	75.0	0.0	5.2
2020.908	84.0	0.0	4.7
2020.911	94.0	0.0	8.0
2020.914	85.0	0.0	5.6
2020.916	50.0	0.0	14.6
2020.919	46.0	0.0	8.9
2020.922	43.0	0.0	4.6
2020.925	39.0	0.0	6.2
2020.927	36.0	0.0	8.0
2020.930	22.0	0.0	5.5
2020.933	20.0	0.0	5.2
2020.936	13.0	0.0	4.0
2020.938	13.0	0.0	3.7
2020.941	12.0	0.0	2.2
2020.944	11.0	0.0	0.7
2020.947	11.0	0.0	6.2
2020.949	11.0	0.0	3.2
2020.952	13.0	0.0	6.6
2020.955	19.0	0.0	7.8
2020.957	13.0	0.0	0.9
2020.960	12.0	0.0	0.9
2020.963	7.0	0.0	6.3
2020.966	0.0	0.0	0.0
2020.968	0.0	0.0	0.0
2020.971	11.0	0.0	0.6
2020.974	11.0	0.0	1.5
2020.977	23.0	0.0	6.0
2020.979	27.0	0.0	4.0
2020.982	29.0	0.0	3.6
2020.985	32.0	0.0	5.2
2020.988	31.0	0.0	4.7
2020.990	29.0	0.0	5.5
2020.993	30.0	0.0	4.0
2020.996	29.0	0.0	3.7
2020.999	32.0	0.0	5.1
2021.001	23.0	0.0	3.0
2021.004	18.0	0.0	4.8
2021.007	0.0	0.0	0.0
