1982.042    149.800      0.000    10.200
1982.123    230.900      0.000    13.600
1982.204    221.100      0.000    11.400
1982.288    170.300      0.000     8.300
1982.371    119.300      0.000     8.500
1982.455    163.700      0.000    11.200
1982.538    139.400      0.000    14.000
1982.623    161.900      0.000    11.800
1982.707    167.400      0.000     9.700
1982.790    134.300      0.000    10.400
1982.874    127.500      0.000    18.600
1982.958    169.000      0.000    15.400
1983.042    115.500      0.000     8.700
1983.123     73.100      0.000     6.300
1983.204     88.700      0.000     7.100
1983.288    109.600      0.000     9.700
1983.371    132.500      0.000     9.400
1983.455    131.500      0.000     8.200
1983.538    108.900      0.000     7.300
1983.623     96.000      0.000     8.400
1983.707     69.900      0.000     5.500
1983.790     72.500      0.000     7.000
1983.874     45.700      0.000     7.300
1983.958     45.600      0.000     5.500
1984.042     74.800      0.000     6.500
1984.124    110.200      0.000     8.100
1984.206    116.700      0.000     8.700
1984.290     90.400      0.000     7.600
1984.373     96.900      0.000     7.000
1984.456     65.100      0.000     5.400
1984.540     55.700      0.000     5.100
1984.624     35.000      0.000     3.400
1984.708     22.600      0.000     3.900
1984.791     12.600      0.000     3.800
1984.874     26.500      0.000     4.700
1984.958     21.400      0.000     3.900
1985.042     17.800      0.000     3.900
1985.123     20.700      0.000     3.800
1985.204     16.900      0.000     3.900
1985.288     20.400      0.000     3.700
1985.371     32.400      0.000     3.700
1985.455     28.300      0.000     3.900
1985.538     39.900      0.000     3.800
1985.623     10.100      0.000     3.500
1985.707      4.300      0.000     2.400
1985.790     22.000      0.000     4.200
1985.874     17.900      0.000     2.600
1985.958     15.800      0.000     4.600
1986.042      2.800      0.000     2.800
1986.123     27.900      0.000     3.600
1986.204     13.800      0.000     3.800
1986.288     22.400      0.000     4.100
1986.371     16.100      0.000     3.600
1986.455      0.600      0.000     2.100
1986.538     18.100      0.000     3.900
1986.623      9.900      0.000     2.300
1986.707      5.100      0.000     3.000
1986.790     40.100      0.000     4.400
1986.874     15.400      0.000     4.300
1986.958      5.800      0.000     2.800
1987.042      9.800      0.000     2.700
1987.123      3.400      0.000     2.600
1987.204     17.400      0.000     3.000
1987.288     46.000      0.000     4.400
1987.371     39.100      0.000     3.500
1987.455     18.800      0.000     3.500
1987.538     38.200      0.000     4.300
1987.623     47.900      0.000     3.300
1987.707     42.200      0.000     3.500
1987.790     63.400      0.000     4.800
1987.874     48.800      0.000     5.100
1987.958     29.100      0.000     3.200
1988.042     70.500      0.000     5.500
1988.124     45.400      0.000     4.600
1988.206     91.200      0.000     5.700
1988.290    108.800      0.000     6.700
1988.373     74.200      0.000     6.100
1988.456    124.300      0.000     8.300
1988.540    131.400      0.000     9.600
1988.624    139.400      0.000     9.000
1988.708    142.700      0.000     9.400
1988.791    156.500      0.000     9.700
1988.874    156.800      0.000     8.900
1988.958    231.200      0.000    13.500
1989.042    210.100      0.000    15.000
1989.123    208.700      0.000    12.700
1989.204    170.400      0.000    10.200
1989.288    166.300      0.000     9.700
1989.371    195.400      0.000    10.600
1989.455    284.500      0.000    15.500
1989.538    180.500      0.000    10.200
1989.623    232.000      0.000    13.500
1989.707    225.100      0.000    14.900
1989.790    212.200      0.000    11.200
1989.874    238.200      0.000    15.200
1989.958    211.400      0.000    13.500
1990.042    227.400      0.000    13.600
1990.123    171.800      0.000    11.300
1990.204    191.700      0.000    11.000
1990.288    189.700      0.000    10.100
1990.371    175.200      0.000    10.000
1990.455    153.300      0.000     9.100
1990.538    191.100      0.000     9.800
1990.623    252.100      0.000    12.800
1990.707    169.100      0.000     9.200
1990.790    199.400      0.000    12.600
1990.874    178.800      0.000    12.300
1990.958    197.100      0.000    12.600
1991.042    195.300      0.000    14.500
1991.123    240.300      0.000    13.900
1991.204    197.000      0.000    11.800
1991.288    197.600      0.000    11.900
1991.371    166.900      0.000     9.900
1991.455    224.700      0.000    12.900
1991.538    240.200      0.000    13.700
1991.623    240.800      0.000    14.300
1991.707    168.900      0.000    11.300
1991.790    197.100      0.000    13.200
1991.874    159.500      0.000    10.100
1991.958    212.600      0.000    14.100
1992.042    198.300      0.000    12.900
1992.124    230.700      0.000    14.500
1992.206    151.000      0.000     9.200
1992.290    142.200      0.000     9.500
1992.373     94.300      0.000     7.700
1992.456     98.500      0.000     6.600
1992.540    114.200      0.000     7.700
1992.624     91.900      0.000     6.700
1992.708     94.000      0.000     5.500
1992.791    133.400      0.000     8.200
1992.874    129.600      0.000     8.200
1992.958    122.000      0.000     8.400
1993.042     81.400      0.000     5.900
1993.123    127.800      0.000     8.300
1993.204    102.400      0.000     6.600
1993.288     94.400      0.000     6.700
1993.371     78.800      0.000     5.700
1993.455     69.600      0.000     5.400
1993.538     80.400      0.000     5.400
1993.623     62.500      0.000     5.000
1993.707     31.200      0.000     4.500
1993.790     71.100      0.000     5.500
1993.874     48.200      0.000     4.400
1993.958     68.400      0.000     5.900
1994.042     84.900      0.000     6.600
1994.123     54.900      0.000     4.800
1994.204     47.500      0.000     4.100
1994.288     27.400      0.000     3.900
1994.371     29.800      0.000     4.100
1994.455     39.700      0.000     5.000
1994.538     50.600      0.000     4.300
1994.623     34.300      0.000     3.200
1994.707     40.500      0.000     4.100
1994.790     67.100      0.000     4.200
1994.874     29.500      0.000     4.700
1994.958     32.200      0.000     3.500
1995.042     32.600      0.000     5.300
1995.123     45.800      0.000     3.900
1995.204     46.300      0.000     3.800
1995.288     21.600      0.000     3.600
1995.371     19.400      0.000     2.800
1995.455     22.500      0.000     3.800
1995.538     20.400      0.000     3.100
1995.623     18.200      0.000     3.600
1995.707     15.700      0.000     3.000
1995.790     30.600      0.000     3.700
1995.874     14.000      0.000     3.700
1995.958     14.900      0.000     3.600
1996.042     13.300      0.000     3.400
1996.124      7.700      0.000     3.400
1996.206     12.600      0.000     3.100
1996.290      6.800      0.000     2.500
1996.373      7.600      0.000     3.100
1996.456     16.500      0.000     2.900
1996.540     11.800      0.000     2.600
1996.624     19.700      0.000     3.500
1996.708      3.000      0.000     2.500
1996.791      0.700      0.000     2.100
1996.874     24.900      0.000     4.400
1996.958     14.000      0.000     2.900
1997.042      7.400      0.000     3.200
1997.123     11.000      0.000     2.900
1997.204     12.100      0.000     2.400
1997.288     23.000      0.000     3.300
1997.371     25.400      0.000     2.800
1997.455     20.800      0.000     2.500
1997.538     12.900      0.000     4.200
1997.623     35.700      0.000     3.800
1997.707     59.700      0.000     4.800
1997.790     32.800      0.000     3.600
1997.874     50.400      0.000     4.700
1997.958     55.500      0.000     4.600
1998.042     44.500      0.000     4.600
1998.123     50.200      0.000     4.600
1998.204     82.000      0.000     5.900
1998.288     70.600      0.000     7.200
1998.371     74.000      0.000     4.800
1998.455     90.500      0.000     6.000
1998.538     96.700      0.000     6.300
1998.623    121.100      0.000     7.400
1998.707    132.000      0.000     8.600
1998.790     78.500      0.000     6.600
1998.874     97.300      0.000     6.800
1998.958    119.200      0.000     9.400
1999.042     86.000      0.000     7.600
1999.123     98.000      0.000     7.600
1999.204    103.500      0.000     6.800
1999.288     93.600      0.000     7.500
1999.371    149.600      0.000     8.500
1999.455    207.200      0.000    10.500
1999.538    173.500      0.000     9.300
1999.623    142.300      0.000    12.900
1999.707    106.300      0.000     6.500
1999.790    168.700      0.000    10.400
1999.874    188.300      0.000    12.300
1999.958    116.800      0.000     9.300
2000.042    133.100      0.000    10.400
2000.124    165.700      0.000    10.400
2000.206    217.700      0.000    11.900
2000.290    191.500      0.000    10.200
2000.373    165.900      0.000    10.100
2000.456    188.000      0.000     8.800
2000.540    244.300      0.000    12.000
2000.624    180.500      0.000     9.400
2000.708    156.000      0.000    11.200
2000.791    141.600      0.000     8.000
2000.874    158.100      0.000     8.900
2000.958    143.300      0.000     8.700
2001.042    142.600      0.000     9.200
2001.123    121.500      0.000     8.100
2001.204    165.800      0.000    11.900
2001.288    161.700      0.000     9.400
2001.371    142.100      0.000     8.300
2001.455    202.900      0.000    10.800
2001.538    123.000      0.000     8.400
2001.623    161.500      0.000     9.300
2001.707    238.200      0.000    12.100
2001.790    194.100      0.000    11.300
2001.874    176.600      0.000    13.300
2001.958    213.400      0.000    12.500
2002.042    184.600      0.000    11.700
2002.123    170.200      0.000    11.300
2002.204    147.100      0.000     9.100
2002.288    186.900      0.000     9.800
2002.371    187.500      0.000     9.700
2002.455    128.800      0.000     7.700
2002.538    161.000      0.000    11.000
2002.623    175.600      0.000     9.800
2002.707    187.900      0.000    10.100
2002.790    151.200      0.000     8.000
2002.874    147.200      0.000     8.200
2002.958    135.300      0.000    10.000
2003.042    133.500      0.000     7.400
2003.123     75.700      0.000     5.700
2003.204    100.700      0.000     7.500
2003.288     97.900      0.000     6.400
2003.371     86.800      0.000     6.600
2003.455    118.700      0.000     7.900
2003.538    128.300      0.000     7.900
2003.623    115.400      0.000     7.300
2003.707     78.500      0.000     5.800
2003.790     97.800      0.000     8.800
2003.874     82.900      0.000     6.300
2003.958     72.200      0.000     5.300
2004.042     60.600      0.000     5.200
2004.124     74.600      0.000     6.000
2004.206     74.800      0.000     5.100
2004.290     59.200      0.000     5.100
2004.373     72.800      0.000     5.700
2004.456     66.500      0.000     6.800
2004.540     83.800      0.000     8.800
2004.624     69.700      0.000     5.500
2004.708     48.800      0.000     5.300
2004.791     74.200      0.000     5.500
2004.874     70.100      0.000     5.400
2004.958     28.900      0.000     3.400
2005.042     48.100      0.000     4.600
2005.123     43.500      0.000     4.300
2005.204     39.600      0.000     3.800
2005.288     38.700      0.000     3.800
2005.371     61.900      0.000     5.700
2005.455     56.800      0.000     5.300
2005.538     62.400      0.000     6.100
2005.623     60.500      0.000     5.300
2005.707     37.200      0.000     4.500
2005.790     13.200      0.000     3.400
2005.874     27.500      0.000     4.100
2005.958     59.300      0.000     3.900
2006.042     20.900      0.000     3.400
2006.123      5.700      0.000     3.700
2006.204     17.300      0.000     4.200
2006.288     50.300      0.000     5.100
2006.371     37.200      0.000     3.900
2006.455     24.500      0.000     3.300
2006.538     22.200      0.000     2.400
2006.623     20.800      0.000     2.500
2006.707     23.700      0.000     3.000
2006.790     14.900      0.000     2.400
2006.874     35.700      0.000     3.500
2006.958     22.300      0.000     3.500
2007.042     29.300      0.000     2.800
2007.123     18.400      0.000     2.700
2007.204      7.200      0.000     2.800
2007.288      5.400      0.000     2.400
2007.371     19.500      0.000     3.300
2007.455     21.300      0.000     3.400
2007.538     15.100      0.000     1.900
2007.623      9.800      0.000     2.200
2007.707      4.000      0.000     2.100
2007.790      1.500      0.000     2.400
2007.874      2.800      0.000     2.500
2007.958     17.300      0.000     3.100
2008.042      4.100      0.000     2.800
2008.124      2.900      0.000     2.400
2008.206     15.500      0.000     2.700
2008.290      3.600      0.000     2.300
2008.373      4.600      0.000     3.200
2008.456      5.200      0.000     2.300
2008.540      0.600      0.000     2.000
2008.624      0.300      0.000     2.000
2008.708      1.200      0.000     2.400
2008.791      4.200      0.000     2.900
2008.874      6.600      0.000     2.400
2008.958      1.000      0.000     2.000
2009.042      1.300      0.000     2.000
2009.123      1.200      0.000     2.200
2009.204      0.600      0.000     2.000
2009.288      1.200      0.000     2.200
2009.371      2.900      0.000     2.400
2009.455      6.300      0.000     2.700
2009.538      5.500      0.000     2.600
2009.623      0.000      0.000     2.000
2009.707      7.100      0.000     2.200
2009.790      7.700      0.000     2.700
2009.874      6.900      0.000     3.200
2009.958     16.300      0.000     3.500
2010.042     19.500      0.000     2.500
2010.123     28.500      0.000     2.700
2010.204     24.000      0.000     3.600
2010.288     10.400      0.000     3.300
2010.371     13.900      0.000     3.400
2010.455     18.800      0.000     3.000
2010.538     25.200      0.000     3.400
2010.623     29.600      0.000     3.400
2010.707     36.400      0.000     4.000
2010.790     33.600      0.000     3.900
2010.874     34.400      0.000     3.700
2010.958     24.500      0.000     3.600
2011.042     27.300      0.000     3.100
2011.123     48.300      0.000     5.100
2011.204     78.600      0.000     6.900
2011.288     76.100      0.000     6.200
2011.371     58.200      0.000     5.000
2011.455     56.100      0.000     5.000
2011.538     64.500      0.000     4.800
2011.623     65.800      0.000     5.600
2011.707    120.100      0.000     8.800
2011.790    125.700      0.000     9.000
2011.874    139.100      0.000     9.900
2011.958    109.300      0.000     8.400
2012.042     94.400      0.000     7.100
2012.124     47.800      0.000     4.400
2012.206     86.600      0.000     7.300
2012.290     85.900      0.000     6.900
2012.373     96.500      0.000     7.200
2012.456     92.000      0.000     6.500
2012.540    100.100      0.000     7.300
2012.624     94.800      0.000     6.500
2012.708     93.700      0.000     8.100
2012.791     76.500      0.000     5.100
2012.874     87.600      0.000     6.500
2012.958     56.800      0.000     5.100
2013.042     96.100      0.000     6.300
2013.123     60.900      0.000     4.400
2013.204     78.300      0.000     6.100
2013.288    107.300      0.000     6.800
2013.371    120.200      0.000     8.200
2013.455     76.700      0.000     5.200
2013.538     86.200      0.000     6.700
2013.623     91.800      0.000     6.600
2013.707     54.500      0.000     5.300
2013.790    114.400      0.000     8.200
2013.874    113.900      0.000     8.200
2013.958    124.200      0.000     9.100
2014.042    117.000      0.000     8.200
2014.123    146.100      0.000    10.700
2014.204    128.700      0.000     8.600
2014.288    112.500      0.000     6.900
2014.371    112.500      0.000     7.500
2014.455    102.900      0.000     7.700
2014.538    100.200      0.000     7.400
2014.623    106.900      0.000     7.600
2014.707    130.000      0.000     8.700
2014.790     90.000      0.000     6.900
2014.874    103.600      0.000     8.500
2014.958    112.900      0.000     7.400
2015.042     93.000      0.000     7.500
2015.123     66.700      0.000     5.300
2015.204     54.500      0.000     4.800
2015.288     75.300      0.000     8.200
2015.371     88.800      0.000     8.600
2015.455     66.500      0.000     6.300
2015.538     65.800      0.000     5.700
2015.623     64.400      0.000     5.200
2015.707     78.600      0.000     6.400
2015.790     63.600      0.000     5.400
2015.874     62.200      0.000     5.200
2015.958     58.000      0.000     5.400
2016.042     57.000      0.000     4.700
2016.124     56.400      0.000     5.100
2016.206     54.100      0.000     4.900
2016.288     37.900      0.000     3.500
2016.373     51.500      0.000     4.700
2016.455     20.500      0.000     2.000
2016.540     32.400      0.000     3.800
2016.624     50.200      0.000     4.500
2016.706     44.600      0.000     3.800
2016.791     33.400      0.000     3.100
2016.873     21.400      0.000     2.600
2016.958     18.500      0.000     2.400
2017.042     26.100      0.000     2.500
2017.122     26.400      0.000     3.700
2017.204     17.700      0.000     2.600
2017.286     32.300      0.000     3.700
2017.371     18.900      0.000     1.800
2017.453     19.200      0.000     1.400
2017.538     17.800      0.000     2.600
2017.623     32.600      0.000     2.900
2017.705     43.700      0.000     4.100
2017.790     13.200      0.000     1.000
2017.873      5.700      0.000     0.500
2017.958      8.200      0.000     1.200
2018.042      6.800      0.000     1.500
2018.122     10.700      0.000     1.100
2018.204      2.500      0.000     0.400
2018.286      8.900      0.000     1.300
2018.371     13.100      0.000     1.600
2018.453     15.600      0.000     1.600
2018.538      1.600      0.000     0.600
2018.623      8.700      0.000     1.000
2018.705      3.300      0.000     0.600
2018.790      4.900      0.000     1.200
2018.873      4.900      0.000     0.600
2018.958      3.100      0.000     0.500
2019.042      7.700      0.000     0.800
2019.122      0.800      0.000     0.100
2019.204      9.400      0.000     1.000
2019.286      9.100      0.000     0.700
2019.371      9.900      0.000     0.700
2019.453      1.200      0.000     0.700
2019.538      0.900      0.000     0.200
2019.623      0.500      0.000     0.100
2019.705      1.100      0.000     0.300
2019.790      0.400      0.000     0.100
2019.873      0.500      0.000     0.100
2019.958      1.500      0.000     0.500
2020.042      6.200      0.000     0.700
2020.124      0.200      0.000     0.100
2020.206      1.500      0.000     0.100
2020.288      5.400      0.000     0.600
2020.373      0.200      0.000     0.100
2020.455      5.800      0.000     0.500
