2020 01 01 2020.001  11   1.4  17  31
2020 01 02 2020.004  12   1.9  21  27
2020 01 03 2020.007  14   2.0  17  21
2020 01 04 2020.010  13   1.9  28  36
2020 01 05 2020.012  14   2.3  22  30
2020 01 06 2020.015   7   6.2  34  37
2020 01 07 2020.018   0   0.0  18  28
2020 01 08 2020.020   0   0.0  20  30
2020 01 09 2020.023  15   1.7  23  28
2020 01 10 2020.026   0   0.0  23  33
2020 01 11 2020.029   0   0.0  25  26
2020 01 12 2020.031   0   0.0  28  30
2020 01 13 2020.034   0   0.0  26  28
2020 01 14 2020.037   0   0.0  19  20
2020 01 15 2020.040   0   0.0  26  29
2020 01 16 2020.042   0   0.0  30  31
2020 01 17 2020.045   0   0.0  23  25
2020 01 18 2020.048   0   0.0  31  34
2020 01 19 2020.051   0   0.0  32  36
2020 01 20 2020.053   0   0.0  18  23
2020 01 21 2020.056   0   0.0  25  27
2020 01 22 2020.059   0   0.0  17  19
2020 01 23 2020.061   0   0.0  21  21
2020 01 24 2020.064  11   1.5  15  21
2020 01 25 2020.067  11   1.4   9  12
2020 01 26 2020.070  16   0.0   1   1
