2020 06 01 2020.417   5   5.0  49  51
2020 06 02 2020.419   0   0.0  41  45
2020 06 03 2020.422  10   1.1  32  40
2020 06 04 2020.425  11   0.7  24  29
2020 06 05 2020.428  12   1.3  31  37
2020 06 06 2020.430  14   1.5  36  40
2020 06 07 2020.433  15   1.2  25  33
2020 06 08 2020.436  15   0.9  29  36
2020 06 09 2020.439  14   1.2  32  36
2020 06 10 2020.441  11   0.9  23  29
2020 06 11 2020.444  10   0.9  29  34
2020 06 12 2020.447  11   1.0  36  41
2020 06 13 2020.449  10   0.8  38  44
2020 06 14 2020.452  10   0.7  31  38
2020 06 15 2020.455   7   4.5  39  42
2020 06 16 2020.458   0   0.0  30  32
2020 06 17 2020.460   0   0.0  31  33
2020 06 18 2020.463   0   0.0  32  35
2020 06 19 2020.466   0   0.0  31  31
2020 06 20 2020.469   0   0.0  36  38
2020 06 21 2020.471   0   0.0  32  32
2020 06 22 2020.474   0   0.0  32  34
2020 06 23 2020.477   0   0.0  28  30
