1749.536 135.9 0 0 
1749.621 137.9 0 0 
1749.706 140.2 0 0 
1749.788 143.8 0 0 
1749.873 146.4 0 0 
1749.955 147.9 0 0 
1750.04 148.4 0 0 
1750.125 150.3 0 0 
1750.202 153.9 0 0 
1750.287 154.3 0 0 
1750.369 147.0 0 0 
1750.454 139.7 0 0 
1750.536 138.8 0 0 
1750.621 136.3 0 0 
1750.706 131.0 0 0 
1750.788 125.7 0 0 
1750.873 121.5 0 0 
1750.955 116.0 0 0 
1751.04 111.3 0 0 
1751.125 106.9 0 0 
1751.202 99.2 0 0 
1751.287 91.6 0 0 
1751.369 86.2 0 0 
1751.454 81.6 0 0 
1751.536 77.0 0 0 
1751.621 75.0 0 0 
1751.706 77.3 0 0 
1751.788 79.2 0 0 
1751.873 79.4 0 0 
1751.955 78.5 0 0 
1752.04 78.6 0 0 
1752.125 77.3 0 0 
1752.204 75.5 0 0 
1752.289 77.3 0 0 
1752.371 79.6 0 0 
1752.455 79.9 0 0 
1752.537 80.3 0 0 
1752.622 79.7 0 0 
1752.707 76.7 0 0 
1752.789 73.4 0 0 
1752.873 70.3 0 0 
1752.955 68.1 0 0 
1753.04 63.6 0 0 
1753.125 60.4 0 0 
1753.202 61.1 0 0 
1753.287 59.7 0 0 
1753.369 57.0 0 0 
1753.454 53.4 0 0 
1753.536 48.1 0 0 
1753.621 43.0 0 0 
1753.706 37.9 0 0 
1753.788 33.2 0 0 
1753.873 30.4 0 0 
1753.955 29.0 0 0 
1754.04 28.5 0 0 
1754.125 26.4 0 0 
1754.202 23.2 0 0 
1754.287 21.7 0 0 
1754.369 21.2 0 0 
1754.454 20.5 0 0 
1754.536 21.1 0 0 
1754.621 22.3 0 0 
1754.706 23.3 0 0 
1754.788 23.1 0 0 
1754.873 21.2 0 0 
1754.955 17.9 0 0 
1755.04 15.3 0 0 
1755.125 14.0 0 0 
1755.202 14.0 0 0 
1755.287 14.7 0 0 
1755.369 14.2 0 0 
1755.454 14.8 0 0 
1755.536 16.1 0 0 
1755.621 16.0 0 0 
1755.706 15.6 0 0 
1755.788 15.7 0 0 
1755.873 16.8 0 0 
1755.955 18.5 0 0 
1756.04 19.1 0 0 
1756.125 19.0 0 0 
1756.204 18.8 0 0 
1756.289 17.7 0 0 
1756.371 17.7 0 0 
1756.455 17.7 0 0 
1756.537 17.1 0 0 
1756.622 18.2 0 0 
1756.707 20.6 0 0 
1756.789 23.5 0 0 
1756.873 26.7 0 0 
1756.955 28.5 0 0 
1757.04 29.9 0 0 
1757.125 34.6 0 0 
1757.202 39.6 0 0 
1757.287 42.8 0 0 
1757.369 47.4 0 0 
1757.454 52.4 0 0 
1757.536 55.7 0 0 
1757.621 59.5 0 0 
1757.706 63.2 0 0 
1757.788 67.7 0 0 
1757.873 71.2 0 0 
1757.955 74.0 0 0 
1758.04 77.6 0 0 
1758.125 78.0 0 0 
1758.202 78.7 0 0 
1758.287 80.7 0 0 
1758.369 79.5 0 0 
1758.454 78.7 0 0 
1758.536 80.1 0 0 
1758.621 80.3 0 0 
1758.706 79.6 0 0 
1758.788 77.6 0 0 
1758.873 76.1 0 0 
1758.955 76.6 0 0 
1759.04 77.4 0 0 
1759.125 80.2 0 0 
1759.202 83.5 0 0 
1759.287 86.0 0 0 
1759.369 87.8 0 0 
1759.454 89.0 0 0 
1759.536 91.3 0 0 
1759.621 93.7 0 0 
1759.706 96.7 0 0 
1759.788 99.4 0 0 
1759.873 101.8 0 0 
1759.955 103.3 0 0 
1760.04 104.2 0 0 
1760.125 105.5 0 0 
1760.204 104.7 0 0 
1760.289 103.0 0 0 
1760.371 103.3 0 0 
1760.455 104.5 0 0 
1760.537 105.0 0 0 
1760.622 107.3 0 0 
1760.707 109.9 0 0 
1760.789 111.3 0 0 
1760.873 114.7 0 0 
1760.955 120.7 0 0 
1761.04 126.1 0 0 
1761.125 129.2 0 0 
1761.202 133.0 0 0 
1761.287 138.4 0 0 
1761.369 143.1 0 0 
1761.454 144.1 0 0 
1761.536 141.3 0 0 
1761.621 138.2 0 0 
1761.706 134.5 0 0 
1761.788 131.3 0 0 
1761.873 125.8 0 0 
1761.955 119.6 0 0 
1762.04 113.8 0 0 
1762.125 108.0 0 0 
1762.202 104.2 0 0 
1762.287 100.6 0 0 
1762.369 98.4 0 0 
1762.454 99.7 0 0 
1762.536 102.8 0 0 
1762.621 100.8 0 0 
1762.706 97.2 0 0 
1762.788 94.5 0 0 
1762.873 92.1 0 0 
1762.955 88.8 0 0 
1763.04 87.3 0 0 
1763.125 85.9 0 0 
1763.202 83.0 0 0 
1763.287 81.3 0 0 
1763.369 78.6 0 0 
1763.454 76.3 0 0 
1763.536 75.4 0 0 
1763.621 77.6 0 0 
1763.706 79.9 0 0 
1763.788 80.4 0 0 
1763.873 81.3 0 0 
1763.955 81.7 0 0 
1764.04 79.7 0 0 
1764.125 78.2 0 0 
1764.204 75.7 0 0 
1764.289 71.7 0 0 
1764.371 68.0 0 0 
1764.455 63.1 0 0 
1764.537 58.1 0 0 
1764.622 53.3 0 0 
1764.707 49.9 0 0 
1764.789 48.0 0 0 
1764.873 45.4 0 0 
1764.955 43.1 0 0 
1765.04 42.2 0 0 
1765.125 41.9 0 0 
1765.202 41.1 0 0 
1765.287 39.2 0 0 
1765.369 37.4 0 0 
1765.454 35.7 0 0 
1765.536 34.0 0 0 
1765.621 32.1 0 0 
1765.706 31.9 0 0 
1765.788 31.6 0 0 
1765.873 30.9 0 0 
1765.955 30.2 0 0 
1766.04 27.4 0 0 
1766.125 24.0 0 0 
1766.202 21.4 0 0 
1766.287 19.9 0 0 
1766.369 18.7 0 0 
1766.454 18.6 0 0 
1766.536 20.1 0 0 
1766.621 22.5 0 0 
1766.706 24.2 0 0 
1766.788 26.6 0 0 
1766.873 28.6 0 0 
1766.955 30.9 0 0 
1767.04 34.3 0 0 
1767.125 38.2 0 0 
1767.202 43.4 0 0 
1767.287 48.8 0 0 
1767.369 54.9 0 0 
1767.454 60.7 0 0 
1767.536 64.9 0 0 
1767.621 69.2 0 0 
1767.706 71.9 0 0 
1767.788 72.8 0 0 
1767.873 76.8 0 0 
1767.955 83.2 0 0 
1768.04 88.4 0 0 
1768.125 92.4 0 0 
1768.204 96.4 0 0 
1768.289 101.0 0 0 
1768.371 105.8 0 0 
1768.455 112.4 0 0 
1768.537 117.8 0 0 
1768.622 119.1 0 0 
1768.707 120.2 0 0 
1768.789 125.2 0 0 
1768.873 128.7 0 0 
1768.955 129.6 0 0 
1769.04 135.4 0 0 
1769.125 143.7 0 0 
1769.202 152.5 0 0 
1769.287 163.2 0 0 
1769.369 172.8 0 0 
1769.454 176.8 0 0 
1769.536 178.9 0 0 
1769.621 186.4 0 0 
1769.706 193.0 0 0 
1769.788 190.9 0 0 
1769.873 187.5 0 0 
1769.955 186.5 0 0 
1770.04 185.1 0 0 
1770.125 184.9 0 0 
1770.202 182.2 0 0 
1770.287 175.3 0 0 
1770.369 170.4 0 0 
1770.454 168.7 0 0 
1770.536 163.3 0 0 
1770.621 151.9 0 0 
1770.706 142.9 0 0 
1770.788 141.5 0 0 
1770.873 148.2 0 0 
1770.955 156.5 0 0 
1771.04 156.1 0 0 
1771.125 148.4 0 0 
1771.202 143.5 0 0 
1771.287 142.3 0 0 
1771.369 139.1 0 0 
1771.454 136.4 0 0 
1771.536 140.5 0 0 
1771.621 148.1 0 0 
1771.706 150.1 0 0 
1771.788 150.9 0 0 
1771.873 144.8 0 0 
1771.955 132.5 0 0 
1772.04 128.9 0 0 
1772.125 129.4 0 0 
1772.204 125.7 0 0 
1772.289 121.4 0 0 
1772.371 117.9 0 0 
1772.455 113.0 0 0 
1772.537 107.6 0 0 
1772.622 100.1 0 0 
1772.707 97.2 0 0 
1772.789 94.5 0 0 
1772.873 90.6 0 0 
1772.955 88.8 0 0 
1773.04 83.4 0 0 
1773.125 76.9 0 0 
1773.202 72.4 0 0 
1773.287 67.3 0 0 
1773.369 62.3 0 0 
1773.454 59.4 0 0 
1773.536 57.4 0 0 
1773.621 59.4 0 0 
1773.706 62.2 0 0 
1773.788 63.3 0 0 
1773.873 64.8 0 0 
1773.955 65.5 0 0 
1774.04 64.8 0 0 
1774.125 63.7 0 0 
1774.202 61.8 0 0 
1774.287 59.4 0 0 
1774.369 56.9 0 0 
1774.454 53.2 0 0 
1774.536 48.1 0 0 
1774.621 40.6 0 0 
1774.706 33.0 0 0 
1774.788 27.7 0 0 
1774.873 22.1 0 0 
1774.955 17.7 0 0 
1775.04 15.4 0 0 
1775.125 14.4 0 0 
1775.202 14.1 0 0 
1775.287 13.2 0 0 
1775.369 12.5 0 0 
1775.454 12.0 0 0 
1775.536 12.9 0 0 
1775.621 14.9 0 0 
1775.706 15.3 0 0 
1775.788 15.7 0 0 
1775.873 16.9 0 0 
1775.955 17.9 0 0 
1776.04 18.4 0 0 
1776.125 19.5 0 0 
1776.204 21.5 0 0 
1776.289 24.1 0 0 
1776.371 27.2 0 0 
1776.455 30.8 0 0 
1776.537 34.7 0 0 
1776.622 38.0 0 0 
1776.707 42.0 0 0 
1776.789 49.4 0 0 
1776.873 59.3 0 0 
1776.955 68.4 0 0 
1777.04 79.2 0 0 
1777.125 91.8 0 0 
1777.202 104.9 0 0 
1777.287 117.1 0 0 
1777.369 130.2 0 0 
1777.454 146.0 0 0 
1777.536 163.4 0 0 
1777.621 177.6 0 0 
1777.706 189.3 0 0 
1777.788 199.3 0 0 
1777.873 213.7 0 0 
1777.955 231.1 0 0 
1778.04 241.4 0 0 
1778.125 247.4 0 0 
1778.202 253.2 0 0 
1778.287 260.5 0 0 
1778.369 264.3 0 0 
1778.454 260.9 0 0 
1778.536 252.9 0 0 
1778.621 252.5 0 0 
1778.706 255.3 0 0 
1778.788 254.2 0 0 
1778.873 247.3 0 0 
1778.955 236.4 0 0 
1779.04 231.7 0 0 
1779.125 229.1 0 0 
1779.202 222.9 0 0 
1779.287 216.5 0 0 
1779.369 211.7 0 0 
1779.454 209.5 0 0 
1779.536 206.8 0 0 
1779.621 199.0 0 0 
1779.706 192.9 0 0 
1779.788 188.0 0 0 
1779.873 182.3 0 0 
1779.955 178.2 0 0 
1780.04 172.5 0 0 
1780.125 166.7 0 0 
1780.204 163.7 0 0 
1780.289 159.2 0 0 
1780.371 152.2 0 0 
1780.455 144.9 0 0 
1780.537 143.3 0 0 
1780.622 143.7 0 0 
1780.707 139.0 0 0 
1780.789 134.0 0 0 
1780.873 131.9 0 0 
1780.955 132.4 0 0 
1781.04 132.2 0 0 
1781.125 130.0 0 0 
1781.202 125.6 0 0 
1781.287 119.2 0 0 
1781.369 116.3 0 0 
1781.454 115.1 0 0 
1781.536 110.4 0 0 
1781.621 104.7 0 0 
1781.706 101.0 0 0 
1781.788 98.0 0 0 
1781.873 92.6 0 0 
1781.955 85.0 0 0 
1782.04 78.3 0 0 
1782.125 74.2 0 0 
1782.202 71.5 0 0 
1782.287 70.0 0 0 
1782.369 67.3 0 0 
1782.454 64.5 0 0 
1782.536 62.3 0 0 
1782.621 60.6 0 0 
1782.706 59.9 0 0 
1782.788 58.3 0 0 
1782.873 55.3 0 0 
1782.955 52.2 0 0 
1783.04 51.0 0 0 
1783.125 49.0 0 0 
1783.202 46.2 0 0 
1783.287 44.1 0 0 
1783.369 41.9 0 0 
1783.454 39.4 0 0 
1783.536 37.0 0 0 
1783.621 33.8 0 0 
1783.706 30.6 0 0 
1783.788 28.2 0 0 
1783.873 25.7 0 0 
1783.955 23.4 0 0 
1784.04 20.5 0 0 
1784.125 18.0 0 0 
1784.204 16.7 0 0 
1784.289 16.2 0 0 
1784.371 16.3 0 0 
1784.455 16.7 0 0 
1784.537 16.5 0 0 
1784.622 16.0 0 0 
1784.707 15.9 0 0 
1784.789 16.2 0 0 
1784.873 17.6 0 0 
1784.955 19.8 0 0 
1785.04 23.1 0 0 
1785.125 25.9 0 0 
1785.202 28.1 0 0 
1785.287 32.4 0 0 
1785.369 36.7 0 0 
1785.454 39.2 0 0 
1785.536 42.3 0 0 
1785.621 47.2 0 0 
1785.706 52.6 0 0 
1785.788 60.1 0 0 
1785.873 69.9 0 0 
1785.955 77.2 0 0 
1786.04 82.7 0 0 
1786.125 90.8 0 0 
1786.202 101.1 0 0 
1786.287 111.2 0 0 
1786.369 121.0 0 0 
1786.454 132.2 0 0 
1786.536 144.9 0 0 
1786.621 155.7 0 0 
1786.706 162.5 0 0 
1786.788 168.2 0 0 
1786.873 174.0 0 0 
1786.955 179.8 0 0 
1787.04 185.7 0 0 
1787.125 192.1 0 0 
1787.202 198.6 0 0 
1787.287 204.9 0 0 
1787.369 209.8 0 0 
1787.454 215.8 0 0 
1787.536 220.3 0 0 
1787.621 222.1 0 0 
1787.706 227.6 0 0 
1787.788 230.2 0 0 
1787.873 227.4 0 0 
1787.955 229.7 0 0 
1788.04 234.4 0 0 
1788.125 235.3 0 0 
1788.204 234.1 0 0 
1788.289 231.9 0 0 
1788.371 227.6 0 0 
1788.455 221.3 0 0 
1788.537 216.5 0 0 
1788.622 214.6 0 0 
1788.707 212.7 0 0 
1788.789 212.1 0 0 
1788.873 213.8 0 0 
1788.955 212.2 0 0 
1789.04 208.1 0 0 
1789.125 204.1 0 0 
1789.202 199.8 0 0 
1789.287 194.2 0 0 
1789.369 193.3 0 0 
1789.454 196.4 0 0 
1789.536 196.1 0 0 
1789.621 195.5 0 0 
1789.706 194.0 0 0 
1789.788 190.3 0 0 
1789.873 186.1 0 0 
1789.955 182.0 0 0 
1790.04 176.7 0 0 
1790.125 172.3 0 0 
1790.202 168.7 0 0 
1790.287 166.0 0 0 
1790.369 162.0 0 0 
1790.454 154.1 0 0 
1790.536 147.7 0 0 
1790.621 141.1 0 0 
1790.706 135.0 0 0 
1790.788 132.2 0 0 
1790.873 129.7 0 0 
1790.955 126.5 0 0 
1791.04 124.8 0 0 
1791.125 121.9 0 0 
1791.202 118.1 0 0 
1791.287 115.7 0 0 
1791.369 113.1 0 0 
1791.454 111.5 0 0 
1791.536 109.9 0 0 
1791.621 109.1 0 0 
1791.706 108.4 0 0 
1791.788 107.6 0 0 
1791.873 106.7 0 0 
1791.955 105.6 0 0 
1792.04 103.7 0 0 
1792.125 103.1 0 0 
1792.204 103.7 0 0 
1792.289 103.0 0 0 
1792.371 102.2 0 0 
1792.455 100.8 0 0 
1792.537 99.9 0 0 
1792.622 99.2 0 0 
1792.707 98.0 0 0 
1792.789 95.9 0 0 
1792.873 93.7 0 0 
1792.955 92.3 0 0 
1793.04 91.9 0 0 
1793.125 90.1 0 0 
1793.202 85.5 0 0 
1793.287 82.2 0 0 
1793.369 80.5 0 0 
1793.454 78.9 0 0 
1793.536 77.4 0 0 
1793.621 75.9 0 0 
1793.706 73.9 0 0 
1793.788 71.0 0 0 
1793.873 69.5 0 0 
1793.955 69.1 0 0 
1794.04 67.8 0 0 
1794.125 67.9 0 0 
1794.202 67.7 0 0 
1794.287 65.6 0 0 
1794.369 65.9 0 0 
1794.454 67.9 0 0 
1794.536 66.7 0 0 
1794.621 64.8 0 0 
1794.706 62.7 0 0 
1794.788 60.3 0 0 
1794.873 57.9 0 0 
1794.955 54.5 0 0 
1795.04 50.8 0 0 
1795.125 47.9 0 0 
1795.202 47.1 0 0 
1795.287 46.6 0 0 
1795.369 43.0 0 0 
1795.454 37.8 0 0 
1795.536 35.5 0 0 
1795.621 34.4 0 0 
1795.706 33.5 0 0 
1795.788 34.6 0 0 
1795.873 34.9 0 0 
1795.955 33.4 0 0 
1796.04 33.7 0 0 
1796.125 33.0 0 0 
1796.204 31.6 0 0 
1796.289 31.4 0 0 
1796.371 29.6 0 0 
1796.455 27.6 0 0 
1796.537 26.2 0 0 
1796.622 24.3 0 0 
1796.707 22.1 0 0 
1796.789 19.4 0 0 
1796.873 16.5 0 0 
1796.955 15.9 0 0 
1797.04 14.6 0 0 
1797.125 13.3 0 0 
1797.202 12.8 0 0 
1797.287 11.6 0 0 
1797.369 11.1 0 0 
1797.454 10.8 0 0 
1797.536 9.8 0 0 
1797.621 8.9 0 0 
1797.706 9.5 0 0 
1797.788 9.9 0 0 
1797.873 9.2 0 0 
1797.955 7.9 0 0 
1798.04 6.8 0 0 
1798.125 6.3 0 0 
1798.202 5.9 0 0 
1798.287 5.3 0 0 
1798.369 5.4 0 0 
1798.454 6.3 0 0 
1798.536 6.7 0 0 
1798.621 7.3 0 0 
1798.706 8.6 0 0 
1798.788 9.7 0 0 
1798.873 10.8 0 0 
1798.955 12.1 0 0 
1799.04 13.0 0 0 
1799.125 12.9 0 0 
1799.202 12.5 0 0 
1799.287 12.6 0 0 
1799.369 12.1 0 0 
1799.454 11.4 0 0 
1799.536 11.6 0 0 
1799.621 11.8 0 0 
1799.706 11.0 0 0 
1799.788 9.9 0 0 
1799.873 9.1 0 0 
1799.955 9.8 0 0 
1800.04 12.0 0 0 
1800.125 14.6 0 0 
1800.204 16.8 0 0 
1800.289 18.1 0 0 
1800.371 19.2 0 0 
1800.455 21.9 0 0 
1800.537 25.5 0 0 
1800.622 28.3 0 0 
1800.707 30.8 0 0 
1800.789 34.0 0 0 
1800.873 38.1 0 0 
1800.955 40.5 0 0 
1801.04 42.0 0 0 
1801.125 44.3 0 0 
1801.202 47.1 0 0 
1801.287 50.1 0 0 
1801.369 53.5 0 0 
1801.454 56.1 0 0 
1801.536 58.1 0 0 
1801.621 60.8 0 0 
1801.706 62.8 0 0 
1801.788 64.3 0 0 
1801.873 65.9 0 0 
1801.955 67.8 0 0 
1802.04 69.7 0 0 
1802.125 71.4 0 0 
1802.202 73.4 0 0 
1802.287 75.1 0 0 
1802.369 75.2 0 0 
1802.454 74.9 0 0 
1802.536 75.2 0 0 
1802.621 75.6 0 0 
1802.706 75.1 0 0 
1802.788 73.1 0 0 
1802.873 72.0 0 0 
1802.955 71.3 0 0 
1803.04 70.6 0 0 
1803.125 69.5 0 0 
1803.202 68.0 0 0 
1803.287 68.6 0 0 
1803.369 70.9 0 0 
1803.454 71.9 0 0 
1803.536 71.4 0 0 
1803.621 70.9 0 0 
1803.706 72.0 0 0 
1803.788 75.1 0 0 
1803.873 76.1 0 0 
1803.955 75.3 0 0 
1804.04 73.9 0 0 
1804.125 73.3 0 0 
1804.204 74.4 0 0 
1804.289 75.5 0 0 
1804.371 76.7 0 0 
1804.455 78.3 0 0 
1804.537 80.2 0 0 
1804.622 81.0 0 0 
1804.707 80.9 0 0 
1804.789 80.3 0 0 
1804.873 79.8 0 0 
1804.955 80.5 0 0 
1805.04 81.5 0 0 
1805.125 82.0 0 0 
1805.202 81.4 0 0 
1805.287 78.5 0 0 
1805.369 74.8 0 0 
1805.454 71.9 0 0 
1805.536 68.9 0 0 
1805.621 66.3 0 0 
1805.706 64.0 0 0 
1805.788 62.1 0 0 
1805.873 60.5 0 0 
1805.955 58.6 0 0 
1806.04 57.0 0 0 
1806.125 55.4 0 0 
1806.202 52.8 0 0 
1806.287 51.2 0 0 
1806.369 49.9 0 0 
1806.454 47.8 0 0 
1806.536 45.0 0 0 
1806.621 41.9 0 0 
1806.706 39.1 0 0 
1806.788 37.2 0 0 
1806.873 35.8 0 0 
1806.955 33.7 0 0 
1807.04 31.6 0 0 
1807.125 29.4 0 0 
1807.202 27.1 0 0 
1807.287 24.5 0 0 
1807.369 21.6 0 0 
1807.454 18.4 0 0 
1807.536 15.9 0 0 
1807.621 14.6 0 0 
1807.706 13.4 0 0 
1807.788 11.9 0 0 
1807.873 11.3 0 0 
1807.955 11.7 0 0 
1808.04 11.4 0 0 
1808.125 10.7 0 0 
1808.204 10.8 0 0 
1808.289 11.0 0 0 
1808.371 11.3 0 0 
1808.455 12.7 0 0 
1808.537 14.1 0 0 
1808.622 14.9 0 0 
1808.707 15.3 0 0 
1808.789 14.7 0 0 
1808.873 13.2 0 0 
1808.955 12.0 0 0 
1809.04 11.1 0 0 
1809.125 10.1 0 0 
1809.202 8.8 0 0 
1809.287 7.7 0 0 
1809.369 6.7 0 0 
1809.454 5.1 0 0 
1809.536 3.7 0 0 
1809.621 2.6 0 0 
1809.706 1.9 0 0 
1809.788 1.6 0 0 
1809.873 1.3 0 0 
1809.955 0.7 0 0 
1810.04 0.1 0 0 
1810.125 0.1 0 0 
1810.202 0.0 0 0 
1810.287 0.0 0 0 
1810.369 0.0 0 0 
1810.454 0.0 0 0 
1810.536 0.0 0 0 
1810.621 0.0 0 0 
1810.706 0.0 0 0 
1810.788 0.0 0 0 
1810.873 0.0 0 0 
1810.955 0.0 0 0 
1811.04 0.5 0 0 
1811.125 0.9 0 0 
1811.202 1.1 0 0 
1811.287 1.7 0 0 
1811.369 2.2 0 0 
1811.454 2.3 0 0 
1811.536 3.1 0 0 
1811.621 4.1 0 0 
1811.706 4.2 0 0 
1811.788 4.3 0 0 
1811.873 4.4 0 0 
1811.955 4.5 0 0 
1812.04 4.2 0 0 
1812.125 4.9 0 0 
1812.204 6.1 0 0 
1812.289 6.2 0 0 
1812.371 6.5 0 0 
1812.455 7.6 0 0 
1812.537 7.5 0 0 
1812.622 7.3 0 0 
1812.707 7.9 0 0 
1812.789 9.2 0 0 
1812.873 10.6 0 0 
1812.955 11.6 0 0 
1813.04 13.6 0 0 
1813.125 14.3 0 0 
1813.202 14.5 0 0 
1813.287 16.9 0 0 
1813.369 19.1 0 0 
1813.454 20.0 0 0 
1813.536 21.9 0 0 
1813.621 23.5 0 0 
1813.706 23.9 0 0 
1813.788 24.7 0 0 
1813.873 25.2 0 0 
1813.955 25.5 0 0 
1814.04 25.7 0 0 
1814.125 25.3 0 0 
1814.202 24.4 0 0 
1814.287 23.3 0 0 
1814.369 22.6 0 0 
1814.454 22.8 0 0 
1814.536 23.0 0 0 
1814.621 24.2 0 0 
1814.706 27.0 0 0 
1814.788 29.0 0 0 
1814.873 29.8 0 0 
1814.955 33.0 0 0 
1815.04 37.0 0 0 
1815.125 41.3 0 0 
1815.202 46.0 0 0 
1815.287 48.6 0 0 
1815.369 51.2 0 0 
1815.454 55.9 0 0 
1815.536 59.5 0 0 
1815.621 62.5 0 0 
1815.706 68.4 0 0 
1815.788 73.6 0 0 
1815.873 77.8 0 0 
1815.955 79.4 0 0 
1816.04 78.8 0 0 
1816.125 77.3 0 0 
1816.204 76.8 0 0 
1816.289 79.5 0 0 
1816.371 81.2 0 0 
1816.455 78.8 0 0 
1816.537 77.1 0 0 
1816.622 77.0 0 0 
1816.707 77.8 0 0 
1816.789 77.1 0 0 
1816.873 73.3 0 0 
1816.955 71.4 0 0 
1817.04 71.9 0 0 
1817.125 74.2 0 0 
1817.202 75.0 0 0 
1817.287 72.1 0 0 
1817.369 69.3 0 0 
1817.454 68.5 0 0 
1817.536 68.3 0 0 
1817.621 65.8 0 0 
1817.706 58.4 0 0 
1817.788 54.0 0 0 
1817.873 56.8 0 0 
1817.955 58.8 0 0 
1818.04 57.0 0 0 
1818.125 54.6 0 0 
1818.202 52.9 0 0 
1818.287 52.6 0 0 
1818.369 51.7 0 0 
1818.454 50.3 0 0 
1818.536 50.0 0 9.0 
1818.621 49.7 0 9.0 
1818.706 48.1 0 8.8 
1818.788 45.6 0 8.6 
1818.873 42.3 0 8.3 
1818.955 39.9 0 8.0 
1819.04 40.0 0 8.1 
1819.125 39.9 0 8.0 
1819.202 38.7 0 7.9 
1819.287 37.6 0 7.8 
1819.369 38.3 0 7.9 
1819.454 39.6 0 8.0 
1819.536 39.0 0 8.0 
1819.621 38.5 0 7.9 
1819.706 38.9 0 8.0 
1819.788 38.9 0 8.0 
1819.873 39.6 0 8.0 
1819.955 38.6 0 7.9 
1820.04 36.1 0 7.7 
1820.125 35.3 0 7.6 
1820.204 34.6 0 7.5 
1820.289 32.7 0 7.3 
1820.371 30.2 0 7.1 
1820.455 27.5 0 6.7 
1820.537 26.2 0 6.6 
1820.622 24.8 0 6.4 
1820.707 23.3 0 6.2 
1820.789 22.7 0 6.2 
1820.873 20.0 0 5.8 
1820.955 17.5 0 5.5 
1821.04 15.6 0 5.2 
1821.125 12.9 0 4.8 
1821.202 11.4 0 4.6 
1821.287 12.0 0 4.7 
1821.369 12.5 0 4.8 
1821.454 11.6 0 4.6 
1821.536 9.5 0 4.3 
1821.621 7.8 0 4.0 
1821.706 8.3 0 4.0 
1821.788 9.3 0 4.2 
1821.873 9.5 0 4.3 
1821.955 9.8 0 4.3 
1822.04 10.4 0 4.4 
1822.125 10.6 0 4.5 
1822.202 10.1 0 4.4 
1822.287 8.5 0 4.1 
1822.369 6.9 0 3.8 
1822.454 6.6 0 3.7 
1822.536 6.6 0 3.7 
1822.621 6.5 0 3.7 
1822.706 5.4 0 3.5 
1822.788 3.4 0 3.0 
1822.873 2.4 0 2.7 
1822.955 1.9 0 2.6 
1823.04 1.0 0 2.3 
1823.125 0.3 0 2.1 
1823.202 0.2 0 2.1 
1823.287 0.2 0 2.1 
1823.369 0.2 0 2.0 
1823.454 1.6 0 2.5 
1823.536 4.5 0 3.3 
1823.621 6.7 0 3.7 
1823.706 7.4 0 3.8 
1823.788 8.7 0 4.0 
1823.873 10.3 0 4.3 
1823.955 10.5 0 4.4 
1824.04 10.4 0 4.3 
1824.125 10.5 0 4.4 
1824.204 12.0 0 4.6 
1824.289 15.2 0 5.1 
1824.371 17.0 0 5.4 
1824.455 15.6 0 5.2 
1824.537 13.1 0 4.8 
1824.622 12.3 0 4.7 
1824.707 14.2 0 5.0 
1824.789 14.6 0 5.1 
1824.873 14.4 0 5.1 
1824.955 16.4 0 5.3 
1825.04 19.6 0 5.8 
1825.125 23.4 0 6.3 
1825.202 24.8 0 6.4 
1825.287 23.8 0 6.3 
1825.369 23.9 0 6.3 
1825.454 26.2 0 6.6 
1825.536 28.6 0 6.9 
1825.621 29.6 0 7.0 
1825.706 30.8 0 7.1 
1825.788 33.2 0 7.3 
1825.873 35.8 0 7.6 
1825.955 38.4 0 7.9 
1826.04 41.4 0 8.2 
1826.125 43.9 0 8.4 
1826.202 45.1 0 8.6 
1826.287 47.8 0 8.8 
1826.369 52.1 0 9.2 
1826.454 57.2 0 9.6 
1826.536 61.6 0 10.0 
1826.621 64.8 0 10.2 
1826.706 68.3 0 10.5 
1826.788 71.3 0 10.7 
1826.873 74.5 0 11.0 
1826.955 77.5 0 11.2 
1827.04 78.2 0 11.2 
1827.125 78.5 0 11.2 
1827.202 81.6 0 11.4 
1827.287 84.1 0 11.6 
1827.369 85.0 0 11.7 
1827.454 84.1 0 11.6 
1827.536 83.8 0 11.6 
1827.621 86.3 0 11.8 
1827.706 88.0 0 11.9 
1827.788 89.5 0 12.0 
1827.873 92.9 0 12.2 
1827.955 98.0 0 12.5 
1828.04 101.7 0 12.8 
1828.125 104.1 0 12.9 
1828.204 105.8 0 13.0 
1828.289 105.7 0 13.0 
1828.371 106.2 0 13.1 
1828.455 106.9 0 13.1 
1828.537 106.3 0 13.1 
1828.622 104.6 0 13.0 
1828.707 104.0 0 12.9 
1828.789 106.9 0 13.1 
1828.873 107.7 0 13.1 
1828.955 104.5 0 12.9 
1829.04 105.4 0 13.0 
1829.125 108.0 0 13.2 
1829.202 108.3 0 13.2 
1829.287 108.6 0 13.2 
1829.369 109.5 0 13.3 
1829.454 110.9 0 13.3 
1829.536 112.3 0 13.4 
1829.621 114.5 0 13.6 
1829.706 116.9 0 13.7 
1829.788 118.5 0 13.8 
1829.873 119.2 0 13.8 
1829.955 118.6 0 13.8 
1830.04 114.7 0 13.6 
1830.125 109.5 0 13.3 
1830.202 108.3 0 13.2 
1830.287 110.9 0 13.3 
1830.369 113.7 0 13.5 
1830.454 116.4 0 13.7 
1830.536 117.9 0 13.8 
1830.621 116.0 0 13.7 
1830.706 115.1 0 13.6 
1830.788 112.1 0 13.4 
1830.873 106.6 0 13.1 
1830.955 102.4 0 12.8 
1831.04 100.3 0 12.7 
1831.125 100.7 0 12.7 
1831.202 99.3 0 12.6 
1831.287 95.0 0 12.3 
1831.369 89.7 0 12.0 
1831.454 83.4 0 11.6 
1831.536 78.6 0 11.2 
1831.621 77.8 0 11.2 
1831.706 75.5 0 11.0 
1831.788 70.9 0 10.7 
1831.873 69.2 0 10.5 
1831.955 69.0 0 10.5 
1832.04 66.4 0 10.3 
1832.125 61.0 0 9.9 
1832.204 55.7 0 9.5 
1832.289 51.9 0 9.1 
1832.371 48.1 0 8.8 
1832.455 46.0 0 8.6 
1832.537 44.5 0 8.5 
1832.622 40.3 0 8.1 
1832.707 34.5 0 7.5 
1832.789 29.8 0 7.0 
1832.873 26.2 0 6.6 
1832.955 22.4 0 6.1 
1833.04 20.1 0 5.8 
1833.125 19.4 0 5.8 
1833.202 19.5 0 5.8 
1833.287 18.7 0 5.7 
1833.369 17.2 0 5.5 
1833.454 15.4 0 5.2 
1833.536 13.8 0 4.9 
1833.621 13.5 0 4.9 
1833.706 13.2 0 4.8 
1833.788 12.6 0 4.7 
1833.873 12.2 0 4.7 
1833.955 12.4 0 4.7 
1834.04 13.0 0 4.8 
1834.125 13.0 0 4.8 
1834.202 12.9 0 4.8 
1834.287 14.1 0 5.0 
1834.369 17.0 0 5.4 
1834.454 20.4 0 5.9 
1834.536 22.3 0 6.1 
1834.621 22.9 0 6.2 
1834.706 24.4 0 6.4 
1834.788 29.7 0 7.0 
1834.873 36.2 0 7.7 
1834.955 40.4 0 8.1 
1835.04 45.7 0 8.6 
1835.125 53.1 0 9.3 
1835.202 63.1 0 10.1 
1835.287 74.2 0 10.9 
1835.369 83.9 0 11.6 
1835.454 91.7 0 12.2 
1835.536 100.4 0 12.7 
1835.621 111.8 0 13.4 
1835.706 123.0 0 14.1 
1835.788 134.1 0 14.7 
1835.873 144.5 0 15.2 
1835.955 155.6 0 15.8 
1836.04 165.9 0 16.3 
1836.125 173.2 0 16.7 
1836.204 176.2 0 16.8 
1836.289 178.7 0 17.0 
1836.371 183.1 0 17.2 
1836.455 193.5 0 17.6 
1836.537 209.3 0 18.4 
1836.622 221.0 0 18.9 
1836.707 228.2 0 19.2 
1836.789 230.4 0 19.3 
1836.873 230.1 0 19.2 
1836.955 232.4 0 19.3 
1837.04 237.9 0 19.6 
1837.125 243.0 0 19.8 
1837.202 244.9 0 19.8 
1837.287 244.0 0 19.8 
1837.369 242.1 0 19.7 
1837.454 235.8 0 19.5 
1837.536 227.5 0 19.1 
1837.621 218.2 0 18.7 
1837.706 212.3 0 18.5 
1837.788 211.9 0 18.5 
1837.873 212.9 0 18.5 
1837.955 210.3 0 18.4 
1838.04 202.1 0 18.0 
1838.125 194.5 0 17.7 
1838.202 189.1 0 17.4 
1838.287 185.3 0 17.2 
1838.369 180.9 0 17.0 
1838.454 175.4 0 16.8 
1838.536 169.2 0 16.5 
1838.621 167.7 0 16.4 
1838.706 164.6 0 16.3 
1838.788 155.7 0 15.8 
1838.873 145.4 0 15.3 
1838.955 136.8 0 14.8 
1839.04 132.4 0 14.6 
1839.125 134.4 0 14.7 
1839.202 142.1 0 15.1 
1839.287 146.2 0 15.3 
1839.369 145.6 0 15.3 
1839.454 143.9 0 15.2 
1839.536 141.1 0 15.1 
1839.621 138.4 0 14.9 
1839.706 136.7 0 14.8 
1839.788 136.3 0 14.8 
1839.873 137.6 0 14.9 
1839.955 138.3 0 14.9 
1840.04 136.2 0 14.8 
1840.125 129.4 0 14.4 
1840.204 120.2 0 13.9 
1840.289 113.6 0 13.5 
1840.371 110.1 0 13.3 
1840.455 108.4 0 13.2 
1840.537 103.8 0 12.9 
1840.622 95.8 0 12.4 
1840.707 89.1 0 12.0 
1840.789 84.7 0 11.7 
1840.873 82.8 0 11.5 
1840.955 83.2 0 11.6 
1841.04 81.6 0 11.4 
1841.125 78.2 0 11.2 
1841.202 74.4 0 10.9 
1841.287 69.9 0 10.6 
1841.369 65.7 0 10.3 
1841.454 62.2 0 10.0 
1841.536 61.0 0 9.9 
1841.621 60.2 0 9.9 
1841.706 59.0 0 9.8 
1841.788 57.6 0 9.7 
1841.873 53.7 0 9.3 
1841.955 48.3 0 8.8 
1842.04 44.6 0 8.5 
1842.125 42.4 0 8.3 
1842.202 40.3 0 8.1 
1842.287 39.7 0 8.0 
1842.369 41.8 0 8.2 
1842.454 41.8 0 8.2 
1842.536 39.8 0 8.0 
1842.621 38.0 0 7.9 
1842.706 35.8 0 7.7 
1842.788 33.7 0 7.4 
1842.873 32.2 0 7.3 
1842.955 31.3 0 7.2 
1843.04 30.4 0 7.1 
1843.125 29.1 0 6.9 
1843.202 27.1 0 6.7 
1843.287 23.8 0 6.3 
1843.369 20.1 0 5.8 
1843.454 18.2 0 5.6 
1843.536 17.6 0 5.5 
1843.621 18.1 0 5.6 
1843.706 19.3 0 5.7 
1843.788 20.4 0 5.9 
1843.873 20.5 0 5.9 
1843.955 19.4 0 5.7 
1844.04 19.7 0 5.8 
1844.125 21.4 0 6.0 
1844.204 22.4 0 6.1 
1844.289 23.7 0 6.3 
1844.371 24.3 0 6.4 
1844.455 24.3 0 6.4 
1844.537 26.0 0 6.6 
1844.622 29.2 0 7.0 
1844.707 33.3 0 7.4 
1844.789 37.9 0 7.9 
1844.873 42.9 0 8.4 
1844.955 47.3 0 8.8 
1845.04 49.9 0 9.0 
1845.125 51.1 0 9.1 
1845.202 53.3 0 9.3 
1845.287 56.2 0 9.5 
1845.369 59.5 0 9.8 
1845.454 64.1 0 10.2 
1845.536 67.7 0 10.4 
1845.621 69.1 0 10.5 
1845.706 71.0 0 10.7 
1845.788 73.3 0 10.9 
1845.873 75.0 0 11.0 
1845.955 78.2 0 11.2 
1846.04 81.7 0 11.5 
1846.125 84.4 0 11.6 
1846.202 91.3 0 12.1 
1846.287 97.8 0 12.5 
1846.369 100.3 0 12.7 
1846.454 102.1 0 12.8 
1846.536 104.2 0 12.9 
1846.621 105.4 0 13.0 
1846.706 106.5 0 13.1 
1846.788 106.3 0 13.0 
1846.873 105.7 0 13.0 
1846.955 108.2 0 13.1 
1847.04 110.0 0 13.3 
1847.125 116.4 0 13.6 
1847.202 126.1 0 14.2 
1847.287 138.4 0 14.9 
1847.369 152.5 0 15.6 
1847.454 161.0 0 16.1 
1847.536 170.8 0 16.5 
1847.621 182.1 0 17.1 
1847.706 188.4 0 17.4 
1847.788 194.3 0 17.7 
1847.873 200.5 0 17.9 
1847.955 205.4 0 18.2 
1848.04 214.5 0 18.6 
1848.125 219.9 0 18.8 
1848.204 215.2 0 18.6 
1848.289 207.6 0 18.3 
1848.371 202.6 0 18.0 
1848.455 204.4 0 18.1 
1848.537 209.2 0 18.3 
1848.622 213.3 0 18.4 
1848.707 216.0 0 18.5 
1848.789 216.7 0 18.5 
1848.873 216.7 0 18.5 
1848.955 213.4 0 18.3 
1849.04 207.4 0 18.0 
1849.125 200.1 0 17.6 
1849.202 196.7 0 17.4 
1849.287 193.6 0 17.2 
1849.369 189.9 0 17.0 
1849.454 186.4 0 16.8 
1849.536 176.8 0 16.3 
1849.621 167.2 0 15.8 
1849.706 162.7 0 15.6 
1849.788 157.0 0 15.3 
1849.873 150.9 0 15.0 
1849.955 148.5 0 14.9 
1850.04 144.6 0 14.7 
1850.125 141.0 0 14.5 
1850.202 139.9 0 14.4 
1850.287 139.3 0 14.4 
1850.369 135.7 0 14.2 
1850.454 129.4 0 13.9 
1850.536 126.3 0 13.7 
1850.621 127.4 0 13.8 
1850.706 127.3 0 13.7 
1850.788 126.8 0 13.7 
1850.873 127.9 0 13.8 
1850.955 127.4 0 13.8 
1851.04 126.6 0 13.7 
1851.125 126.1 0 13.7 
1851.202 124.3 0 13.6 
1851.287 122.2 0 13.5 
1851.369 121.2 0 13.4 
1851.454 121.7 0 13.4 
1851.536 121.9 0 13.4 
1851.621 118.3 0 13.2 
1851.706 114.9 0 13.0 
1851.788 115.4 0 13.1 
1851.873 115.5 0 13.1 
1851.955 113.6 0 13.0 
1852.04 112.8 0 12.9 
1852.125 111.8 0 12.9 
1852.204 108.0 0 12.6 
1852.289 106.0 0 12.5 
1852.371 106.6 0 12.6 
1852.455 104.8 0 12.4 
1852.537 100.6 0 12.2 
1852.622 96.6 0 11.9 
1852.707 92.9 0 11.7 
1852.789 89.6 0 11.5 
1852.873 86.6 0 11.3 
1852.955 84.5 0 11.1 
1853.04 84.2 0 11.1 
1853.125 85.4 0 11.2 
1853.202 85.9 0 11.2 
1853.287 83.6 0 11.1 
1853.369 79.6 0 10.8 
1853.454 75.9 0 10.5 
1853.536 72.1 0 10.3 
1853.621 68.3 0 10.0 
1853.706 65.1 0 9.8 
1853.788 62.1 0 9.5 
1853.873 59.6 0 9.3 
1853.955 57.3 0 9.2 
1854.04 53.6 0 8.9 
1854.125 48.7 0 8.4 
1854.202 45.1 0 8.1 
1854.287 41.9 0 7.8 
1854.369 39.5 0 7.6 
1854.454 39.3 0 7.6 
1854.536 38.9 0 7.5 
1854.621 38.0 0 7.4 
1854.706 37.0 0 7.3 
1854.788 35.0 0 7.1 
1854.873 32.1 0 6.8 
1854.955 29.6 0 6.6 
1855.04 26.9 0 6.2 
1855.125 24.5 0 6.0 
1855.202 21.7 0 5.6 
1855.287 19.7 0 5.3 
1855.369 17.5 0 5.0 
1855.454 14.2 0 4.5 
1855.536 11.8 0 4.1 
1855.621 10.3 0 3.9 
1855.706 8.5 0 3.5 
1855.788 7.3 0 3.2 
1855.873 6.7 0 3.1 
1855.955 6.0 0 2.9 
1856.04 6.3 0 3.0 
1856.125 6.9 0 3.2 
1856.204 7.5 0 3.3 
1856.289 7.4 0 3.3 
1856.371 7.3 0 3.2 
1856.455 7.9 0 3.4 
1856.537 9.3 0 3.7 
1856.622 10.5 0 3.9 
1856.707 11.1 0 4.0 
1856.789 11.8 0 4.1 
1856.873 14.5 0 4.6 
1856.955 17.6 0 5.0 
1857.04 19.8 0 5.3 
1857.125 22.1 0 5.6 
1857.202 26.0 0 6.1 
1857.287 31.8 0 6.8 
1857.369 36.6 0 7.3 
1857.454 40.8 0 7.7 
1857.536 45.2 0 8.1 
1857.621 49.4 0 8.5 
1857.706 55.7 0 9.0 
1857.788 62.0 0 9.5 
1857.873 65.1 0 9.8 
1857.955 68.4 0 10.0 
1858.04 73.4 0 10.4 
1858.125 79.1 0 10.8 
1858.202 85.2 0 11.2 
1858.287 92.2 0 11.7 
1858.369 97.8 0 12.0 
1858.454 101.8 0 12.3 
1858.536 107.6 0 12.6 
1858.621 115.3 0 13.1 
1858.706 122.1 0 13.5 
1858.788 128.5 0 13.8 
1858.873 136.1 0 14.2 
1858.955 143.4 0 14.6 
1859.04 149.8 0 15.0 
1859.125 157.0 0 15.3 
1859.202 163.1 0 15.6 
1859.287 167.0 0 15.8 
1859.369 172.4 0 16.1 
1859.454 177.1 0 16.3 
1859.536 178.1 0 16.3 
1859.621 178.1 0 16.3 
1859.706 178.8 0 16.4 
1859.788 178.4 0 16.4 
1859.873 178.5 0 16.4 
1859.955 181.5 0 16.5 
1860.04 185.0 0 16.7 
1860.125 186.2 0 16.7 
1860.204 184.6 0 16.6 
1860.289 181.5 0 16.5 
1860.371 179.7 0 16.4 
1860.455 180.9 0 16.5 
1860.537 180.4 0 16.5 
1860.622 178.0 0 16.3 
1860.707 177.3 0 16.3 
1860.789 179.6 0 16.4 
1860.873 177.8 0 16.3 
1860.955 172.2 0 16.1 
1861.04 167.5 0 15.8 
1861.125 163.0 0 15.6 
1861.202 160.6 0 15.5 
1861.287 157.9 0 15.3 
1861.369 152.6 0 15.1 
1861.454 147.8 0 14.8 
1861.536 146.7 0 14.8 
1861.621 145.7 0 14.7 
1861.706 140.1 0 14.4 
1861.788 132.0 0 14.0 
1861.873 129.1 0 13.8 
1861.955 129.4 0 13.8 
1862.04 128.7 0 13.8 
1862.125 126.7 0 13.7 
1862.202 124.1 0 13.6 
1862.287 121.0 0 13.4 
1862.369 118.8 0 13.2 
1862.454 115.4 0 13.1 
1862.536 111.1 0 12.8 
1862.621 109.3 0 12.7 
1862.706 110.5 0 12.8 
1862.788 111.3 0 12.8 
1862.873 109.4 0 12.7 
1862.955 105.1 0 12.4 
1863.04 98.5 0 12.0 
1863.125 94.1 0 11.8 
1863.202 89.4 0 11.5 
1863.287 85.7 0 11.2 
1863.369 84.5 0 11.1 
1863.454 83.5 0 11.1 
1863.536 84.3 0 11.1 
1863.621 84.3 0 11.1 
1863.706 83.5 0 11.1 
1863.788 83.1 0 11.0 
1863.873 81.7 0 10.9 
1863.955 82.0 0 11.0 
1864.04 85.1 0 11.2 
1864.125 87.4 0 11.3 
1864.204 88.5 0 11.4 
1864.289 88.5 0 11.4 
1864.371 89.6 0 11.5 
1864.455 90.2 0 11.5 
1864.537 88.5 0 11.4 
1864.622 87.1 0 11.3 
1864.707 84.4 0 11.2 
1864.789 81.8 0 11.0 
1864.873 80.8 0 10.9 
1864.955 78.4 0 10.8 
1865.04 74.3 0 10.5 
1865.125 70.7 0 10.2 
1865.202 68.8 0 10.1 
1865.287 66.9 0 9.9 
1865.369 63.0 0 9.6 
1865.454 59.1 0 9.3 
1865.536 56.5 0 9.1 
1865.621 55.1 0 9.0 
1865.706 53.8 0 8.9 
1865.788 51.7 0 8.7 
1865.873 49.1 0 8.5 
1865.955 46.0 0 8.2 
1866.04 43.3 0 7.9 
1866.125 39.9 0 7.6 
1866.202 36.8 0 7.3 
1866.287 35.4 0 7.2 
1866.369 34.0 0 7.0 
1866.454 31.9 0 6.8 
1866.536 28.5 0 6.4 
1866.621 23.0 0 5.8 
1866.706 18.8 0 5.2 
1866.788 16.6 0 4.9 
1866.873 14.8 0 4.6 
1866.955 12.8 0 4.3 
1867.04 11.3 0 4.0 
1867.125 10.3 0 3.8 
1867.202 9.9 0 3.8 
1867.287 10.0 0 3.8 
1867.369 10.0 0 3.8 
1867.454 11.9 0 4.2 
1867.536 14.9 0 4.6 
1867.621 17.0 0 4.9 
1867.706 19.1 0 5.2 
1867.788 22.4 0 5.5 
1867.873 26.2 0 6.0 
1867.955 29.8 0 6.3 
1868.04 33.5 0 6.7 
1868.125 37.1 0 7.0 
1868.204 41.6 0 7.4 
1868.289 47.3 0 7.8 
1868.371 53.9 0 8.3 
1868.455 60.0 0 8.8 
1868.537 65.8 0 9.1 
1868.622 72.1 0 9.6 
1868.707 77.0 0 9.9 
1868.789 79.1 0 10.0 
1868.873 84.8 0 10.3 
1868.955 95.5 0 11.0 
1869.04 103.0 0 11.4 
1869.125 108.2 0 11.7 
1869.202 113.7 0 12.0 
1869.287 115.9 0 12.1 
1869.369 117.0 0 12.1 
1869.454 120.9 0 12.3 
1869.536 124.6 0 12.5 
1869.621 129.5 0 12.8 
1869.706 140.7 0 13.3 
1869.788 156.2 0 14.0 
1869.873 169.5 0 14.6 
1869.955 176.4 0 14.9 
1870.04 183.4 0 15.2 
1870.125 193.6 0 15.6 
1870.202 202.6 0 16.0 
1870.287 212.5 0 16.4 
1870.369 223.4 0 16.8 
1870.454 230.0 0 17.0 
1870.536 232.5 0 17.1 
1870.621 234.0 0 17.2 
1870.706 233.7 0 17.2 
1870.788 232.9 0 17.1 
1870.873 231.0 0 17.1 
1870.955 225.8 0 16.9 
1871.04 220.7 0 16.7 
1871.125 215.6 0 16.5 
1871.202 208.7 0 16.2 
1871.287 200.8 0 15.9 
1871.369 193.9 0 15.6 
1871.454 188.2 0 15.4 
1871.536 184.9 0 15.3 
1871.621 183.9 0 15.2 
1871.706 179.7 0 15.1 
1871.788 171.8 0 14.7 
1871.873 164.9 0 14.4 
1871.955 163.6 0 14.4 
1872.04 165.0 0 14.4 
1872.125 164.0 0 14.4 
1872.204 165.2 0 14.4 
1872.289 168.5 0 14.6 
1872.371 169.9 0 14.6 
1872.455 169.9 0 14.6 
1872.537 170.0 0 14.6 
1872.622 169.6 0 14.6 
1872.707 169.3 0 14.6 
1872.789 168.2 0 14.6 
1872.873 162.3 0 14.3 
1872.955 153.6 0 13.9 
1873.04 146.4 0 13.6 
1873.125 142.0 0 13.4 
1873.202 135.6 0 13.1 
1873.287 127.1 0 12.7 
1873.369 119.3 0 12.3 
1873.454 112.9 0 12.0 
1873.536 108.7 0 11.7 
1873.621 103.9 0 11.5 
1873.706 97.4 0 11.1 
1873.788 90.7 0 10.7 
1873.873 87.4 0 10.5 
1873.955 86.7 0 10.5 
1874.04 86.3 0 10.4 
1874.125 85.9 0 10.4 
1874.202 84.1 0 10.3 
1874.287 81.9 0 10.2 
1874.369 79.2 0 10.0 
1874.454 75.9 0 9.8 
1874.536 71.3 0 9.5 
1874.621 65.2 0 9.1 
1874.706 61.3 0 8.8 
1874.788 60.2 0 8.7 
1874.873 57.7 0 8.5 
1874.955 54.4 0 8.3 
1875.04 49.6 0 7.9 
1875.125 42.5 0 7.4 
1875.202 37.5 0 6.9 
1875.287 34.2 0 6.6 
1875.369 31.9 0 6.4 
1875.454 29.8 0 6.2 
1875.536 28.4 0 6.1 
1875.621 27.9 0 6.1 
1875.706 27.3 0 6.0 
1875.788 25.2 0 5.8 
1875.873 22.9 0 5.5 
1875.955 20.9 0 5.3 
1876.04 19.5 0 5.2 
1876.125 19.3 0 5.2 
1876.204 19.4 0 5.2 
1876.289 20.1 0 5.2 
1876.371 19.6 0 5.2 
1876.455 19.0 0 5.1 
1876.537 19.5 0 5.2 
1876.622 19.8 0 5.2 
1876.707 18.1 0 5.0 
1876.789 17.7 0 4.9 
1876.873 19.8 0 5.2 
1876.955 21.8 0 5.4 
1877.04 22.0 0 5.4 
1877.125 21.2 0 5.3 
1877.202 21.5 0 5.3 
1877.287 21.4 0 5.3 
1877.369 21.2 0 5.3 
1877.454 21.1 0 5.3 
1877.536 19.2 0 5.1 
1877.621 17.6 0 4.9 
1877.706 17.2 0 4.8 
1877.788 15.8 0 4.7 
1877.873 13.6 0 4.4 
1877.955 12.0 0 4.2 
1878.04 11.0 0 4.0 
1878.125 10.2 0 3.9 
1878.202 8.9 0 3.7 
1878.287 7.8 0 3.6 
1878.369 6.7 0 3.4 
1878.454 5.9 0 3.2 
1878.536 5.6 0 3.2 
1878.621 5.0 0 3.1 
1878.706 4.0 0 2.9 
1878.788 3.9 0 2.9 
1878.873 4.1 0 2.9 
1878.955 3.7 0 2.8 
1879.04 4.1 0 2.9 
1879.125 5.4 0 3.1 
1879.202 6.2 0 3.3 
1879.287 7.0 0 3.4 
1879.369 8.4 0 3.6 
1879.454 9.5 0 3.8 
1879.536 11.6 0 4.1 
1879.621 15.1 0 4.6 
1879.706 18.3 0 5.0 
1879.788 20.5 0 5.2 
1879.873 22.9 0 5.5 
1879.955 26.4 0 5.9 
1880.04 29.4 0 6.2 
1880.125 33.0 0 6.5 
1880.204 39.8 0 7.1 
1880.289 46.1 0 7.7 
1880.371 49.4 0 7.9 
1880.455 52.2 0 8.2 
1880.537 54.6 0 8.3 
1880.622 57.3 0 8.5 
1880.707 61.3 0 8.8 
1880.789 65.8 0 9.1 
1880.873 69.4 0 9.4 
1880.955 72.6 0 9.6 
1881.04 78.3 0 9.9 
1881.125 82.8 0 10.2 
1881.202 82.6 0 10.2 
1881.287 83.2 0 10.3 
1881.369 86.4 0 10.4 
1881.454 89.3 0 10.6 
1881.536 91.1 0 10.7 
1881.621 92.8 0 10.8 
1881.706 95.1 0 10.9 
1881.788 99.2 0 11.2 
1881.873 103.7 0 11.4 
1881.955 104.1 0 11.5 
1882.04 100.8 0 11.3 
1882.125 97.4 0 11.1 
1882.202 96.5 0 11.0 
1882.287 96.4 0 11.0 
1882.369 98.1 0 11.1 
1882.454 99.8 0 11.2 
1882.536 100.5 0 11.3 
1882.621 100.0 0 11.2 
1882.706 96.7 0 11.1 
1882.788 94.1 0 10.9 
1882.873 90.9 0 10.7 
1882.955 90.8 0 10.7 
1883.04 95.4 0 11.0 
1883.125 98.2 0 11.1 
1883.202 98.2 0 11.1 
1883.287 99.6 0 11.2 
1883.369 101.3 0 11.3 
1883.454 103.7 0 11.4 
1883.536 108.2 0 11.7 
1883.621 113.1 0 11.9 
1883.706 119.0 0 12.2 
1883.788 121.7 0 12.4 
1883.873 123.7 0 12.5 
1883.955 124.4 0 12.5 
1884.04 120.8 0 12.3 
1884.125 119.5 0 12.3 
1884.204 120.9 0 12.4 
1884.289 119.0 0 12.3 
1884.371 113.2 0 12.0 
1884.455 107.8 0 11.7 
1884.537 102.5 0 11.4 
1884.622 98.0 0 11.1 
1884.707 94.4 0 10.9 
1884.789 90.3 0 10.7 
1884.873 89.3 0 10.6 
1884.955 92.0 0 10.8 
1885.04 95.1 0 11.0 
1885.125 95.7 0 11.0 
1885.202 93.7 0 10.9 
1885.287 91.6 0 10.8 
1885.369 90.5 0 10.7 
1885.454 88.4 0 10.6 
1885.536 85.7 0 10.4 
1885.621 81.6 0 10.2 
1885.706 79.0 0 10.0 
1885.788 78.7 0 10.0 
1885.873 75.0 0 9.7 
1885.955 68.2 0 9.3 
1886.04 61.7 0 8.8 
1886.125 56.9 0 8.5 
1886.202 53.3 0 8.2 
1886.287 50.0 0 8.0 
1886.369 45.7 0 7.6 
1886.454 43.0 0 7.4 
1886.536 41.0 0 7.2 
1886.621 38.8 0 7.1 
1886.706 34.2 0 6.6 
1886.788 28.0 0 6.0 
1886.873 24.7 0 5.7 
1886.955 23.1 0 5.5 
1887.04 21.9 0 5.4 
1887.125 21.7 0 5.3 
1887.202 21.0 0 5.3 
1887.287 19.9 0 5.1 
1887.369 20.2 0 5.2 
1887.454 21.2 0 5.3 
1887.536 21.9 0 5.4 
1887.621 21.7 0 5.3 
1887.706 21.5 0 5.3 
1887.788 21.6 0 5.3 
1887.873 20.6 0 5.2 
1887.955 19.1 0 5.0 
1888.04 17.1 0 4.8 
1888.125 14.4 0 4.4 
1888.204 13.2 0 4.3 
1888.289 13.0 0 4.2 
1888.371 12.9 0 4.2 
1888.455 12.2 0 4.1 
1888.537 10.4 0 3.9 
1888.622 9.7 0 3.8 
1888.707 9.7 0 3.8 
1888.789 9.5 0 3.7 
1888.873 9.2 0 3.7 
1888.955 8.8 0 3.6 
1889.04 9.2 0 3.7 
1889.125 10.9 0 4.0 
1889.202 12.0 0 4.1 
1889.287 11.8 0 4.1 
1889.369 11.1 0 4.0 
1889.454 10.4 0 3.9 
1889.536 10.7 0 4.0 
1889.621 10.5 0 3.9 
1889.706 9.8 0 3.8 
1889.788 9.5 0 3.8 
1889.873 9.5 0 3.8 
1889.955 9.3 0 3.8 
1890.04 9.1 0 3.7 
1890.125 8.4 0 3.6 
1890.202 8.3 0 3.6 
1890.287 9.7 0 3.8 
1890.369 10.9 0 4.0 
1890.454 11.7 0 4.1 
1890.536 12.3 0 4.2 
1890.621 14.4 0 4.5 
1890.706 16.2 0 4.7 
1890.788 17.9 0 4.9 
1890.873 21.7 0 5.4 
1890.955 27.5 0 6.0 
1891.04 34.1 0 6.6 
1891.125 39.0 0 7.1 
1891.202 43.3 0 7.4 
1891.287 48.7 0 7.9 
1891.369 53.7 0 8.3 
1891.454 57.7 0 8.6 
1891.536 63.2 0 9.0 
1891.621 70.8 0 9.5 
1891.706 77.3 0 9.9 
1891.788 83.5 0 10.3 
1891.873 89.5 0 10.6 
1891.955 94.2 0 10.9 
1892.04 97.4 0 11.1 
1892.125 103.3 0 11.4 
1892.204 108.7 0 11.7 
1892.289 110.6 0 11.8 
1892.371 113.6 0 12.0 
1892.455 118.4 0 12.2 
1892.537 122.0 0 12.3 
1892.622 122.2 0 12.1 
1892.707 123.1 0 12.0 
1892.789 125.5 0 11.9 
1892.873 127.2 0 11.8 
1892.955 128.5 0 11.6 
1893.04 130.2 0 11.4 
1893.125 133.0 0 11.3 
1893.202 136.0 0 11.1 
1893.287 137.7 0 11.0 
1893.369 139.0 0 10.9 
1893.454 140.8 0 10.7 
1893.536 142.4 0 10.7 
1893.621 143.8 0 10.7 
1893.706 143.6 0 10.7 
1893.788 142.3 0 10.6 
1893.873 142.9 0 10.7 
1893.955 144.7 0 10.7 
1894.04 146.5 0 10.8 
1894.125 143.7 0 10.7 
1894.202 138.7 0 10.5 
1894.287 137.6 0 10.5 
1894.369 136.0 0 10.4 
1894.454 132.4 0 10.3 
1894.536 128.6 0 10.1 
1894.621 126.0 0 10.0 
1894.706 125.4 0 10.0 
1894.788 125.7 0 10.0 
1894.873 123.0 0 9.9 
1894.955 118.8 0 9.7 
1895.04 112.8 0 9.5 
1895.125 108.7 0 9.3 
1895.202 108.0 0 9.3 
1895.287 106.9 0 9.2 
1895.369 105.8 0 9.2 
1895.454 105.9 0 9.2 
1895.536 104.2 0 9.1 
1895.621 101.2 0 9.0 
1895.706 99.9 0 8.9 
1895.788 96.9 0 8.8 
1895.873 91.9 0 8.6 
1895.955 87.5 0 8.4 
1896.04 85.8 0 8.3 
1896.125 82.7 0 8.1 
1896.204 80.1 0 8.0 
1896.289 77.6 0 7.9 
1896.371 74.2 0 7.7 
1896.455 71.7 0 7.5 
1896.537 70.5 0 7.5 
1896.622 69.4 0 7.4 
1896.707 65.8 0 7.2 
1896.789 63.4 0 7.1 
1896.873 62.0 0 7.0 
1896.955 58.8 0 6.8 
1897.04 55.0 0 6.6 
1897.125 53.4 0 6.5 
1897.202 52.1 0 6.4 
1897.287 50.2 0 6.3 
1897.369 47.1 0 6.1 
1897.454 44.4 0 6.0 
1897.536 43.1 0 5.9 
1897.621 42.8 0 5.9 
1897.706 44.0 0 6.0 
1897.788 43.5 0 5.9 
1897.873 42.7 0 5.9 
1897.955 43.9 0 6.0 
1898.04 43.3 0 5.9 
1898.125 42.7 0 5.9 
1898.202 42.4 0 5.9 
1898.287 42.9 0 5.9 
1898.369 45.8 0 6.1 
1898.454 46.0 0 6.1 
1898.536 43.8 0 6.0 
1898.621 41.2 0 5.8 
1898.706 37.9 0 5.5 
1898.788 36.4 0 5.4 
1898.873 35.2 0 5.3 
1898.955 33.8 0 5.2 
1899.04 34.0 0 5.3 
1899.125 32.3 0 5.1 
1899.202 28.5 0 4.8 
1899.287 25.2 0 4.6 
1899.369 22.1 0 4.3 
1899.454 20.3 0 4.2 
1899.536 19.5 0 4.1 
1899.621 19.1 0 4.1 
1899.706 18.8 0 4.0 
1899.788 18.2 0 4.0 
1899.873 18.9 0 4.0 
1899.955 18.8 0 4.0 
1900.04 17.9 0 4.0 
1900.125 17.6 0 3.9 
1900.204 17.7 0 3.9 
1900.289 17.7 0 3.9 
1900.371 17.5 0 3.9 
1900.455 16.5 0 3.8 
1900.537 15.2 0 3.7 
1900.622 13.7 0 3.6 
1900.707 12.7 0 3.5 
1900.789 11.3 0 3.4 
1900.873 9.8 0 3.2 
1900.955 9.0 0 3.1 
1901.04 8.1 0 3.0 
1901.125 7.3 0 2.9 
1901.202 6.5 0 2.8 
1901.287 5.4 0 2.7 
1901.369 4.7 0 2.6 
1901.454 4.6 0 2.6 
1901.536 5.0 0 2.7 
1901.621 5.2 0 2.7 
1901.706 5.5 0 2.7 
1901.788 6.1 0 2.8 
1901.873 5.6 0 2.7 
1901.955 4.8 0 2.6 
1902.04 4.5 0 2.6 
1902.125 4.6 0 2.6 
1902.202 5.2 0 2.7 
1902.287 6.5 0 2.8 
1902.369 7.8 0 3.0 
1902.454 8.4 0 3.1 
1902.536 8.6 0 3.1 
1902.621 10.0 0 3.2 
1902.706 11.3 0 3.4 
1902.788 13.1 0 3.6 
1902.873 15.8 0 3.8 
1902.955 17.6 0 4.0 
1903.04 20.5 0 4.2 
1903.125 24.2 0 4.5 
1903.202 26.3 0 4.7 
1903.287 28.1 0 4.8 
1903.369 32.1 0 5.1 
1903.454 37.6 0 5.5 
1903.536 42.3 0 5.8 
1903.621 44.4 0 6.0 
1903.706 46.6 0 6.1 
1903.788 49.4 0 6.3 
1903.873 52.3 0 6.5 
1903.955 55.8 0 6.7 
1904.04 59.1 0 6.9 
1904.125 62.7 0 7.1 
1904.204 66.1 0 7.3 
1904.289 68.5 0 7.4 
1904.371 69.1 0 7.4 
1904.455 69.3 0 7.4 
1904.537 71.5 0 7.5 
1904.622 77.4 0 7.9 
1904.707 83.0 0 8.1 
1904.789 84.1 0 8.2 
1904.873 84.4 0 8.2 
1904.955 85.5 0 8.3 
1905.04 87.6 0 8.4 
1905.125 89.1 0 8.4 
1905.202 90.9 0 8.5 
1905.287 94.4 0 8.7 
1905.369 100.9 0 9.0 
1905.454 105.7 0 9.2 
1905.536 105.1 0 9.1 
1905.621 100.7 0 9.0 
1905.706 97.5 0 8.8 
1905.788 99.1 0 8.9 
1905.873 100.9 0 9.0 
1905.955 102.6 0 9.0 
1906.04 105.7 0 9.2 
1906.125 107.1 0 9.2 
1906.202 106.4 0 9.2 
1906.287 102.2 0 9.0 
1906.369 93.2 0 8.6 
1906.454 89.1 0 8.4 
1906.536 91.9 0 8.6 
1906.621 99.4 0 8.9 
1906.706 104.5 0 9.1 
1906.788 104.0 0 9.1 
1906.873 102.8 0 9.1 
1906.955 100.2 0 8.9 
1907.04 94.9 0 8.7 
1907.125 91.6 0 8.5 
1907.202 94.0 0 8.7 
1907.287 99.4 0 8.9 
1907.369 104.2 0 9.1 
1907.454 104.6 0 9.1 
1907.536 100.8 0 9.0 
1907.621 93.1 0 8.6 
1907.706 85.7 0 8.2 
1907.788 83.8 0 8.2 
1907.873 84.0 0 8.2 
1907.955 84.4 0 8.2 
1908.04 84.3 0 8.2 
1908.125 86.1 0 8.3 
1908.204 88.7 0 8.4 
1908.289 86.6 0 8.3 
1908.371 83.1 0 8.1 
1908.455 81.5 0 8.1 
1908.537 82.2 0 8.1 
1908.622 84.3 0 8.2 
1908.707 87.8 0 8.4 
1908.789 88.6 0 8.4 
1908.873 86.5 0 8.3 
1908.955 84.4 0 8.2 
1909.04 82.4 0 8.1 
1909.125 77.4 0 7.9 
1909.202 69.4 0 7.4 
1909.287 67.9 0 7.4 
1909.369 70.4 0 7.5 
1909.454 72.1 0 7.6 
1909.536 71.0 0 7.5 
1909.621 67.9 0 7.4 
1909.706 63.7 0 7.1 
1909.788 58.9 0 6.9 
1909.873 56.3 0 6.7 
1909.955 54.6 0 6.6 
1910.04 52.4 0 6.5 
1910.125 50.1 0 6.3 
1910.202 48.4 0 6.2 
1910.287 46.2 0 6.1 
1910.369 41.2 0 5.8 
1910.454 34.4 0 5.3 
1910.536 29.4 0 4.9 
1910.621 26.2 0 4.7 
1910.706 23.7 0 4.5 
1910.788 23.3 0 4.4 
1910.873 23.0 0 4.4 
1910.955 21.4 0 4.3 
1911.04 20.0 0 4.2 
1911.125 18.7 0 4.1 
1911.202 16.6 0 3.9 
1911.287 12.6 0 3.5 
1911.369 10.1 0 3.2 
1911.454 9.8 0 3.1 
1911.536 9.3 0 3.1 
1911.621 8.5 0 3.0 
1911.706 7.7 0 2.9 
1911.788 6.6 0 2.8 
1911.873 5.5 0 2.6 
1911.955 5.3 0 2.6 
1912.04 5.4 0 2.6 
1912.125 5.1 0 2.6 
1912.204 5.2 0 2.6 
1912.289 5.7 0 2.7 
1912.371 5.6 0 2.7 
1912.455 5.7 0 2.7 
1912.537 6.1 0 2.8 
1912.622 6.5 0 2.8 
1912.707 6.4 0 2.8 
1912.789 5.8 0 2.7 
1912.873 5.2 0 2.7 
1912.955 4.7 0 2.6 
1913.04 4.3 0 2.6 
1913.125 4.2 0 2.6 
1913.202 3.6 0 2.5 
1913.287 2.9 0 2.4 
1913.369 2.8 0 2.4 
1913.454 2.6 0 2.3 
1913.536 2.5 0 2.3 
1913.621 2.5 0 2.3 
1913.706 2.6 0 2.3 
1913.788 4.0 0 2.5 
1913.873 5.5 0 2.7 
1913.955 6.6 0 2.8 
1914.04 7.7 0 3.0 
1914.125 8.5 0 3.0 
1914.202 9.8 0 3.2 
1914.287 10.9 0 3.3 
1914.369 12.4 0 3.4 
1914.454 14.8 0 3.7 
1914.536 17.5 0 3.9 
1914.621 21.6 0 4.3 
1914.706 26.8 0 4.7 
1914.788 31.0 0 5.1 
1914.873 34.6 0 5.3 
1914.955 40.5 0 5.7 
1915.04 49.1 0 6.3 
1915.125 58.0 0 6.8 
1915.202 64.8 0 7.2 
1915.287 70.5 0 7.5 
1915.369 75.5 0 7.7 
1915.454 78.1 0 7.9 
1915.536 80.5 0 8.0 
1915.621 83.0 0 8.1 
1915.706 85.8 0 8.3 
1915.788 89.9 0 8.5 
1915.873 94.9 0 8.7 
1915.955 97.7 0 8.8 
1916.04 96.4 0 8.8 
1916.125 92.7 0 8.6 
1916.204 90.0 0 8.5 
1916.289 89.5 0 8.4 
1916.371 91.0 0 8.5 
1916.455 93.9 0 8.6 
1916.537 97.2 0 8.8 
1916.622 100.4 0 8.9 
1916.707 103.4 0 9.1 
1916.789 105.6 0 9.2 
1916.873 108.5 0 9.3 
1916.955 114.6 0 9.6 
1917.04 122.4 0 9.9 
1917.125 135.3 0 10.4 
1917.202 149.5 0 10.9 
1917.287 156.8 0 11.2 
1917.369 160.4 0 11.3 
1917.454 167.9 0 11.6 
1917.536 174.7 0 11.8 
1917.621 175.7 0 11.8 
1917.706 173.6 0 11.8 
1917.788 172.5 0 11.7 
1917.873 170.3 0 11.6 
1917.955 163.8 0 11.4 
1918.04 159.1 0 11.3 
1918.125 154.6 0 11.1 
1918.202 147.5 0 10.8 
1918.287 145.0 0 10.7 
1918.369 145.0 0 10.7 
1918.454 139.2 0 10.5 
1918.536 131.0 0 10.2 
1918.621 128.6 0 10.1 
1918.706 129.2 0 10.1 
1918.788 126.9 0 10.0 
1918.873 125.7 0 10.0 
1918.955 130.0 0 10.2 
1919.04 130.6 0 10.2 
1919.125 125.4 0 10.0 
1919.202 121.4 0 9.8 
1919.287 117.4 0 9.7 
1919.369 112.3 0 9.5 
1919.454 107.7 0 9.3 
1919.536 106.2 0 9.2 
1919.621 104.6 0 9.1 
1919.706 103.1 0 9.1 
1919.788 100.8 0 9.0 
1919.873 94.4 0 8.7 
1919.955 85.6 0 8.3 
1920.04 78.0 0 7.9 
1920.125 71.9 0 7.6 
1920.204 67.2 0 7.3 
1920.289 65.7 0 7.2 
1920.371 64.4 0 7.2 
1920.455 63.1 0 7.1 
1920.537 61.3 0 7.0 
1920.622 58.2 0 6.8 
1920.707 53.4 0 6.5 
1920.789 51.6 0 6.4 
1920.873 52.1 0 6.5 
1920.955 51.0 0 6.4 
1921.04 51.6 0 6.4 
1921.125 52.9 0 6.5 
1921.202 51.8 0 6.4 
1921.287 48.3 0 6.2 
1921.369 45.5 0 6.0 
1921.454 44.2 0 6.0 
1921.536 42.2 0 5.8 
1921.621 40.7 0 5.7 
1921.706 42.5 0 5.9 
1921.788 42.9 0 5.9 
1921.873 40.5 0 5.7 
1921.955 37.6 0 5.5 
1922.04 33.5 0 5.2 
1922.125 30.2 0 5.0 
1922.202 28.2 0 4.9 
1922.287 26.4 0 4.7 
1922.369 24.9 0 4.6 
1922.454 24.0 0 4.5 
1922.536 23.2 0 4.5 
1922.621 21.0 0 4.3 
1922.706 15.7 0 3.8 
1922.788 11.8 0 3.4 
1922.873 11.1 0 3.3 
1922.955 11.0 0 3.3 
1923.04 10.7 0 3.3 
1923.125 9.8 0 3.2 
1923.202 10.0 0 3.2 
1923.287 10.9 0 3.3 
1923.369 11.5 0 3.3 
1923.454 10.7 0 3.3 
1923.536 9.4 0 3.1 
1923.621 9.4 0 3.1 
1923.706 9.5 0 3.1 
1923.788 9.8 0 3.2 
1923.873 11.3 0 3.4 
1923.955 13.6 0 3.6 
1924.04 16.3 0 3.9 
1924.125 19.3 0 4.1 
1924.204 21.5 0 4.3 
1924.289 23.3 0 4.5 
1924.371 25.1 0 4.6 
1924.455 26.9 0 4.8 
1924.537 28.2 0 4.9 
1924.622 29.8 0 5.0 
1924.707 32.2 0 5.2 
1924.789 34.7 0 5.3 
1924.873 37.7 0 5.5 
1924.955 40.8 0 5.7 
1925.04 43.2 0 5.9 
1925.125 45.2 0 6.0 
1925.202 48.9 0 6.3 
1925.287 54.4 0 6.6 
1925.369 59.9 0 6.9 
1925.454 68.2 0 7.4 
1925.536 78.5 0 7.9 
1925.621 86.3 0 8.3 
1925.706 92.6 0 8.6 
1925.788 96.2 0 8.7 
1925.873 98.2 0 8.8 
1925.955 101.4 0 9.0 
1926.04 104.2 0 9.1 
1926.125 106.8 0 9.2 
1926.202 108.5 0 9.3 
1926.287 108.7 0 9.3 
1926.369 109.0 0 9.3 
1926.454 107.8 0 9.3 
1926.536 107.2 0 9.2 
1926.621 109.4 0 9.3 
1926.706 111.6 0 9.4 
1926.788 115.9 0 9.6 
1926.873 120.7 0 9.8 
1926.955 120.8 0 9.8 
1927.04 120.0 0 9.8 
1927.125 119.6 0 9.7 
1927.202 119.6 0 9.7 
1927.287 119.5 0 9.7 
1927.369 119.4 0 9.7 
1927.454 117.5 0 9.6 
1927.536 115.2 0 9.5 
1927.621 114.0 0 9.5 
1927.706 113.7 0 9.5 
1927.788 113.9 0 9.5 
1927.873 112.9 0 9.5 
1927.955 115.0 0 9.5 
1928.04 120.2 0 9.8 
1928.125 125.3 0 10.0 
1928.204 128.9 0 10.1 
1928.289 130.2 0 10.2 
1928.371 128.9 0 10.1 
1928.455 128.7 0 10.1 
1928.537 128.7 0 10.1 
1928.622 126.9 0 10.0 
1928.707 123.7 0 9.9 
1928.789 119.4 0 9.7 
1928.873 116.1 0 9.6 
1928.955 113.5 0 9.5 
1929.04 110.2 0 9.4 
1929.125 107.0 0 9.2 
1929.202 101.9 0 9.0 
1929.287 97.5 0 8.8 
1929.369 99.2 0 8.9 
1929.454 104.7 0 9.1 
1929.536 107.9 0 9.3 
1929.621 106.7 0 9.2 
1929.706 104.7 0 9.1 
1929.788 102.7 0 9.0 
1929.873 100.2 0 8.9 
1929.955 95.7 0 8.7 
1930.04 89.3 0 8.4 
1930.125 83.2 0 8.1 
1930.202 80.2 0 8.0 
1930.287 78.6 0 7.9 
1930.369 74.1 0 7.7 
1930.454 65.2 0 7.2 
1930.536 56.0 0 6.7 
1930.621 52.0 0 6.4 
1930.706 51.2 0 6.4 
1930.788 50.4 0 6.3 
1930.873 49.0 0 6.3 
1930.955 47.2 0 6.2 
1931.04 46.0 0 6.1 
1931.125 44.9 0 6.0 
1931.202 43.1 0 5.9 
1931.287 40.5 0 5.7 
1931.369 37.7 0 5.5 
1931.454 35.9 0 5.4 
1931.536 35.2 0 5.3 
1931.621 32.8 0 5.2 
1931.706 29.2 0 4.9 
1931.788 26.5 0 4.7 
1931.873 24.6 0 4.5 
1931.955 24.7 0 4.5 
1932.04 24.6 0 4.5 
1932.125 23.6 0 4.4 
1932.204 22.1 0 4.3 
1932.289 21.0 0 4.2 
1932.371 20.2 0 4.1 
1932.455 19.0 0 4.0 
1932.537 18.6 0 4.0 
1932.622 19.4 0 4.1 
1932.707 20.1 0 4.1 
1932.789 19.5 0 4.1 
1932.873 17.9 0 3.9 
1932.955 15.7 0 3.7 
1933.04 14.0 0 3.6 
1933.125 13.1 0 3.5 
1933.202 12.7 0 3.5 
1933.287 12.4 0 3.4 
1933.369 11.5 0 3.4 
1933.454 10.2 0 3.2 
1933.536 8.8 0 3.1 
1933.621 7.2 0 2.9 
1933.706 5.8 0 2.7 
1933.788 6.0 0 2.7 
1933.873 7.7 0 2.9 
1933.955 9.0 0 3.1 
1934.04 9.5 0 3.2 
1934.125 10.5 0 3.3 
1934.202 11.0 0 3.3 
1934.287 11.1 0 3.3 
1934.369 11.9 0 3.4 
1934.454 13.5 0 3.5 
1934.536 15.6 0 3.7 
1934.621 17.5 0 3.9 
1934.706 19.7 0 4.1 
1934.788 21.1 0 4.2 
1934.873 21.7 0 4.3 
1934.955 24.9 0 4.6 
1935.04 29.3 0 4.9 
1935.125 32.6 0 5.2 
1935.202 36.7 0 5.5 
1935.287 42.7 0 5.9 
1935.369 49.8 0 6.3 
1935.454 56.9 0 6.7 
1935.536 63.1 0 7.1 
1935.621 69.9 0 7.5 
1935.706 77.4 0 7.9 
1935.788 85.5 0 8.2 
1935.873 91.8 0 8.5 
1935.955 95.3 0 8.7 
1936.04 98.3 0 8.8 
1936.125 103.5 0 9.1 
1936.204 109.8 0 9.3 
1936.289 114.7 0 9.5 
1936.371 120.7 0 9.8 
1936.455 128.6 0 10.1 
1936.537 137.7 0 10.5 
1936.622 146.3 0 10.8 
1936.707 150.5 0 10.9 
1936.789 153.4 0 11.0 
1936.873 160.1 0 11.3 
1936.955 168.6 0 11.6 
1937.04 179.2 0 11.9 
1937.125 189.2 0 12.3 
1937.202 194.4 0 12.4 
1937.287 198.6 0 12.6 
1937.369 198.3 0 12.6 
1937.454 193.0 0 12.4 
1937.536 188.3 0 12.2 
1937.621 185.2 0 12.1 
1937.706 184.8 0 12.1 
1937.788 184.4 0 12.1 
1937.873 184.6 0 12.1 
1937.955 183.0 0 12.1 
1938.04 182.2 0 12.0 
1938.125 182.1 0 12.0 
1938.202 179.8 0 12.0 
1938.287 177.2 0 11.9 
1938.369 178.7 0 11.9 
1938.454 182.3 0 12.0 
1938.536 181.4 0 12.0 
1938.621 177.2 0 11.9 
1938.706 172.8 0 11.7 
1938.788 171.8 0 11.7 
1938.873 171.8 0 11.7 
1938.955 171.4 0 11.7 
1939.04 166.9 0 11.5 
1939.125 161.5 0 11.3 
1939.202 162.4 0 11.4 
1939.287 163.3 0 11.4 
1939.369 158.8 0 11.2 
1939.454 151.5 0 11.0 
1939.536 145.9 0 10.8 
1939.621 142.6 0 10.6 
1939.706 142.6 0 10.6 
1939.788 140.6 0 10.6 
1939.873 132.7 0 10.3 
1939.955 127.1 0 10.1 
1940.04 123.8 0 9.9 
1940.125 121.7 0 9.8 
1940.204 118.5 0 9.7 
1940.289 113.0 0 9.5 
1940.371 110.0 0 9.4 
1940.455 111.1 0 9.4 
1940.537 112.6 0 9.5 
1940.622 111.3 0 9.4 
1940.707 107.7 0 9.3 
1940.789 103.2 0 9.1 
1940.873 99.5 0 8.9 
1940.955 96.1 0 8.7 
1941.04 94.4 0 8.7 
1941.125 91.2 0 8.5 
1941.202 88.0 0 8.4 
1941.287 87.3 0 8.3 
1941.369 85.3 0 8.2 
1941.454 81.6 0 8.1 
1941.536 78.5 0 7.9 
1941.621 78.3 0 7.9 
1941.706 79.4 0 8.0 
1941.788 81.9 0 8.1 
1941.873 83.6 0 8.2 
1941.955 79.9 0 8.0 
1942.04 73.1 0 7.7 
1942.125 67.0 0 7.3 
1942.202 60.8 0 7.0 
1942.287 55.5 0 6.7 
1942.369 53.1 0 6.5 
1942.454 51.8 0 6.5 
1942.536 49.4 0 6.3 
1942.621 46.2 0 6.1 
1942.706 42.6 0 5.9 
1942.788 38.4 0 5.6 
1942.873 35.2 0 5.3 
1942.955 34.2 0 5.2 
1943.04 33.6 0 5.2 
1943.125 33.2 0 5.2 
1943.202 32.7 0 5.1 
1943.287 31.4 0 5.0 
1943.369 29.2 0 4.9 
1943.454 27.5 0 4.7 
1943.536 26.6 0 4.7 
1943.621 24.0 0 4.5 
1943.706 20.9 0 4.2 
1943.788 18.0 0 4.0 
1943.873 15.4 0 3.8 
1943.955 14.4 0 3.7 
1944.04 13.6 0 3.6 
1944.125 12.9 0 3.5 
1944.204 13.0 0 3.5 
1944.289 13.9 0 3.6 
1944.371 14.6 0 3.7 
1944.455 15.3 0 3.7 
1944.537 17.0 0 3.9 
1944.622 18.9 0 4.1 
1944.707 20.4 0 4.2 
1944.789 23.4 0 4.4 
1944.873 27.5 0 4.8 
1944.955 31.7 0 5.1 
1945.04 36.4 0 5.4 
1945.125 39.7 0 5.7 
1945.202 41.7 0 5.8 
1945.287 46.8 0 6.1 
1945.369 52.8 0 6.5 
1945.454 55.2 0 6.6 
1945.536 57.1 0 6.7 
1945.621 64.3 0 7.1 
1945.706 73.2 0 7.6 
1945.788 80.1 0 8.0 
1945.873 86.9 0 8.3 
1945.955 93.2 0 8.6 
1946.04 101.0 0 9.0 
1946.125 111.7 0 9.4 
1946.202 121.5 0 9.8 
1946.287 128.0 0 10.1 
1946.369 135.7 0 10.4 
1946.454 147.7 0 10.8 
1946.536 157.7 0 11.1 
1946.621 163.1 0 11.0 
1946.706 167.3 0 11.0 
1946.788 173.3 0 10.9 
1946.873 182.8 0 10.9 
1946.955 193.4 0 11.0 
1947.04 199.2 0 10.9 
1947.125 204.1 0 10.7 
1947.202 211.2 0 10.6 
1947.287 217.2 0 10.6 
1947.369 218.7 0 10.3 
1947.454 216.1 0 10.0 
1947.536 214.1 0 9.8 
1947.621 210.9 0 9.7 
1947.706 206.0 0 9.6 
1947.788 206.3 0 9.6 
1947.873 207.1 0 9.6 
1947.955 205.7 0 9.6 
1948.04 205.0 0 9.6 
1948.125 202.3 0 9.5 
1948.204 198.9 0 9.4 
1948.289 195.7 0 9.4 
1948.371 192.2 0 9.3 
1948.455 191.6 0 9.3 
1948.537 193.5 0 9.3 
1948.622 199.8 0 9.5 
1948.707 209.1 0 9.7 
1948.789 210.3 0 9.7 
1948.873 203.8 0 9.6 
1948.955 197.1 0 9.4 
1949.04 193.4 0 9.3 
1949.125 190.4 0 9.2 
1949.202 188.5 0 9.2 
1949.287 188.4 0 9.2 
1949.369 190.9 0 9.2 
1949.454 192.5 0 9.3 
1949.536 190.3 0 9.2 
1949.621 184.1 0 9.1 
1949.706 176.1 0 8.9 
1949.788 171.4 0 8.7 
1949.873 169.4 0 8.7 
1949.955 167.1 0 8.6 
1950.04 162.8 0 8.5 
1950.125 158.5 0 8.4 
1950.202 150.7 0 8.2 
1950.287 141.0 0 7.9 
1950.369 131.6 0 7.7 
1950.454 122.6 0 7.4 
1950.536 116.4 0 7.2 
1950.621 111.9 0 7.1 
1950.706 106.7 0 6.9 
1950.788 102.3 0 6.8 
1950.873 101.2 0 6.7 
1950.955 102.4 0 6.8 
1951.04 101.6 0 6.7 
1951.125 98.5 0 6.6 
1951.202 98.9 0 6.6 
1951.287 100.2 0 6.7 
1951.369 99.5 0 6.7 
1951.454 98.9 0 6.6 
1951.536 97.3 0 6.6 
1951.621 94.0 0 6.5 
1951.706 89.8 0 6.3 
1951.788 84.0 0 6.1 
1951.873 75.3 0 5.8 
1951.955 66.5 0 5.4 
1952.04 61.5 0 5.2 
1952.125 59.8 0 5.2 
1952.204 56.2 0 5.0 
1952.289 51.4 0 4.8 
1952.371 48.0 0 4.6 
1952.455 45.5 0 4.5 
1952.537 44.0 0 4.4 
1952.622 42.1 0 4.3 
1952.707 40.3 0 4.3 
1952.789 39.5 0 4.2 
1952.873 38.8 0 4.2 
1952.955 37.3 0 4.1 
1953.04 34.6 0 4.0 
1953.125 31.0 0 3.7 
1953.202 28.6 0 3.6 
1953.287 27.2 0 3.5 
1953.369 25.0 0 3.4 
1953.454 22.0 0 3.2 
1953.536 18.5 0 2.9 
1953.621 16.7 0 2.8 
1953.706 16.6 0 2.7 
1953.788 15.1 0 2.6 
1953.873 12.8 0 2.4 
1953.955 10.8 0 2.2 
1954.04 9.3 0 2.1 
1954.125 8.2 0 1.9 
1954.202 6.3 0 1.7 
1954.287 5.1 0 1.5 
1954.369 5.5 0 1.6 
1954.454 6.3 0 1.7 
1954.536 7.9 0 1.9 
1954.621 10.5 0 2.2 
1954.706 11.4 0 2.3 
1954.788 11.6 0 2.3 
1954.873 13.8 0 2.5 
1954.955 17.4 0 2.8 
1955.04 20.5 0 3.1 
1955.125 23.7 0 3.3 
1955.202 28.0 0 3.6 
1955.287 33.5 0 3.9 
1955.369 41.2 0 4.3 
1955.454 50.0 0 4.7 
1955.536 57.0 0 5.0 
1955.621 66.0 0 5.4 
1955.706 78.8 0 5.9 
1955.788 91.3 0 6.4 
1955.873 103.5 0 6.8 
1955.955 114.8 0 7.2 
1956.04 125.8 0 7.5 
1956.125 139.4 0 7.9 
1956.204 154.7 0 8.3 
1956.289 168.1 0 8.7 
1956.371 180.4 0 9.0 
1956.455 193.9 0 9.3 
1956.537 206.1 0 9.6 
1956.622 211.8 0 9.7 
1956.707 214.5 0 9.8 
1956.789 220.6 0 9.9 
1956.873 226.0 0 10.1 
1956.955 232.7 0 10.2 
1957.04 241.1 0 10.4 
1957.125 243.8 0 10.4 
1957.202 246.8 0 10.5 
1957.287 256.3 0 10.7 
1957.369 262.7 0 10.8 
1957.454 266.1 0 10.9 
1957.536 271.1 0 11.0 
1957.621 275.3 0 11.1 
1957.706 279.3 0 11.2 
1957.788 282.5 0 11.3 
1957.873 284.4 0 11.3 
1957.955 283.3 0 11.3 
1958.04 281.8 0 11.2 
1958.125 284.5 0 11.3 
1958.202 285.0 0 11.3 
1958.287 278.7 0 11.2 
1958.369 271.0 0 11.0 
1958.454 264.5 0 10.9 
1958.536 262.3 0 10.8 
1958.621 261.9 0 10.8 
1958.706 260.3 0 10.8 
1958.788 258.1 0 10.7 
1958.873 255.9 0 10.7 
1958.955 255.6 0 10.7 
1959.04 252.9 0 10.6 
1959.125 250.4 0 10.6 
1959.202 247.1 0 10.5 
1959.287 239.7 0 10.4 
1959.369 233.9 0 10.2 
1959.454 228.5 0 10.1 
1959.536 220.6 0 9.9 
1959.621 214.2 0 9.8 
1959.706 207.1 0 9.6 
1959.788 199.7 0 9.4 
1959.873 194.2 0 9.3 
1959.955 187.6 0 9.2 
1960.04 182.5 0 9.0 
1960.125 177.0 0 8.9 
1960.204 172.1 0 8.8 
1960.289 169.4 0 8.7 
1960.371 165.7 0 8.6 
1960.455 161.3 0 8.5 
1960.537 153.8 0 8.3 
1960.622 145.0 0 8.0 
1960.707 138.6 0 7.9 
1960.789 132.1 0 7.7 
1960.873 124.5 0 7.5 
1960.955 118.5 0 7.3 
1961.04 113.6 0 7.1 
1961.125 105.9 0 6.9 
1961.202 97.5 0 6.6 
1961.287 91.1 0 6.4 
1961.369 85.1 0 6.2 
1961.454 79.1 0 5.9 
1961.536 75.3 0 5.8 
1961.621 74.4 0 5.8 
1961.706 74.3 0 5.8 
1961.788 73.0 0 5.7 
1961.873 71.7 0 5.7 
1961.955 69.1 0 5.6 
1962.04 64.2 0 5.4 
1962.125 59.4 0 5.2 
1962.202 56.7 0 5.0 
1962.287 56.1 0 5.0 
1962.369 55.9 0 5.0 
1962.454 54.6 0 4.9 
1962.536 52.5 0 4.9 
1962.621 49.8 0 4.7 
1962.706 46.7 0 4.6 
1962.788 44.0 0 4.5 
1962.873 42.9 0 4.4 
1962.955 42.6 0 4.4 
1963.04 42.1 0 4.4 
1963.125 42.6 0 4.4 
1963.202 42.6 0 4.4 
1963.287 41.6 0 4.3 
1963.369 41.1 0 4.3 
1963.454 40.4 0 4.3 
1963.536 39.7 0 4.2 
1963.621 39.0 0 4.2 
1963.706 38.6 0 4.2 
1963.788 37.4 0 4.1 
1963.873 34.2 0 3.9 
1963.955 30.7 0 3.7 
1964.04 28.1 0 3.6 
1964.125 25.7 0 3.4 
1964.204 22.3 0 3.2 
1964.289 18.6 0 2.9 
1964.371 16.0 0 2.7 
1964.455 15.0 0 2.6 
1964.537 15.2 0 2.7 
1964.622 15.1 0 2.6 
1964.707 14.6 0 2.6 
1964.789 14.3 0 2.6 
1964.873 15.0 0 2.6 
1964.955 16.2 0 2.7 
1965.04 17.2 0 2.8 
1965.125 17.7 0 2.8 
1965.202 18.4 0 2.9 
1965.287 19.9 0 3.0 
1965.369 21.2 0 3.1 
1965.454 21.8 0 3.2 
1965.536 22.6 0 3.2 
1965.621 23.8 0 3.3 
1965.706 25.2 0 3.4 
1965.788 28.4 0 3.6 
1965.873 32.1 0 3.8 
1965.955 35.2 0 4.0 
1966.04 39.7 0 4.2 
1966.125 44.8 0 4.5 
1966.202 49.2 0 4.7 
1966.287 53.3 0 4.9 
1966.369 57.9 0 5.1 
1966.454 63.4 0 5.3 
1966.536 71.4 0 5.6 
1966.621 80.3 0 6.0 
1966.706 89.5 0 6.3 
1966.788 95.8 0 6.5 
1966.873 99.4 0 6.7 
1966.955 103.0 0 6.8 
1967.04 106.2 0 6.9 
1967.125 111.6 0 7.1 
1967.202 116.5 0 7.2 
1967.287 119.8 0 7.3 
1967.369 123.9 0 7.4 
1967.454 129.4 0 7.6 
1967.536 133.3 0 7.7 
1967.621 135.0 0 7.8 
1967.706 134.9 0 7.8 
1967.788 134.5 0 7.7 
1967.873 137.6 0 7.8 
1967.955 142.5 0 8.0 
1968.04 145.3 0 8.1 
1968.125 145.7 0 8.1 
1968.204 148.2 0 8.1 
1968.289 151.8 0 8.2 
1968.371 152.4 0 8.2 
1968.455 150.9 0 8.2 
1968.537 148.9 0 8.1 
1968.622 148.4 0 8.1 
1968.707 151.5 0 8.2 
1968.789 155.5 0 8.3 
1968.873 156.6 0 8.4 
1968.955 156.0 0 8.3 
1969.04 155.7 0 8.3 
1969.125 155.1 0 8.3 
1969.202 152.9 0 8.3 
1969.287 150.7 0 8.2 
1969.369 150.4 0 8.2 
1969.454 150.1 0 8.2 
1969.536 149.9 0 8.2 
1969.621 150.7 0 8.2 
1969.706 149.2 0 8.2 
1969.788 147.4 0 8.1 
1969.873 148.0 0 8.1 
1969.955 148.5 0 8.2 
1970.04 149.5 0 8.2 
1970.125 150.1 0 8.2 
1970.202 150.3 0 8.2 
1970.287 150.3 0 8.2 
1970.369 149.8 0 8.2 
1970.454 149.1 0 8.2 
1970.536 147.0 0 8.1 
1970.621 143.0 0 8.0 
1970.706 137.6 0 7.8 
1970.788 132.9 0 7.7 
1970.873 126.5 0 7.5 
1970.955 119.0 0 7.3 
1971.04 113.8 0 7.1 
1971.125 110.1 0 7.0 
1971.202 105.3 0 6.8 
1971.287 100.4 0 6.7 
1971.369 96.5 0 6.5 
1971.454 94.5 0 6.5 
1971.536 92.7 0 6.4 
1971.621 91.5 0 6.4 
1971.706 93.2 0 6.4 
1971.788 93.8 0 6.4 
1971.873 94.7 0 6.5 
1971.955 98.3 0 6.6 
1972.04 100.3 0 6.7 
1972.125 100.9 0 6.7 
1972.204 102.6 0 6.8 
1972.289 104.0 0 6.8 
1972.371 103.3 0 6.8 
1972.455 99.9 0 6.7 
1972.537 96.6 0 6.6 
1972.622 92.9 0 6.4 
1972.707 88.2 0 6.3 
1972.789 85.9 0 6.2 
1972.873 83.3 0 6.1 
1972.955 78.2 0 5.9 
1973.04 72.3 0 5.7 
1973.125 66.1 0 5.4 
1973.202 62.8 0 5.3 
1973.287 60.8 0 5.2 
1973.369 57.9 0 5.1 
1973.454 55.6 0 5.0 
1973.536 53.4 0 4.9 
1973.621 51.4 0 4.8 
1973.706 49.0 0 4.7 
1973.788 46.6 0 4.6 
1973.873 45.4 0 4.5 
1973.955 45.0 0 4.5 
1974.04 46.8 0 4.6 
1974.125 49.1 0 4.7 
1974.202 48.5 0 4.7 
1974.287 48.3 0 4.6 
1974.369 49.4 0 4.7 
1974.454 49.3 0 4.7 
1974.536 48.6 0 4.7 
1974.621 47.3 0 4.6 
1974.706 45.8 0 4.5 
1974.788 43.2 0 4.4 
1974.873 39.3 0 4.2 
1974.955 36.1 0 4.0 
1975.04 33.0 0 3.9 
1975.125 31.8 0 3.8 
1975.202 30.6 0 3.7 
1975.287 26.8 0 3.5 
1975.369 24.2 0 3.3 
1975.454 23.2 0 3.3 
1975.536 21.8 0 3.2 
1975.621 20.7 0 3.1 
1975.706 20.9 0 3.1 
1975.788 22.3 0 3.2 
1975.873 23.3 0 3.3 
1975.955 23.6 0 3.3 
1976.04 22.1 0 3.2 
1976.125 19.2 0 3.0 
1976.204 17.8 0 2.9 
1976.289 18.4 0 2.9 
1976.371 18.3 0 2.9 
1976.455 17.9 0 2.9 
1976.537 18.8 0 2.9 
1976.622 20.5 0 3.1 
1976.707 20.8 0 3.1 
1976.789 19.7 0 3.0 
1976.873 19.7 0 3.0 
1976.955 21.6 0 3.2 
1977.04 24.3 0 3.3 
1977.125 26.3 0 3.5 
1977.202 28.8 0 3.6 
1977.287 31.9 0 3.8 
1977.369 34.7 0 4.0 
1977.454 37.7 0 4.1 
1977.536 41.4 0 4.3 
1977.621 47.6 0 4.6 
1977.706 55.8 0 5.0 
1977.788 64.8 0 5.4 
1977.873 73.7 0 5.7 
1977.955 80.7 0 6.0 
1978.04 86.9 0 6.2 
1978.125 91.5 0 6.4 
1978.202 98.7 0 6.6 
1978.287 109.0 0 7.0 
1978.369 117.8 0 7.2 
1978.454 126.6 0 7.5 
1978.536 138.0 0 7.8 
1978.621 147.3 0 8.1 
1978.706 153.6 0 8.3 
1978.788 157.3 0 8.4 
1978.873 160.4 0 8.5 
1978.955 166.7 0 8.6 
1979.04 175.2 0 8.8 
1979.125 185.4 0 9.1 
1979.202 193.3 0 9.3 
1979.287 199.9 0 9.4 
1979.369 208.5 0 9.6 
1979.454 216.7 0 9.8 
1979.536 219.5 0 9.9 
1979.621 220.1 0 9.9 
1979.706 220.4 0 9.9 
1979.788 223.4 0 10.0 
1979.873 229.8 0 10.1 
1979.955 232.9 0 10.2 
1980.04 232.0 0 10.2 
1980.125 230.2 0 10.2 
1980.204 227.9 0 10.1 
1980.289 224.6 0 10.0 
1980.371 221.3 0 10.0 
1980.455 219.1 0 9.9 
1980.537 216.1 0 9.9 
1980.622 212.0 0 10.0 
1980.707 211.5 0 10.2 
1980.789 211.9 0 10.5 
1980.873 209.1 0 10.9 
1980.955 202.8 0 11.0 
1981.04 199.6 0 11.1 
1981.125 202.2 0 11.5 
1981.202 205.4 0 12.1 
1981.287 205.7 0 12.6 
1981.369 204.1 0 12.8 
1981.454 200.9 0 13.1 
1981.536 198.5 0 13.1 
1981.621 199.9 0 13.2 
1981.706 202.7 0 13.3 
1981.788 201.4 0 13.0 
1981.873 196.0 0 12.6 
1981.955 194.1 0 12.5 
1982.04 192.7 0 12.6 
1982.125 186.6 0 12.5 
1982.202 180.0 0 12.0 
1982.287 173.4 0 11.5 
1982.369 167.5 0 11.7 
1982.454 164.0 0 12.1 
1982.536 161.5 0 12.2 
1982.621 153.5 0 11.9 
1982.706 141.4 0 11.5 
1982.788 133.3 0 11.4 
1982.873 131.3 0 11.5 
1982.955 130.5 0 11.4 
1983.04 127.9 0 11.0 
1983.125 123.9 0 10.6 
1983.202 117.1 0 10.4 
1983.287 110.5 0 10.1 
1983.369 104.5 0 9.4 
1983.454 95.9 0 8.2 
1983.536 89.1 0 7.6 
1983.621 88.9 0 7.5 
1983.706 91.7 0 7.7 
1983.788 92.0 0 7.6 
1983.873 89.7 0 7.4 
1983.955 85.5 0 7.2 
1984.04 80.5 0 7.0 
1984.125 75.8 0 6.8 
1984.204 71.2 0 6.5 
1984.289 66.8 0 6.4 
1984.371 63.5 0 6.2 
1984.455 61.7 0 6.0 
1984.537 58.3 0 5.8 
1984.622 52.2 0 5.6 
1984.707 44.3 0 5.1 
1984.789 37.2 0 4.7 
1984.873 31.6 0 4.3 
1984.955 27.4 0 4.1 
1985.04 25.2 0 3.9 
1985.125 23.5 0 3.9 
1985.202 21.7 0 3.8 
1985.287 21.3 0 3.8 
1985.369 21.4 0 3.7 
1985.454 20.8 0 3.7 
1985.536 19.9 0 3.7 
1985.621 19.6 0 3.6 
1985.706 19.8 0 3.6 
1985.788 19.7 0 3.6 
1985.873 19.1 0 3.6 
1985.955 17.3 0 3.6 
1986.04 15.2 0 3.5 
1986.125 14.3 0 3.5 
1986.202 14.3 0 3.5 
1986.287 15.1 0 3.5 
1986.369 15.8 0 3.6 
1986.454 15.2 0 3.6 
1986.536 15.1 0 3.5 
1986.621 14.4 0 3.4 
1986.706 13.5 0 3.4 
1986.788 14.7 0 3.3 
1986.873 16.6 0 3.3 
1986.955 18.3 0 3.4 
1987.04 19.9 0 3.5 
1987.125 22.3 0 3.5 
1987.202 25.5 0 3.6 
1987.287 28.0 0 3.6 
1987.369 30.3 0 3.7 
1987.454 32.7 0 3.7 
1987.536 36.2 0 3.9 
1987.621 40.5 0 4.1 
1987.706 45.3 0 4.3 
1987.788 51.0 0 4.5 
1987.873 55.1 0 4.7 
1987.955 60.9 0 5.1 
1988.04 69.2 0 5.6 
1988.125 76.9 0 6.1 
1988.204 84.9 0 6.6 
1988.289 93.0 0 7.0 
1988.371 101.4 0 7.4 
1988.455 114.3 0 8.0 
1988.537 128.5 0 8.9 
1988.622 141.1 0 9.6 
1988.707 151.2 0 10.1 
1988.789 156.9 0 10.3 
1988.873 164.4 0 10.6 
1988.955 176.1 0 11.1 
1989.04 184.8 0 11.4 
1989.125 190.7 0 11.6 
1989.202 198.0 0 12.0 
1989.287 203.8 0 12.3 
1989.369 209.5 0 12.6 
1989.454 212.1 0 12.9 
1989.536 212.0 0 12.8 
1989.621 211.1 0 12.7 
1989.706 210.5 0 12.6 
1989.788 212.4 0 12.7 
1989.873 212.5 0 12.7 
1989.955 206.2 0 12.4 
1990.04 201.2 0 12.1 
1990.125 202.4 0 12.1 
1990.202 200.9 0 11.8 
1990.287 198.1 0 11.6 
1990.369 195.1 0 11.5 
1990.454 192.0 0 11.3 
1990.536 190.1 0 11.3 
1990.621 191.6 0 11.5 
1990.706 194.6 0 11.7 
1990.788 195.2 0 11.8 
1990.873 195.2 0 11.8 
1990.955 197.8 0 12.0 
1991.04 202.8 0 12.3 
1991.125 204.4 0 12.5 
1991.202 203.9 0 12.6 
1991.287 203.8 0 12.7 
1991.369 202.9 0 12.7 
1991.454 202.8 0 12.7 
1991.536 203.5 0 12.7 
1991.621 203.3 0 12.6 
1991.706 200.9 0 12.5 
1991.788 196.7 0 12.4 
1991.873 191.4 0 12.2 
1991.955 183.1 0 11.9 
1992.04 172.6 0 11.5 
1992.125 161.1 0 11.0 
1992.204 151.8 0 10.5 
1992.289 146.0 0 10.0 
1992.371 142.1 0 9.7 
1992.455 137.1 0 9.4 
1992.537 128.5 0 8.8 
1992.622 119.3 0 8.1 
1992.707 113.0 0 7.6 
1992.789 109.0 0 7.4 
1992.873 106.3 0 7.2 
1992.955 104.5 0 7.1 
1993.04 101.9 0 6.9 
1993.125 99.3 0 6.8 
1993.202 95.4 0 6.7 
1993.287 90.2 0 6.5 
1993.369 84.2 0 6.3 
1993.454 78.6 0 6.0 
1993.536 76.5 0 5.9 
1993.621 73.6 0 5.8 
1993.706 68.3 0 5.5 
1993.788 63.2 0 5.3 
1993.873 58.4 0 5.1 
1993.955 55.1 0 5.0 
1994.04 52.6 0 4.9 
1994.125 50.2 0 4.8 
1994.202 49.4 0 4.8 
1994.287 49.6 0 4.7 
1994.369 48.7 0 4.6 
1994.454 46.4 0 4.6 
1994.536 42.7 0 4.4 
1994.621 40.1 0 4.3 
1994.706 39.7 0 4.2 
1994.788 39.4 0 4.2 
1994.873 38.7 0 4.1 
1994.955 37.6 0 4.0 
1995.04 35.6 0 3.9 
1995.125 33.7 0 3.9 
1995.202 32.0 0 3.9 
1995.287 29.4 0 3.8 
1995.369 27.3 0 3.7 
1995.454 25.9 0 3.7 
1995.536 24.4 0 3.6 
1995.621 22.0 0 3.5 
1995.706 19.0 0 3.4 
1995.788 17.0 0 3.4 
1995.873 15.9 0 3.3 
1995.955 15.1 0 3.3 
1996.04 14.5 0 3.3 
1996.125 14.2 0 3.2 
1996.204 13.7 0 3.2 
1996.289 12.0 0 3.1 
1996.371 11.2 0 3.1 
1996.455 11.6 0 3.1 
1996.537 11.3 0 3.1 
1996.622 11.2 0 3.0 
1996.707 11.3 0 3.0 
1996.789 12.0 0 3.0 
1996.873 13.4 0 3.0 
1996.955 14.3 0 3.0 
1997.04 14.5 0 3.1 
1997.125 15.2 0 3.1 
1997.202 18.3 0 3.3 
1997.287 22.0 0 3.4 
1997.369 24.4 0 3.5 
1997.454 27.2 0 3.6 
1997.536 30.4 0 3.7 
1997.621 33.6 0 3.9 
1997.706 38.2 0 4.1 
1997.788 43.1 0 4.4 
1997.873 47.1 0 4.7 
1997.955 52.0 0 4.9 
1998.04 58.4 0 5.1 
1998.125 65.4 0 5.3 
1998.202 72.0 0 5.7 
1998.287 76.9 0 6.0 
1998.369 80.8 0 6.2 
1998.454 85.4 0 6.5 
1998.536 89.8 0 6.8 
1998.621 93.5 0 7.0 
1998.706 96.4 0 7.2 
1998.788 98.2 0 7.2 
1998.873 102.3 0 7.3 
1998.955 110.4 0 7.7 
1999.04 118.4 0 8.0 
1999.125 122.5 0 8.4 
1999.202 122.3 0 8.6 
1999.287 125.0 0 8.7 
1999.369 132.6 0 9.1 
1999.454 136.3 0 9.3 
1999.536 138.1 0 9.4 
1999.621 142.9 0 9.6 
1999.706 150.5 0 10.0 
1999.788 159.3 0 10.3 
1999.873 164.1 0 10.4 
1999.955 164.0 0 10.4 
2000.04 166.1 0 10.5 
2000.125 170.6 0 10.4 
2000.204 174.3 0 10.4 
2000.289 175.2 0 10.5 
2000.371 172.9 0 10.3 
2000.455 172.7 0 10.1 
2000.537 174.2 0 10.0 
2000.622 172.8 0 9.9 
2000.707 168.8 0 9.8 
2000.789 165.3 0 9.8 
2000.873 163.1 0 9.7 
2000.955 162.7 0 9.7 
2001.04 158.3 0 9.6 
2001.125 152.5 0 9.4 
2001.202 155.1 0 9.5 
2001.287 160.7 0 9.7 
2001.369 163.7 0 10.0 
2001.454 167.4 0 10.4 
2001.536 172.0 0 10.6 
2001.621 175.8 0 10.9 
2001.706 177.1 0 10.9 
2001.788 177.3 0 10.8 
2001.873 180.3 0 10.8 
2001.955 179.1 0 10.8 
2002.04 177.6 0 10.7 
2002.125 179.7 0 10.9 
2002.202 178.2 0 10.8 
2002.287 174.4 0 10.6 
2002.369 171.3 0 10.2 
2002.454 166.9 0 9.9 
2002.536 161.5 0 9.6 
2002.621 155.4 0 9.2 
2002.706 149.5 0 8.9 
2002.788 143.9 0 8.7 
2002.873 136.0 0 8.5 
2002.955 131.4 0 8.4 
2003.04 129.6 0 8.2 
2003.125 125.7 0 8.0 
2003.202 118.7 0 7.7 
2003.287 111.9 0 7.5 
2003.369 107.0 0 7.5 
2003.454 101.7 0 7.2 
2003.536 96.0 0 6.9 
2003.621 92.9 0 6.8 
2003.706 91.8 0 6.7 
2003.788 89.1 0 6.6 
2003.873 86.9 0 6.5 
2003.955 84.1 0 6.4 
2004.04 80.1 0 6.4 
2004.125 76.4 0 6.4 
2004.204 73.2 0 6.3 
2004.289 71.0 0 6.1 
2004.371 69.5 0 5.9 
2004.455 67.1 0 5.8 
2004.537 64.8 0 5.8 
2004.622 63.0 0 5.7 
2004.707 60.2 0 5.6 
2004.789 57.9 0 5.5 
2004.873 56.6 0 5.4 
2004.955 55.7 0 5.4 
2005.04 54.5 0 5.1 
2005.125 53.2 0 5.0 
2005.202 52.3 0 4.9 
2005.287 49.3 0 4.8 
2005.369 45.0 0 4.7 
2005.454 44.5 0 4.6 
2005.536 44.6 0 4.6 
2005.621 41.9 0 4.5 
2005.706 39.4 0 4.5 
2005.788 38.9 0 4.6 
2005.873 38.4 0 4.6 
2005.955 36.0 0 4.4 
2006.04 33.0 0 4.2 
2006.125 29.7 0 3.9 
2006.202 27.4 0 3.7 
2006.287 27.0 0 3.6 
2006.369 27.4 0 3.6 
2006.454 26.2 0 3.5 
2006.536 25.0 0 3.5 
2006.621 25.9 0 3.4 
2006.706 26.0 0 3.3 
2006.788 23.7 0 3.1 
2006.873 21.1 0 2.9 
2006.955 20.2 0 2.9 
2007.04 19.8 0 2.9 
2007.125 19.0 0 2.9 
2007.202 17.7 0 2.8 
2007.287 16.4 0 2.8 
2007.369 14.4 0 2.8 
2007.454 12.8 0 2.7 
2007.536 11.6 0 2.7 
2007.621 9.9 0 2.7 
2007.706 9.6 0 2.6 
2007.788 9.9 0 2.6 
2007.873 9.2 0 2.6 
2007.955 7.9 0 2.6 
2008.04 6.6 0 2.5 
2008.125 5.6 0 2.5 
2008.204 5.1 0 2.5 
2008.289 5.1 0 2.6 
2008.371 5.4 0 2.6 
2008.455 4.8 0 2.5 
2008.537 4.0 0 2.4 
2008.622 3.8 0 2.4 
2008.707 3.2 0 2.4 
2008.789 2.4 0 2.3 
2008.873 2.3 0 2.3 
2008.955 2.2 0 2.3 
2009.04 2.5 0 2.3 
2009.125 2.7 0 2.3 
2009.202 2.9 0 2.3 
2009.287 3.3 0 2.3 
2009.369 3.5 0 2.3 
2009.454 4.1 0 2.4 
2009.536 5.5 0 2.5 
2009.621 7.4 0 2.6 
2009.706 9.5 0 2.7 
2009.788 10.9 0 2.8 
2009.873 11.7 0 2.9 
2009.955 12.7 0 2.9 
2010.04 14.0 0 3.0 
2010.125 16.1 0 3.1 
2010.202 18.5 0 3.2 
2010.287 20.8 0 3.3 
2010.369 23.1 0 3.4 
2010.454 24.6 0 3.4 
2010.536 25.2 0 3.4 
2010.621 26.4 0 3.6 
2010.706 29.5 0 3.9 
2010.788 34.5 0 4.2 
2010.873 39.1 0 4.4 
2010.955 42.5 0 4.5 
2011.04 45.7 0 4.6 
2011.125 48.8 0 4.8 
2011.202 53.8 0 5.1 
2011.287 61.1 0 5.6 
2011.369 69.3 0 6.1 
2011.454 77.2 0 6.6 
2011.536 83.6 0 6.9 
2011.621 86.3 0 7.0 
2011.706 86.6 0 7.0 
2011.788 87.4 0 7.1 
2011.873 89.4 0 7.2 
2011.955 92.5 0 7.3 
2012.04 95.5 0 7.4 
2012.125 98.1 0 7.5 
2012.204 98.3 0 7.5 
2012.289 95.1 0 7.3 
2012.371 90.9 0 7.0 
2012.455 86.6 0 6.7 
2012.537 84.5 0 6.5 
2012.622 85.1 0 6.5 
2012.707 85.3 0 6.5 
2012.789 85.8 0 6.4 
2012.873 87.7 0 6.5 
2012.955 88.1 0 6.5 
2013.04 86.8 0 6.4 
2013.125 86.1 0 6.4 
2013.202 84.4 0 6.2 
2013.287 84.3 0 6.2 
2013.369 87.0 0 6.5 
2013.454 90.9 0 6.7 
2013.536 94.6 0 7.0 
2013.621 99.0 0 7.3 
2013.706 104.6 0 7.7 
2013.788 107.0 0 7.8 
2013.873 106.9 0 7.8 
2013.955 107.6 0 7.8 
2014.04 109.3 0 7.9 
2014.125 110.5 0 8.0 
2014.202 114.3 0 8.2 
2014.287 116.4 0 8.2 
2014.369 115.0 0 8.2 
2014.454 114.1 0 8.1 
2014.536 112.6 0 8.0 
2014.621 108.3 0 7.8 
2014.706 101.9 0 7.4 
2014.788 97.3 0 7.3 
2014.873 94.7 0 7.4 
2014.955 92.2 0 7.4 
2015.04 89.3 0 7.3 
2015.125 86.1 0 7.2 
2015.202 82.1 0 7.0 
2015.287 78.9 0 6.8 
2015.369 76.1 0 6.6 
2015.454 72.1 0 6.4 
2015.536 68.3 0 6.2 
2015.621 66.4 0 6.0 
2015.706 65.9 0 6.0 
2015.788 64.3 0 5.9 
2015.873 61.2 0 5.5 
2015.955 57.8 0 5.1 
2016.04 54.4 0 4.9 
2016.125 52.5 0 4.8 
2016.204 50.4 0 4.6 
2016.289 47.8 0 4.4 
2016.371 44.8 0 4.2 
2016.455 41.5 0 4.0 
2016.537 38.5 0 3.8 
2016.622 36.0 0 3.6 
2016.707 33.2 0 3.5 
2016.789 31.5 0 3.4 
2016.873 29.9 0 3.3 
2016.955 28.5 0 3.1 
2017.04 27.8 0 3.1 
2017.125 26.5 0 2.9 
2017.202 25.7 0 2.9 
2017.287 24.8 0 2.8 
2017.369 23.3 0 2.7 
2017.454 22.2 0 2.6 
2017.536 21.0 0 2.6 
2017.621 19.6 0 2.4 
2017.706 18.3 0 2.2 
2017.788 16.7 0 2.1 
2017.873 15.4 0 1.9 
2017.955 15.1 0 1.9 
2018.04 14.2 0 1.9 
2018.125 12.6 0 1.7 
2018.202 9.9 0 1.4 
2018.287 7.8 0 1.1 
2018.369 7.5 0 1.1 
2018.454 7.2 0 1.1 
2018.536 7.0 0 1.1 
2018.621 6.7 0 1.0 
2018.706 6.5 0 1.0 
2018.788 6.8 0 1.0 
2018.873 6.7 0 0.9 
2018.955 6.0 0 0.8 
2019.04 5.4 0 0.7 
2019.125 5.0 0 0.7 
2019.202 4.6 0 0.7 
2019.287 4.3 0 0.6 
2019.369 3.9 0 0.6 
2019.454 3.7 0 0.5 
2019.536 3.5 0 0.5 
2019.621 3.4 0 0.5 
2019.706 3.1 0 0.5 
2019.788 2.6 0 0.4 
2019.873 2.0 0 0.4 
2019.955 1.8 0 0.4 
2020.04 2.2 0 0.4 
2020.125 2.8 0 0.5 
