1700.5 8.3 0 0
1701.5 18.3 0 0
1702.5 26.7 0 0
1703.5 38.3 0 0
1704.5 60.0 0 0
1705.5 96.7 0 0
1706.5 48.3 0 0
1707.5 33.3 0 0
1708.5 16.7 0 0
1709.5 13.3 0 0
1710.5 5.0 0 0
1711.5 0.0 0 0
1712.5 0.0 0 0
1713.5 3.3 0 0
1714.5 18.3 0 0
1715.5 45.0 0 0
1716.5 78.3 0 0
1717.5 105.0 0 0
1718.5 100.0 0 0
1719.5 65.0 0 0
1720.5 46.7 0 0
1721.5 43.3 0 0
1722.5 36.7 0 0
1723.5 18.3 0 0
1724.5 35.0 0 0
1725.5 66.7 0 0
1726.5 130.0 0 0
1727.5 203.3 0 0
1728.5 171.7 0 0
1729.5 121.7 0 0
1730.5 78.3 0 0
1731.5 58.3 0 0
1732.5 18.3 0 0
1733.5 8.3 0 0
1734.5 26.7 0 0
1735.5 56.7 0 0
1736.5 116.7 0 0
1737.5 135.0 0 0
1738.5 185.0 0 0
1739.5 168.3 0 0
1740.5 121.7 0 0
1741.5 66.7 0 0
1742.5 33.3 0 0
1743.5 26.7 0 0
1744.5 8.3 0 0
1745.5 18.3 0 0
1746.5 36.7 0 0
1747.5 66.7 0 0
1748.5 100.0 0 0
1749.5 134.8 0 0
1750.5 139.0 0 0
1751.5 79.5 0 0
1752.5 79.7 0 0
1753.5 51.2 0 0
1754.5 20.3 0 0
1755.5 16.0 0 0
1756.5 17.0 0 0
1757.5 54.0 0 0
1758.5 79.3 0 0
1759.5 90.0 0 0
1760.5 104.8 0 0
1761.5 143.2 0 0
1762.5 102.0 0 0
1763.5 75.2 0 0
1764.5 60.7 0 0
1765.5 34.8 0 0
1766.5 19.0 0 0
1767.5 63.0 0 0
1768.5 116.3 0 0
1769.5 176.8 0 0
1770.5 168.0 0 0
1771.5 136.0 0 0
1772.5 110.8 0 0
1773.5 58.0 0 0
1774.5 51.0 0 0
1775.5 11.7 0 0
1776.5 33.0 0 0
1777.5 154.2 0 0
1778.5 257.3 0 0
1779.5 209.8 0 0
1780.5 141.3 0 0
1781.5 113.5 0 0
1782.5 64.2 0 0
1783.5 38.0 0 0
1784.5 17.0 0 0
1785.5 40.2 0 0
1786.5 138.2 0 0
1787.5 220.0 0 0
1788.5 218.2 0 0
1789.5 196.8 0 0
1790.5 149.8 0 0
1791.5 111.0 0 0
1792.5 100.0 0 0
1793.5 78.2 0 0
1794.5 68.3 0 0
1795.5 35.5 0 0
1796.5 26.7 0 0
1797.5 10.7 0 0
1798.5 6.8 0 0
1799.5 11.3 0 0
1800.5 24.2 0 0
1801.5 56.7 0 0
1802.5 75.0 0 0
1803.5 71.8 0 0
1804.5 79.2 0 0
1805.5 70.3 0 0
1806.5 46.8 0 0
1807.5 16.8 0 0
1808.5 13.5 0 0
1809.5 4.2 0 0
1810.5 0.0 0 0
1811.5 2.3 0 0
1812.5 8.3 0 0
1813.5 20.3 0 0
1814.5 23.2 0 0
1815.5 59.0 0 0
1816.5 76.3 0 0
1817.5 68.3 0 0
1818.5 52.9 0 9.2 
1819.5 38.5 0 7.9 
1820.5 24.2 0 6.4 
1821.5 9.2 0 4.2 
1822.5 6.3 0 3.7 
1823.5 2.2 0 2.7 
1824.5 11.4 0 4.6 
1825.5 28.2 0 6.8 
1826.5 59.9 0 9.8 
1827.5 83.0 0 11.6 
1828.5 108.5 0 13.2 
1829.5 115.2 0 13.6 
1830.5 117.4 0 13.7 
1831.5 80.8 0 11.4 
1832.5 44.3 0 8.5 
1833.5 13.4 0 4.9 
1834.5 19.5 0 5.8 
1835.5 85.8 0 11.8 
1836.5 192.7 0 17.6 
1837.5 227.3 0 19.1 
1838.5 168.7 0 16.5 
1839.5 143.0 0 15.1 
1840.5 105.5 0 13.0 
1841.5 63.3 0 10.1 
1842.5 40.3 0 8.1 
1843.5 18.1 0 5.6 
1844.5 25.1 0 6.5 
1845.5 65.8 0 10.3 
1846.5 102.7 0 12.8 
1847.5 166.3 0 16.3 
1848.5 208.3 0 18.3 
1849.5 182.5 0 16.6 
1850.5 126.3 0 13.7 
1851.5 122.0 0 13.4 
1852.5 102.7 0 12.3 
1853.5 74.1 0 10.4 
1854.5 39.0 0 7.5 
1855.5 12.7 0 4.3 
1856.5 8.2 0 3.4 
1857.5 43.4 0 8.0 
1858.5 104.4 0 12.4 
1859.5 178.3 0 16.3 
1860.5 182.2 0 16.5 
1861.5 146.6 0 14.8 
1862.5 112.1 0 12.9 
1863.5 83.5 0 11.1 
1864.5 89.2 0 11.5 
1865.5 57.8 0 9.2 
1866.5 30.7 0 6.7 
1867.5 13.9 0 4.5 
1868.5 62.8 0 8.9 
1869.5 123.6 0 12.5 
1870.5 232.0 0 17.1 
1871.5 185.3 0 15.3 
1872.5 169.2 0 14.6 
1873.5 110.1 0 11.8 
1874.5 74.5 0 9.7 
1875.5 28.3 0 6.1 
1876.5 18.9 0 5.1 
1877.5 20.7 0 5.3 
1878.5 5.7 0 3.2 
1879.5 10.0 0 3.9 
1880.5 53.7 0 8.3 
1881.5 90.5 0 10.7 
1882.5 99.0 0 11.2 
1883.5 106.1 0 11.6 
1884.5 105.8 0 11.6 
1885.5 86.3 0 10.5 
1886.5 42.4 0 7.4 
1887.5 21.8 0 5.4 
1888.5 11.2 0 4.0 
1889.5 10.4 0 3.9 
1890.5 11.8 0 4.1 
1891.5 59.5 0 8.7 
1892.5 121.7 0 12.4 
1893.5 142.0 0 10.6 
1894.5 130.0 0 10.2 
1895.5 106.6 0 9.2 
1896.5 69.4 0 7.4 
1897.5 43.8 0 5.9 
1898.5 44.4 0 6.0 
1899.5 20.2 0 4.1 
1900.5 15.7 0 3.8 
1901.5 4.6 0 2.6 
1902.5 8.5 0 3.1 
1903.5 40.8 0 5.7 
1904.5 70.1 0 7.5 
1905.5 105.5 0 9.2 
1906.5 90.1 0 8.5 
1907.5 102.8 0 9.0 
1908.5 80.9 0 8.0 
1909.5 73.2 0 7.6 
1910.5 30.9 0 5.0 
1911.5 9.5 0 3.1 
1912.5 6.0 0 2.7 
1913.5 2.4 0 2.3 
1914.5 16.1 0 3.8 
1915.5 79.0 0 7.9 
1916.5 95.0 0 8.7 
1917.5 173.6 0 11.8 
1918.5 134.6 0 10.3 
1919.5 105.7 0 9.2 
1920.5 62.7 0 7.1 
1921.5 43.5 0 5.9 
1922.5 23.7 0 4.5 
1923.5 9.7 0 3.1 
1924.5 27.9 0 4.8 
1925.5 74.0 0 7.7 
1926.5 106.5 0 9.2 
1927.5 114.7 0 9.5 
1928.5 129.7 0 10.2 
1929.5 108.2 0 9.3 
1930.5 59.4 0 6.9 
1931.5 35.1 0 5.3 
1932.5 18.6 0 4.0 
1933.5 9.2 0 3.2 
1934.5 14.6 0 3.6 
1935.5 60.2 0 6.9 
1936.5 132.8 0 10.3 
1937.5 190.6 0 12.3 
1938.5 182.6 0 12.1 
1939.5 148.0 0 10.8 
1940.5 113.0 0 9.5 
1941.5 79.2 0 7.9 
1942.5 50.8 0 6.4 
1943.5 27.1 0 4.7 
1944.5 16.1 0 3.8 
1945.5 55.3 0 6.6 
1946.5 154.3 0 11.1 
1947.5 214.7 0 9.8 
1948.5 193.0 0 9.3 
1949.5 190.7 0 9.2 
1950.5 118.9 0 7.3 
1951.5 98.3 0 6.6 
1952.5 45.0 0 4.5 
1953.5 20.1 0 3.0 
1954.5 6.6 0 1.7 
1955.5 54.2 0 4.9 
1956.5 200.7 0 9.5 
1957.5 269.3 0 11.0 
1958.5 261.7 0 10.8 
1959.5 225.1 0 10.0 
1960.5 159.0 0 8.4 
1961.5 76.4 0 5.8 
1962.5 53.4 0 4.9 
1963.5 39.9 0 4.2 
1964.5 15.0 0 2.6 
1965.5 22.0 0 3.2 
1966.5 66.8 0 5.4 
1967.5 132.9 0 7.7 
1968.5 150.0 0 8.2 
1969.5 149.4 0 8.2 
1970.5 148.0 0 8.1 
1971.5 94.4 0 6.5 
1972.5 97.6 0 6.6 
1973.5 54.1 0 4.9 
1974.5 49.2 0 4.7 
1975.5 22.5 0 3.2 
1976.5 18.4 0 2.9 
1977.5 39.3 0 4.2 
1978.5 131.0 0 7.6 
1979.5 220.1 0 9.9 
1980.5 218.9 0 9.9 
1981.5 198.9 0 13.1 
1982.5 162.4 0 12.1 
1983.5 91.0 0 7.6 
1984.5 60.5 0 5.9 
1985.5 20.6 0 3.7 
1986.5 14.8 0 3.5 
1987.5 33.9 0 3.7 
1988.5 123.0 0 8.4 
1989.5 211.1 0 12.8 
1990.5 191.8 0 11.2 
1991.5 203.3 0 12.7 
1992.5 133.0 0 8.9 
1993.5 76.1 0 5.8 
1994.5 44.9 0 4.4 
1995.5 25.1 0 3.7 
1996.5 11.6 0 3.1 
1997.5 28.9 0 3.6 
1998.5 88.3 0 6.6 
1999.5 136.3 0 9.3 
2000.5 173.9 0 10.1 
2001.5 170.4 0 10.5 
2002.5 163.6 0 9.8 
2003.5 99.3 0 7.1 
2004.5 65.3 0 5.9 
2005.5 45.8 0 4.7 
2006.5 24.7 0 3.5 
2007.5 12.6 0 2.7 
2008.5 4.2 0 2.5 
2009.5 4.8 0 2.5 
2010.5 24.9 0 3.4 
2011.5 80.8 0 6.7 
2012.5 84.5 0 6.7 
2013.5 94.0 0 6.9 
2014.5 113.3 0 8.0 
2015.5 69.8 0 6.4 
2016.5 39.8 0 3.9 
2017.5 21.7 0 2.5 
2018.5 7.0 0 1.1 
2019.5 3.6 0 0.5 
2020.5 8.8 0 4.1 
