Solar Wind Speed data downloaded from HVO: 
column 1 - Date in fraction of year. 
column 2 - Solar wind speed data [km/s].

1990.005    475.000
1990.079    485.000
1990.153    428.000
1990.227    501.000
1990.301    426.000
1990.375    429.000
1990.449    422.000
1990.523    425.000
1990.597    520.000
1990.671    436.000
1990.745    426.000
1990.819    413.000
1990.893    393.000
1990.967    369.000
1991.041    406.000
1991.115    414.000
1991.189    466.000
1991.263    371.000
1991.337    396.000
1991.411    585.000
1991.485    523.000
1991.559    543.000
1991.633    471.000
1991.707    444.000
1991.781    506.000
1991.855    483.000
1991.929    460.000
1992.003    416.000
1992.077    431.000
1992.150    437.000
1992.224    406.000
1992.298    400.000
1992.372    430.000
1992.445    443.000
1992.519    377.000
1992.593    407.000
1992.667    459.000
1992.740    476.000
1992.814    487.000
1992.888    447.000
1992.962    541.000
1993.036    459.000
1993.110    503.000
1993.184    469.000
1993.258    489.000
1993.332    441.000
1993.405    443.000
1993.479    446.000
1993.553    410.000
1993.627    425.000
1993.701    372.000
1993.775    408.000
1993.849    486.000
1993.923    509.000
1993.997    522.000
1994.071    593.000
1994.145    562.000
1994.219    589.000
1994.293    590.000
1994.367    598.000
1994.441    543.000
1994.515    505.000
1994.589    415.000
1994.663    442.000
1994.737    453.000
1994.811    443.000
1994.885    454.000
1994.959    479.000
1995.033    434.000
1995.107    442.000
1995.181    442.000
1995.255    439.000
1995.329    485.000
1995.403    461.000
1995.477    397.000
1995.551    425.000
1995.625    407.000
1995.699    426.000
1995.773    416.000
1995.847    372.000
1995.921    392.000
1995.995    407.000
1996.068    445.000
1996.142    428.000
1996.216    426.000
1996.290    429.000
1996.363    396.000
1996.437    378.000
1996.511    389.000
1996.585    419.000
1996.658    490.000
1996.732    450.000
1996.806    433.000
1996.880    426.000
1996.954    380.000
1997.027    424.000
1997.101    415.000
1997.175    379.000
1997.249    404.000
1997.323    364.000
1997.397    357.000
1997.471    370.000
1997.545    397.000
1997.619    391.000
1997.693    385.000
1997.767    370.000
1997.841    376.000
1997.915    328.000
1997.989    357.000
1998.063    387.000
1998.137    382.000
1998.211    386.000
1998.285    450.000
1998.359    422.000
1998.433    409.000
1998.507    425.000
1998.581    392.000
1998.655    406.000
1998.729    448.000
1998.803    445.000
1998.877    425.000
1998.951    387.000
1999.025    411.000
1999.099    436.000
1999.173    425.000
1999.247    431.000
1999.321    461.000
1999.395    405.000
1999.468    395.000
1999.542    393.000
1999.616    497.000
1999.690    484.000
1999.764    491.000
1999.838    441.000
1999.912    444.000
1999.986    464.000
2000.060    491.000
2000.134    439.000
2000.208    436.000
2000.281    429.000
2000.355    454.000
2000.429    475.000
2000.503    476.000
2000.577    422.000
2000.650    457.000
2000.724    433.000
2000.798    468.000
2000.872    439.000
2000.945    363.000
2001.019    380.000
2001.093    395.000
2001.167    409.000
2001.241    520.000
2001.315    441.000
2001.389    422.000
2001.463    427.000
2001.537    444.000
2001.611    435.000
2001.685    434.000
2001.759    408.000
2001.833    439.000
2001.907    396.000
2001.981    411.000
2002.055    419.000
2002.129    417.000
2002.203    437.000
2002.277    433.000
2002.351    446.000
2002.425    396.000
2002.499    447.000
2002.573    446.000
2002.647    422.000
2002.721    391.000
2002.795    527.000
2002.868    487.000
2002.942    475.000
2003.016    480.000
2003.090    514.000
2003.164    530.000
2003.238    535.000
2003.312    576.000
2003.386    602.000
2003.460    573.000
2003.534    582.000
2003.608    549.000
2003.682    518.000
2003.756    518.000
2003.830    610.000
2003.904    526.000
2003.978    525.000
2004.052    521.000
2004.126    487.000
2004.199    465.000
2004.273    427.000
2004.347    431.000
2004.421    421.000
2004.495    458.000
2004.568    444.000
2004.642    400.000
2004.716    388.000
2004.790    424.000
2004.863    472.000
2004.937    471.000
2005.011    580.000
2005.085    490.000
2005.159    481.000
2005.233    459.000
2005.307    502.000
2005.381    426.000
2005.455    439.000
2005.529    469.000
2005.603    491.000
2005.677    502.000
2005.751    417.000
2005.825    430.000
2005.899    444.000
2005.973    410.000
2006.047    407.000
2006.121    415.000
2006.195    418.000
2006.268    429.000
2006.342    435.000
2006.416    448.000
2006.490    407.000
2006.564    429.000
2006.638    423.000
2006.712    419.000
2006.786    426.000
2006.860    440.000
2006.934    552.000
2007.008    468.000
2007.082    438.000
2007.156    457.000
2007.230    421.000
2007.304    420.000
2007.378    452.000
2007.452    440.000
2007.526    440.000
2007.600    436.000
2007.674    451.000
2007.748    423.000
2007.822    431.000
2007.896    447.000
2007.970    479.000
2008.044    498.000
2008.117    521.000
2008.191    519.000
2008.265    521.000
2008.339    439.000
2008.413    473.000
2008.486    448.000
2008.560    429.000
2008.634    400.000
2008.708    405.000
2008.781    401.000
2008.855    385.000
2008.929    385.000
2009.003    370.000
2009.077    371.000
2009.151    403.000
2009.225    400.000
2009.299    380.000
2009.373    331.000
2009.447    352.000
2009.521    391.000
2009.595    385.000
2009.668    360.000
2009.742    334.000
2009.816    335.000
2009.890    331.000
2009.964    338.000
2010.038    383.000
2010.112    362.000
2010.186    401.000
2010.260    422.000
2010.334    421.000
2010.408    429.000
2010.482    412.000
2010.556    451.000
2010.630    414.000
2010.704    389.000
2010.778    405.000
2010.852    412.000
2010.926    380.000
2011.000    432.000
2011.074    398.000
2011.148    422.000
2011.222    428.000
2011.296    423.000
2011.370    460.000
2011.444    439.000
2011.518    486.000
2011.592    442.000
2011.666    419.000
2011.740    405.000
2011.814    372.000
2011.888    383.000
2011.962    365.000
2012.036    421.000
2012.109    410.000
2012.183    471.000
2012.257    405.000
2012.331    409.000
2012.404    430.000
2012.478    462.000
2012.552    402.000
2012.626    423.000
2012.699    370.000
2012.773    388.000
2012.847    377.000
2012.921    346.000
2012.995    360.000
2013.068    374.000
2013.142    390.000
2013.216    399.000
2013.290    396.000
2013.364    484.000
2013.438    412.000
2013.512    400.000
2013.586    446.000
2013.660    411.000
2013.734    378.000
2013.808    371.000
2013.882    364.000
2013.956    380.000
2014.030    404.000
2014.104    418.000
2014.178    382.000
2014.252    408.000
2014.326    356.000
2014.400    383.000
2014.474    341.000
2014.548    365.000
2014.622    352.000
2014.696    421.000
2014.770    410.000
2014.844    434.000
2014.918    468.000
2014.992    434.000
2015.066    416.000
2015.140    434.000
2015.214    453.000
2015.288    413.000
2015.362    384.000
2015.436    478.000
2015.510    431.000
2015.584    459.000
2015.658    462.000
2015.732    447.000
2015.805    452.000
2015.879    425.000
2015.953    461.000
2016.027    400.000
2016.101    409.000
2016.175    444.000
2016.249    410.000
2016.322    458.000
2016.396    457.000
2016.470    467.000
2016.544    467.000
2016.617    445.000
2016.691    444.000
2016.765    482.000
2016.839    440.000
2016.913    463.000
2016.986    490.000
2017.060    470.000
2017.134    490.000
2017.208    487.000
2017.282    435.000
2017.356    424.000
2017.430    404.000
2017.504    464.000
2017.578    481.000
2017.652    506.000
2017.726    448.000
2017.800    424.000
2017.874    417.000
2017.948    407.000
2018.022    400.000
2018.096    400.000
2018.170    409.000
2018.244    401.000
2018.318    419.000
2018.392    400.000
2018.466    417.000
2018.540    391.000
2018.614    437.000
2018.688    444.000
2018.762    402.000
2018.836    406.000
2018.910    428.000
2018.984    414.000
2019.058    430.000
2019.132    393.000
2019.205    389.000
2019.279    373.000
2019.353    382.000
2019.427    348.000
2019.501    391.000
2019.575    433.000
2019.649    465.000
2019.723    411.000
2019.797    393.000
2019.871    379.000
2019.945    374.000
2020.019    368.000
2020.093    399.000
2020.167    394.000
2020.240    389.000
2020.314    333.000
2020.388    346.000
2020.462    313.000
