1976.414  101
1976.441  101
1976.469  100
1976.496  100
1976.523  99
1976.551  99
1976.578  99
1976.605  98
1976.633  98
1976.660  97
1976.687  97
1976.714  97
1976.742  96
1976.769  96
1976.796  96
1976.824  96
1976.851  95
1976.878  95
1976.906  95
1976.933  95
1976.960  95
1976.988  94
1977.015  94
1977.042  94
1977.070  94
1977.097  94
1977.125  94
1977.152  94
1977.179  94
1977.207  94
1977.234  94
1977.262  94
1977.289  94
1977.316  94
1977.344  95
1977.371  95
1977.399  95
1977.426  95
1977.453  95
1977.481  96
1977.508  96
1977.536  96
1977.563  97
1977.590  97
1977.618  97
1977.645  98
1977.673  98
1977.700  98
1977.727  99
1977.755  99
1977.782  99
1977.810  99
1977.837  100
1977.864  100
1977.892  100
1977.919  100
1977.947  100
1977.974  100
1978.001  100
1978.029  100
1978.056  100
1978.084  100
1978.111  99
1978.138  99
1978.166  98
1978.193  98
1978.221  97
1978.248  97
1978.275  96
1978.303  95
1978.330  94
1978.358  93
1978.385  92
1978.412  91
1978.440  90
1978.467  89
1978.495  88
1978.522  87
1978.549  86
1978.577  85
1978.604  83
1978.632  82
1978.659  81
1978.686  80
1978.714  78
1978.741  77
1978.768  76
1978.796  75
1978.823  73
1978.851  72
1978.878  71
1978.905  69
1978.933  68
1978.960  67
1978.988  66
1979.015  64
1979.042  63
1979.070  62
1979.097  61
1979.125  59
1979.152  58
1979.179  57
1979.207  56
1979.234  54
1979.262  53
1979.289  52
1979.316  50
1979.344  49
1979.371  48
1979.399  46
1979.426  45
1979.453  44
1979.481  42
1979.508  41
1979.536  39
1979.563  38
1979.590  36
1979.618  34
1979.645  32
1979.673  31
1979.700  29
1979.727  27
1979.755  25
1979.782  23
1979.810  21
1979.837  19
1979.864  17
1979.892  14
1979.919  12
1979.947  10
1979.974  8
1980.001  5
1980.029  3
1980.056  1
1980.083  -2
1980.111  -4
1980.138  -6
1980.165  -9
1980.193  -11
1980.220  -13
1980.247  -15
1980.275  -18
1980.302  -20
1980.329  -22
1980.357  -24
1980.384  -26
1980.411  -28
1980.439  -29
1980.466  -31
1980.493  -33
1980.520  -35
1980.548  -36
1980.575  -38
1980.602  -39
1980.630  -40
1980.657  -42
1980.684  -43
1980.712  -44
1980.739  -45
1980.766  -46
1980.794  -47
1980.821  -48
1980.848  -48
1980.876  -49
1980.903  -50
1980.930  -50
1980.958  -51
1980.985  -51
1981.012  -51
1981.040  -52
1981.067  -52
1981.095  -52
1981.122  -53
1981.149  -53
1981.177  -53
1981.204  -53
1981.232  -53
1981.259  -53
1981.286  -53
1981.314  -53
1981.341  -53
1981.368  -53
1981.396  -53
1981.423  -53
1981.451  -53
1981.478  -53
1981.505  -53
1981.533  -53
1981.560  -53
1981.588  -52
1981.615  -52
1981.642  -52
1981.670  -52
1981.697  -52
1981.725  -52
1981.752  -52
1981.779  -52
1981.807  -52
1981.834  -52
1981.862  -53
1981.889  -53
1981.916  -53
1981.944  -53
1981.971  -54
1981.999  -54
1982.026  -54
1982.053  -55
1982.081  -55
1982.108  -56
1982.136  -56
1982.163  -56
1982.190  -57
1982.218  -58
1982.245  -58
1982.273  -59
1982.300  -59
1982.327  -60
1982.355  -60
1982.382  -61
1982.410  -62
1982.437  -62
1982.464  -63
1982.492  -63
1982.519  -64
1982.547  -65
1982.574  -65
1982.601  -66
1982.629  -67
1982.656  -67
1982.684  -68
1982.711  -69
1982.738  -69
1982.766  -70
1982.793  -71
1982.821  -72
1982.848  -72
1982.875  -73
1982.903  -74
1982.930  -75
1982.958  -76
1982.985  -77
1983.012  -77
1983.040  -78
1983.067  -79
1983.095  -80
1983.122  -81
1983.149  -82
1983.177  -83
1983.204  -84
1983.232  -84
1983.259  -85
1983.286  -86
1983.314  -87
1983.341  -88
1983.368  -89
1983.396  -90
1983.423  -91
1983.451  -92
1983.478  -93
1983.505  -94
1983.533  -95
1983.560  -96
1983.588  -97
1983.615  -98
1983.642  -99
1983.670  -100
1983.697  -101
1983.725  -102
1983.752  -103
1983.779  -104
1983.807  -105
1983.834  -106
1983.862  -106
1983.889  -107
1983.916  -108
1983.944  -109
1983.971  -109
1983.999  -110
1984.026  -111
1984.053  -111
1984.081  -112
1984.108  -113
1984.135  -113
1984.163  -114
1984.190  -114
1984.217  -115
1984.245  -115
1984.272  -116
1984.299  -117
1984.327  -117
1984.354  -118
1984.381  -118
1984.408  -119
1984.436  -119
1984.463  -120
1984.490  -120
1984.518  -121
1984.545  -121
1984.572  -122
1984.600  -122
1984.627  -123
1984.654  -123
1984.682  -124
1984.709  -124
1984.736  -125
1984.764  -125
1984.791  -126
1984.818  -126
1984.846  -127
1984.873  -127
1984.900  -127
1984.928  -128
1984.955  -128
1984.982  -129
1985.010  -129
1985.037  -129
1985.064  -130
1985.092  -130
1985.119  -130
1985.147  -130
1985.174  -130
1985.201  -130
1985.229  -130
1985.256  -131
1985.284  -131
1985.311  -131
1985.338  -131
1985.366  -131
1985.393  -131
1985.421  -131
1985.448  -131
1985.475  -131
1985.503  -131
1985.530  -131
1985.558  -130
1985.585  -130
1985.612  -130
1985.640  -130
1985.667  -130
1985.695  -130
1985.722  -130
1985.749  -130
1985.777  -130
1985.804  -130
1985.832  -130
1985.859  -130
1985.886  -130
1985.914  -130
1985.941  -130
1985.968  -129
1985.996  -129
1986.023  -129
1986.051  -129
1986.078  -129
1986.105  -129
1986.133  -129
1986.160  -129
1986.188  -129
1986.215  -129
1986.242  -129
1986.270  -129
1986.297  -129
1986.325  -128
1986.352  -128
1986.379  -128
1986.407  -128
1986.434  -128
1986.462  -128
1986.489  -128
1986.516  -128
1986.544  -128
1986.571  -128
1986.599  -128
1986.626  -128
1986.653  -128
1986.681  -128
1986.708  -128
1986.736  -128
1986.763  -128
1986.790  -127
1986.818  -127
1986.845  -127
1986.873  -127
1986.900  -127
1986.927  -127
1986.955  -126
1986.982  -126
1987.010  -126
1987.037  -126
1987.064  -125
1987.092  -125
1987.119  -125
1987.147  -124
1987.174  -124
1987.201  -123
1987.229  -123
1987.256  -123
1987.284  -122
1987.311  -122
1987.338  -121
1987.366  -120
1987.393  -120
1987.421  -119
1987.448  -119
1987.475  -118
1987.503  -117
1987.530  -117
1987.558  -116
1987.585  -116
1987.612  -115
1987.640  -114
1987.667  -114
1987.695  -113
1987.722  -112
1987.749  -111
1987.777  -111
1987.804  -110
1987.832  -109
1987.859  -109
1987.886  -108
1987.914  -107
1987.941  -106
1987.968  -105
1987.996  -105
1988.023  -104
1988.051  -103
1988.078  -102
1988.105  -101
1988.133  -100
1988.160  -99
1988.187  -98
1988.214  -97
1988.242  -96
1988.269  -95
1988.296  -94
1988.324  -93
1988.351  -92
1988.378  -91
1988.406  -89
1988.433  -88
1988.460  -87
1988.488  -86
1988.515  -84
1988.542  -83
1988.570  -82
1988.597  -80
1988.624  -79
1988.652  -77
1988.679  -76
1988.706  -74
1988.734  -73
1988.761  -71
1988.788  -70
1988.816  -68
1988.843  -67
1988.870  -65
1988.898  -64
1988.925  -62
1988.952  -61
1988.980  -59
1989.007  -57
1989.034  -56
1989.062  -54
1989.089  -53
1989.116  -51
1989.144  -50
1989.171  -48
1989.199  -46
1989.226  -45
1989.253  -43
1989.281  -42
1989.308  -40
1989.336  -39
1989.363  -37
1989.390  -36
1989.418  -34
1989.445  -33
1989.473  -31
1989.500  -30
1989.527  -28
1989.555  -27
1989.582  -25
1989.610  -24
1989.637  -22
1989.664  -21
1989.692  -19
1989.719  -18
1989.747  -16
1989.774  -15
1989.801  -13
1989.829  -12
1989.856  -10
1989.884  -9
1989.911  -8
1989.938  -6
1989.966  -5
1989.993  -4
1990.021  -3
1990.048  -1
1990.075  -0
1990.103  1
1990.130  2
1990.158  3
1990.185  3
1990.212  4
1990.240  5
1990.267  6
1990.295  6
1990.322  7
1990.349  7
1990.377  7
1990.404  8
1990.432  8
1990.459  8
1990.486  8
1990.514  8
1990.541  9
1990.568  9
1990.596  9
1990.623  9
1990.651  9
1990.678  9
1990.705  9
1990.733  9
1990.760  9
1990.788  9
1990.815  10
1990.842  10
1990.870  10
1990.897  11
1990.925  12
1990.952  12
1990.979  13
1991.007  14
1991.034  15
1991.062  16
1991.089  17
1991.116  18
1991.144  19
1991.171  21
1991.199  22
1991.226  24
1991.253  26
1991.281  28
1991.308  29
1991.336  31
1991.363  33
1991.390  35
1991.418  37
1991.445  40
1991.473  42
1991.500  44
1991.527  46
1991.555  48
1991.582  51
1991.610  53
1991.637  55
1991.664  57
1991.692  60
1991.719  62
1991.747  64
1991.774  66
1991.801  68
1991.829  70
1991.856  72
1991.884  74
1991.911  76
1991.938  78
1991.966  80
1991.993  81
1992.020  83
1992.048  84
1992.075  86
1992.102  87
1992.130  89
1992.157  90
1992.184  91
1992.212  93
1992.239  94
1992.266  95
1992.294  96
1992.321  97
1992.348  98
1992.376  99
1992.403  99
1992.430  100
1992.458  101
1992.485  102
1992.512  102
1992.540  103
1992.567  103
1992.594  104
1992.622  104
1992.649  105
1992.676  105
1992.704  105
1992.731  105
1992.758  106
1992.786  106
1992.813  106
1992.840  106
1992.867  106
1992.895  106
1992.922  106
1992.949  106
1992.977  106
1993.004  106
1993.032  105
1993.059  105
1993.086  105
1993.114  105
1993.141  104
1993.168  104
1993.196  104
1993.223  103
1993.251  103
1993.278  103
1993.305  102
1993.333  102
1993.360  101
1993.388  101
1993.415  101
1993.442  100
1993.470  100
1993.497  100
1993.525  100
1993.552  99
1993.579  99
1993.607  99
1993.634  99
1993.662  99
1993.689  99
1993.716  99
1993.744  99
1993.771  99
1993.799  99
1993.826  99
1993.853  99
1993.881  100
1993.908  100
1993.936  100
1993.963  100
1993.990  100
1994.018  101
1994.045  101
1994.073  101
1994.100  101
1994.127  101
1994.155  102
1994.182  102
1994.210  102
1994.237  102
1994.264  103
1994.292  103
1994.319  103
1994.347  103
1994.374  103
1994.401  103
1994.429  103
1994.456  103
1994.484  104
1994.511  104
1994.538  104
1994.566  104
1994.593  104
1994.621  104
1994.648  104
1994.675  104
1994.703  104
1994.730  104
1994.758  104
1994.785  104
1994.812  104
1994.840  104
1994.867  104
1994.895  104
1994.922  104
1994.949  104
1994.977  104
1995.004  104
1995.032  104
1995.059  104
1995.086  103
1995.114  103
1995.141  103
1995.168  103
1995.196  103
1995.223  103
1995.251  103
1995.278  103
1995.305  102
1995.333  102
1995.360  102
1995.388  102
1995.415  102
1995.442  102
1995.470  101
1995.497  101
1995.525  101
1995.552  101
1995.579  101
1995.607  100
1995.634  100
1995.662  100
1995.689  100
1995.716  99
1995.744  99
1995.771  99
1995.799  99
1995.826  98
1995.853  98
1995.881  98
1995.908  97
1995.936  97
1995.963  97
1995.990  97
1996.018  96
1996.045  96
1996.072  96
1996.100  95
1996.127  95
1996.154  95
1996.182  95
1996.209  94
1996.236  94
1996.264  94
1996.291  94
1996.318  94
1996.346  94
1996.373  93
1996.400  93
1996.428  93
1996.455  93
1996.482  93
1996.510  93
1996.537  93
1996.564  93
1996.592  93
1996.619  93
1996.646  93
1996.673  93
1996.701  93
1996.728  93
1996.755  93
1996.783  93
1996.810  93
1996.837  93
1996.865  93
1996.892  93
1996.919  93
1996.947  92
1996.974  92
1997.001  92
1997.029  92
1997.056  92
1997.084  92
1997.111  92
1997.138  92
1997.166  91
1997.193  91
1997.221  91
1997.248  91
1997.275  90
1997.303  90
1997.330  90
1997.358  89
1997.385  89
1997.412  88
1997.440  88
1997.467  88
1997.495  87
1997.522  87
1997.549  86
1997.577  86
1997.604  85
1997.632  84
1997.659  84
1997.686  83
1997.714  83
1997.741  82
1997.768  81
1997.796  81
1997.823  80
1997.851  80
1997.878  79
1997.905  78
1997.933  78
1997.960  77
1997.988  77
1998.015  76
1998.042  76
1998.070  75
1998.097  75
1998.125  74
1998.152  74
1998.179  73
1998.207  73
1998.234  73
1998.262  72
1998.289  72
1998.316  72
1998.344  71
1998.371  71
1998.399  71
1998.426  70
1998.453  70
1998.481  70
1998.508  69
1998.536  69
1998.563  69
1998.590  68
1998.618  68
1998.645  67
1998.673  67
1998.700  66
1998.727  66
1998.755  65
1998.782  64
1998.810  64
1998.837  63
1998.864  62
1998.892  61
1998.919  60
1998.947  59
1998.974  58
1999.001  57
1999.029  56
1999.056  55
1999.084  53
1999.111  52
1999.138  50
1999.166  49
1999.193  47
1999.221  46
1999.248  44
1999.275  43
1999.303  41
1999.330  39
1999.358  38
1999.385  36
1999.412  34
1999.440  33
1999.467  31
1999.495  29
1999.522  28
1999.549  26
1999.577  24
1999.604  23
1999.632  21
1999.659  20
1999.686  18
1999.714  17
1999.741  15
1999.768  14
1999.796  13
1999.823  11
1999.851  10
1999.878  9
1999.905  8
1999.933  7
1999.960  6
1999.988  5
2000.015  4
2000.042  3
2000.070  2
2000.097  1
2000.124  -0
2000.152  -1
2000.179  -2
2000.206  -3
2000.234  -3
2000.261  -4
2000.288  -5
2000.316  -6
2000.343  -6
2000.370  -7
2000.398  -8
2000.425  -9
2000.452  -9
2000.480  -10
2000.507  -11
2000.534  -12
2000.561  -13
2000.589  -13
2000.616  -14
2000.643  -15
2000.671  -16
2000.698  -17
2000.725  -18
2000.753  -19
2000.780  -20
2000.807  -21
2000.835  -22
2000.862  -23
2000.889  -24
2000.917  -25
2000.944  -26
2000.971  -27
2000.999  -28
2001.026  -29
2001.053  -30
2001.081  -31
2001.108  -32
2001.136  -33
2001.163  -34
2001.190  -35
2001.218  -36
2001.245  -37
2001.273  -38
2001.300  -38
2001.327  -39
2001.355  -40
2001.382  -40
2001.410  -41
2001.437  -42
2001.464  -42
2001.492  -43
2001.519  -43
2001.547  -44
2001.574  -44
2001.601  -44
2001.629  -45
2001.656  -45
2001.684  -45
2001.711  -45
2001.738  -46
2001.766  -46
2001.793  -46
2001.821  -46
2001.848  -46
2001.875  -46
2001.903  -46
2001.930  -46
2001.958  -46
2001.985  -46
2002.012  -46
2002.040  -46
2002.067  -46
2002.095  -46
2002.122  -46
2002.149  -45
2002.177  -45
2002.204  -45
2002.232  -45
2002.259  -45
2002.286  -45
2002.314  -44
2002.341  -44
2002.368  -44
2002.396  -44
2002.423  -44
2002.451  -43
2002.478  -43
2002.505  -43
2002.533  -43
2002.560  -43
2002.588  -43
2002.615  -43
2002.642  -43
2002.670  -43
2002.697  -43
2002.725  -43
2002.752  -43
2002.779  -43
2002.807  -43
2002.834  -43
2002.862  -44
2002.889  -44
2002.916  -44
2002.944  -45
2002.971  -45
2002.999  -45
2003.026  -46
2003.053  -46
2003.081  -47
2003.108  -48
2003.136  -48
2003.163  -49
2003.190  -49
2003.218  -50
2003.245  -51
2003.273  -52
2003.300  -52
2003.327  -53
2003.355  -54
2003.382  -54
2003.410  -55
2003.437  -56
2003.464  -57
2003.492  -57
2003.519  -58
2003.547  -59
2003.574  -59
2003.601  -60
2003.629  -61
2003.656  -61
2003.684  -62
2003.711  -62
2003.738  -63
2003.766  -63
2003.793  -64
2003.821  -64
2003.848  -64
2003.875  -64
2003.903  -65
2003.930  -65
2003.958  -65
2003.985  -65
2004.012  -65
2004.040  -65
2004.067  -65
2004.094  -65
2004.122  -65
2004.149  -65
2004.176  -64
2004.204  -64
2004.231  -64
2004.258  -63
2004.286  -63
2004.313  -63
2004.340  -62
2004.367  -62
2004.395  -62
2004.422  -61
2004.449  -61
2004.477  -61
2004.504  -60
2004.531  -60
2004.559  -59
2004.586  -59
2004.613  -59
2004.641  -58
2004.668  -58
2004.695  -57
2004.723  -57
2004.750  -57
2004.777  -56
2004.805  -56
2004.832  -56
2004.859  -55
2004.887  -55
2004.914  -55
2004.941  -55
2004.969  -54
2004.996  -54
2005.023  -54
2005.051  -54
2005.078  -53
2005.105  -53
2005.133  -53
2005.160  -53
2005.188  -53
2005.215  -53
2005.242  -53
2005.270  -52
2005.297  -52
2005.325  -52
2005.352  -52
2005.379  -52
2005.407  -52
2005.434  -52
2005.462  -52
2005.489  -52
2005.516  -52
2005.544  -52
2005.571  -52
2005.599  -52
2005.626  -52
2005.653  -52
2005.681  -52
2005.708  -52
2005.736  -52
2005.763  -53
2005.790  -53
2005.818  -53
2005.845  -53
2005.873  -53
2005.900  -53
2005.927  -54
2005.955  -54
2005.982  -54
2006.010  -54
2006.037  -54
2006.064  -55
2006.092  -55
2006.119  -55
2006.147  -55
2006.174  -56
2006.201  -56
2006.229  -56
2006.256  -56
2006.284  -57
2006.311  -57
2006.338  -57
2006.366  -58
2006.393  -58
2006.421  -58
2006.448  -58
2006.475  -59
2006.503  -59
2006.530  -59
2006.558  -59
2006.585  -60
2006.612  -60
2006.640  -60
2006.667  -60
2006.695  -60
2006.722  -61
2006.749  -61
2006.777  -61
2006.804  -61
2006.832  -61
2006.859  -61
2006.886  -61
2006.914  -61
2006.941  -61
2006.968  -61
2006.996  -61
2007.023  -61
2007.051  -61
2007.078  -61
2007.105  -61
2007.133  -60
2007.160  -60
2007.188  -60
2007.215  -60
2007.242  -59
2007.270  -59
2007.297  -59
2007.325  -59
2007.352  -58
2007.379  -58
2007.407  -58
2007.434  -57
2007.462  -57
2007.489  -57
2007.516  -56
2007.544  -56
2007.571  -56
2007.599  -55
2007.626  -55
2007.653  -55
2007.681  -55
2007.708  -54
2007.736  -54
2007.763  -54
2007.790  -54
2007.818  -54
2007.845  -53
2007.873  -53
2007.900  -53
2007.927  -53
2007.955  -53
2007.982  -53
2008.010  -53
2008.037  -53
2008.064  -53
2008.092  -53
2008.119  -53
2008.146  -54
2008.173  -54
2008.201  -54
2008.228  -54
2008.255  -54
2008.283  -54
2008.310  -54
2008.337  -54
2008.365  -54
2008.392  -55
2008.419  -55
2008.447  -55
2008.474  -55
2008.501  -55
2008.529  -55
2008.556  -55
2008.583  -55
2008.611  -55
2008.638  -55
2008.665  -55
2008.693  -55
2008.720  -55
2008.747  -55
2008.775  -55
2008.802  -55
2008.829  -55
2008.857  -54
2008.884  -54
2008.911  -54
2008.939  -54
2008.966  -54
2008.993  -53
2009.021  -53
2009.048  -53
2009.075  -53
2009.103  -52
2009.130  -52
2009.158  -52
2009.185  -51
2009.212  -51
2009.240  -51
2009.267  -51
2009.295  -50
2009.322  -50
2009.349  -50
2009.377  -50
2009.404  -50
2009.432  -50
2009.459  -49
2009.486  -49
2009.514  -49
2009.541  -49
2009.568  -49
2009.596  -49
2009.623  -49
2009.651  -49
2009.678  -49
2009.705  -49
2009.733  -49
2009.760  -48
2009.788  -48
2009.815  -48
2009.842  -48
2009.870  -48
2009.897  -48
2009.925  -48
2009.952  -48
2009.979  -48
2010.007  -48
2010.034  -48
2010.062  -48
2010.089  -47
2010.116  -47
2010.144  -47
2010.171  -47
2010.199  -46
2010.226  -46
2010.253  -46
2010.281  -45
2010.308  -45
2010.336  -45
2010.363  -44
2010.390  -44
2010.418  -43
2010.445  -43
2010.473  -42
2010.500  -42
2010.527  -41
2010.555  -40
2010.582  -40
2010.610  -39
2010.637  -38
2010.664  -38
2010.692  -37
2010.719  -37
2010.747  -36
2010.774  -35
2010.801  -35
2010.829  -34
2010.856  -33
2010.884  -33
2010.911  -32
2010.938  -32
2010.966  -31
2010.993  -31
2011.021  -30
2011.048  -30
2011.075  -30
2011.103  -29
2011.130  -29
2011.158  -29
2011.185  -28
2011.212  -28
2011.240  -28
2011.267  -28
2011.295  -28
2011.322  -28
2011.349  -28
2011.377  -28
2011.404  -28
2011.432  -28
2011.459  -28
2011.486  -28
2011.514  -28
2011.541  -28
2011.568  -28
2011.596  -28
2011.623  -28
2011.651  -29
2011.678  -29
2011.705  -29
2011.733  -29
2011.760  -29
2011.788  -29
2011.815  -28
2011.842  -28
2011.870  -28
2011.897  -28
2011.925  -28
2011.952  -28
2011.979  -27
2012.007  -27
2012.034  -27
2012.061  -26
2012.089  -26
2012.116  -25
2012.143  -25
2012.171  -24
2012.198  -24
2012.225  -23
2012.253  -23
2012.280  -22
2012.307  -21
2012.335  -21
2012.362  -20
2012.389  -19
2012.417  -19
2012.444  -18
2012.471  -17
2012.499  -17
2012.526  -16
2012.553  -15
2012.581  -14
2012.608  -14
2012.635  -13
2012.663  -12
2012.690  -11
2012.717  -11
2012.745  -10
2012.772  -9
2012.799  -9
2012.827  -8
2012.854  -7
2012.881  -7
2012.908  -6
2012.936  -5
2012.963  -5
2012.990  -4
2013.018  -3
2013.045  -3
2013.073  -2
2013.100  -1
2013.127  -1
2013.155  -0
2013.182  0
2013.210  1
2013.237  1
2013.264  2
2013.292  2
2013.319  3
2013.347  3
2013.374  3
2013.401  4
2013.429  4
2013.456  4
2013.484  5
2013.511  5
2013.538  5
2013.566  5
2013.593  6
2013.621  6
2013.648  6
2013.675  6
2013.703  6
2013.730  6
2013.758  6
2013.785  6
2013.812  6
2013.840  6
2013.867  6
2013.895  6
2013.922  6
2013.949  6
2013.977  6
2014.004  6
2014.032  6
2014.059  6
2014.086  6
2014.114  6
2014.141  6
2014.168  6
2014.196  6
2014.223  6
2014.251  7
2014.278  7
2014.305  7
2014.333  7
2014.360  7
2014.388  8
2014.415  8
2014.442  9
2014.470  9
2014.497  10
2014.525  10
2014.552  11
2014.579  11
2014.607  12
2014.634  13
2014.662  14
2014.689  14
2014.716  15
2014.744  16
2014.771  17
2014.799  18
2014.826  19
2014.853  20
2014.881  21
2014.908  22
2014.936  23
2014.963  24
2014.990  25
2015.018  26
2015.045  27
2015.073  28
2015.100  29
2015.127  30
2015.155  31
2015.182  32
2015.210  33
2015.237  34
2015.264  35
2015.292  35
2015.319  36
2015.347  37
2015.374  38
2015.401  39
2015.429  40
2015.456  41
2015.484  42
2015.511  43
2015.538  43
2015.566  44
2015.593  45
2015.621  46
2015.648  46
2015.675  47
2015.703  48
2015.730  48
2015.758  49
2015.785  49
2015.812  50
2015.840  50
2015.867  51
2015.895  51
2015.922  52
2015.949  52
2015.977  52
2016.004  52
2016.031  53
2016.059  53
2016.086  53
2016.113  53
2016.141  53
2016.168  53
2016.195  53
2016.223  53
2016.250  53
2016.277  53
2016.305  53
2016.332  53
2016.359  53
2016.387  53
2016.414  53
2016.441  53
2016.469  53
2016.496  53
2016.523  53
2016.551  53
2016.578  53
2016.605  53
2016.633  53
2016.660  53
2016.687  53
2016.714  53
2016.742  54
2016.769  54
2016.796  54
2016.824  54
2016.851  54
2016.878  55
2016.906  55
2016.933  55
2016.960  55
2016.988  56
2017.015  56
2017.042  56
2017.070  57
2017.097  57
2017.125  57
2017.152  58
2017.179  58
2017.207  58
2017.234  59
2017.262  59
2017.289  59
2017.316  60
2017.344  60
2017.371  60
2017.399  61
2017.426  61
2017.453  61
2017.481  62
2017.508  62
2017.536  62
2017.563  62
2017.590  63
2017.618  63
2017.645  63
2017.673  63
2017.700  63
2017.727  64
2017.755  64
2017.782  64
2017.810  64
2017.837  64
2017.864  64
2017.892  64
2017.919  64
2017.947  64
2017.974  64
2018.001  64
2018.029  64
2018.056  64
2018.084  64
2018.111  64
2018.138  64
2018.166  64
2018.193  64
2018.221  64
2018.248  64
2018.275  64
2018.303  64
2018.330  64
2018.358  64
2018.385  64
2018.412  64
2018.440  64
2018.467  64
2018.495  64
2018.522  64
2018.549  64
2018.577  64
2018.604  64
2018.632  64
2018.659  63
2018.686  63
2018.714  63
2018.741  63
2018.768  63
2018.796  63
2018.823  63
2018.851  63
2018.878  63
2018.905  63
2018.933  63
2018.960  63
2018.988  63
2019.015  63
2019.042  63
2019.070  64
2019.097  64
2019.125  64
2019.152  64
2019.179  64
2019.207  64
2019.234  64
2019.262  64
2019.289  64
2019.316  64
2019.344  64
2019.371  63
2019.399  63
2019.426  63
2019.453  63
2019.481  63
2019.508  63
2019.536  63
2019.563  63
2019.590  63
2019.618  62
2019.645  62
2019.673  62
2019.700  62
2019.727  61
2019.755  61
2019.782  61
2019.810  61
2019.837  60
2019.864  60
2019.892  60
2019.919  59
2019.947  59
2019.974  58
2020.001  58
2020.083  56
2020.111  56
2020.138  55
2020.165  55
2020.193  54
2020.220  54
2020.247  53
2020.275  53
2020.302  53
