1976.414  108
1976.441  110
1976.469  111
1976.496  112
1976.523  109
1976.551  112
1976.578  114
1976.605  110
1976.633  99
1976.660  92
1976.687  91
1976.714  94
1976.742  96
1976.769  95
1976.796  91
1976.824  93
1976.851  91
1976.878  92
1976.906  97
1976.933  98
1976.960  98
1976.988  93
1977.015  85
1977.042  75
1977.070  62
1977.097  78
1977.125  83
1977.152  92
1977.179  96
1977.207  98
1977.234  95
1977.262  96
1977.289  98
1977.316  96
1977.344  96
1977.371  102
1977.399  108
1977.426  107
1977.453  102
1977.481  104
1977.508  100
1977.536  101
1977.563  98
1977.590  97
1977.618  91
1977.645  87
1977.673  88
1977.700  90
1977.727  95
1977.755  92
1977.782  93
1977.810  94
1977.837  95
1977.864  99
1977.892  100
1977.919  103
1977.947  99
1977.974  98
1978.001  93
1978.029  93
1978.056  98
1978.084  99
1978.111  104
1978.138  100
1978.166  104
1978.193  103
1978.221  105
1978.248  102
1978.275  101
1978.303  95
1978.330  96
1978.358  94
1978.385  95
1978.412  99
1978.440  96
1978.467  96
1978.495  87
1978.522  93
1978.549  86
1978.577  78
1978.604  78
1978.632  82
1978.659  80
1978.686  74
1978.714  76
1978.741  76
1978.768  69
1978.796  69
1978.823  75
1978.851  77
1978.878  67
1978.905  61
1978.933  64
1978.960  62
1978.988  60
1979.015  69
1979.042  58
1979.070  51
1979.097  49
1979.125  50
1979.152  45
1979.179  46
1979.207  53
1979.234  48
1979.262  44
1979.289  40
1979.316  38
1979.344  33
1979.371  45
1979.399  50
1979.426  49
1979.453  54
1979.481  62
1979.508  59
1979.536  60
1979.563  57
1979.590  56
1979.618  51
1979.645  45
1979.673  28
1979.700  33
1979.727  33
1979.755  40
1979.782  26
1979.810  21
1979.837  23
1979.864  13
1979.892  4
1979.919  -5
1979.947  -7
1979.974  -16
1980.001  -8
1980.029  -8
1980.056  -6
1980.083  -3
1980.111  7
1980.138  3
1980.165  -12
1980.193  -24
1980.220  -17
1980.247  -12
1980.275  -6
1980.302  -11
1980.329  -13
1980.357  -18
1980.384  -23
1980.411  -20
1980.439  -21
1980.466  -26
1980.493  -31
1980.520  -25
1980.548  -32
1980.575  -39
1980.602  -35
1980.630  -32
1980.657  -33
1980.684  -49
1980.712  -49
1980.739  -58
1980.766  -59
1980.794  -60
1980.821  -55
1980.848  -63
1980.876  -66
1980.903  -66
1980.930  -68
1980.958  -66
1980.985  -61
1981.012  -55
1981.040  -46
1981.067  -36
1981.095  -35
1981.122  -34
1981.149  -32
1981.177  -28
1981.204  -21
1981.232  -39
1981.259  -43
1981.286  -40
1981.314  -40
1981.341  -44
1981.368  -55
1981.396  -59
1981.423  -60
1981.451  -65
1981.478  -72
1981.505  -73
1981.533  -67
1981.560  -63
1981.588  -61
1981.615  -60
1981.642  -58
1981.670  -50
1981.697  -45
1981.725  -47
1981.752  -45
1981.779  -43
1981.807  -48
1981.834  -58
1981.862  -62
1981.889  -55
1981.916  -52
1981.944  -58
1981.971  -53
1981.999  -65
1982.026  -65
1982.053  -53
1982.081  -41
1982.108  -38
1982.136  -40
1982.163  -40
1982.190  -39
1982.218  -33
1982.245  -48
1982.273  -66
1982.300  -66
1982.327  -68
1982.355  -69
1982.382  -71
1982.410  -64
1982.437  -69
1982.464  -67
1982.492  -64
1982.519  -58
1982.547  -58
1982.574  -66
1982.601  -64
1982.629  -66
1982.656  -67
1982.684  -64
1982.711  -71
1982.738  -81
1982.766  -84
1982.793  -82
1982.821  -86
1982.848  -90
1982.875  -94
1982.903  -89
1982.930  -94
1982.958  -94
1982.985  -81
1983.012  -81
1983.040  -78
1983.067  -69
1983.095  -74
1983.122  -75
1983.149  -87
1983.177  -62
1983.204  -50
1983.232  -45
1983.259  -46
1983.286  -45
1983.314  -52
1983.341  -54
1983.368  -86
1983.396  -95
1983.423  -106
1983.451  -105
1983.478  -109
1983.505  -114
1983.533  -117
1983.560  -119
1983.588  -115
1983.615  -120
1983.642  -114
1983.670  -111
1983.697  -107
1983.725  -104
1983.752  -104
1983.779  -106
1983.807  -109
1983.834  -108
1983.862  -107
1983.889  -113
1983.916  -118
1983.944  -118
1983.971  -100
1983.999  -106
1984.026  -105
1984.053  -107
1984.081  -105
1984.108  -107
1984.135  -105
1984.163  -104
1984.190  -105
1984.217  -108
1984.245  -107
1984.272  -107
1984.299  -111
1984.327  -111
1984.354  -108
1984.381  -109
1984.408  -112
1984.436  -118
1984.463  -117
1984.490  -120
1984.518  -130
1984.545  -132
1984.572  -131
1984.600  -127
1984.627  -125
1984.654  -126
1984.682  -125
1984.709  -130
1984.736  -132
1984.764  -133
1984.791  -125
1984.818  -123
1984.846  -126
1984.873  -124
1984.900  -129
1984.928  -123
1984.955  -125
1984.982  -125
1985.010  -129
1985.037  -133
1985.064  -134
1985.092  -130
1985.119  -124
1985.147  -124
1985.174  -125
1985.201  -128
1985.229  -124
1985.256  -124
1985.284  -131
1985.311  -133
1985.338  -132
1985.366  -132
1985.393  -137
1985.421  -137
1985.448  -137
1985.475  -136
1985.503  -136
1985.530  -133
1985.558  -132
1985.585  -133
1985.612  -131
1985.640  -127
1985.667  -128
1985.695  -126
1985.722  -126
1985.749  -123
1985.777  -128
1985.804  -129
1985.832  -126
1985.859  -126
1985.886  -125
1985.914  -119
1985.941  -124
1985.968  -124
1985.996  -129
1986.023  -125
1986.051  -126
1986.078  -123
1986.105  -131
1986.133  -133
1986.160  -135
1986.188  -129
1986.215  -131
1986.242  -132
1986.270  -136
1986.297  -133
1986.325  -134
1986.352  -135
1986.379  -138
1986.407  -140
1986.434  -138
1986.462  -135
1986.489  -131
1986.516  -129
1986.544  -129
1986.571  -120
1986.599  -117
1986.626  -107
1986.653  -108
1986.681  -114
1986.708  -121
1986.736  -129
1986.763  -126
1986.790  -124
1986.818  -120
1986.845  -125
1986.873  -128
1986.900  -131
1986.927  -130
1986.955  -124
1986.982  -124
1987.010  -122
1987.037  -127
1987.064  -121
1987.092  -122
1987.119  -125
1987.147  -126
1987.174  -130
1987.201  -134
1987.229  -132
1987.256  -129
1987.284  -125
1987.311  -129
1987.338  -128
1987.366  -130
1987.393  -126
1987.421  -126
1987.448  -122
1987.475  -126
1987.503  -120
1987.530  -119
1987.558  -114
1987.585  -110
1987.612  -107
1987.640  -106
1987.667  -99
1987.695  -100
1987.722  -99
1987.749  -102
1987.777  -100
1987.804  -99
1987.832  -104
1987.859  -104
1987.886  -109
1987.914  -103
1987.941  -103
1987.968  -92
1987.996  -97
1988.023  -104
1988.051  -110
1988.078  -111
1988.105  -109
1988.133  -104
1988.160  -105
1988.187  -104
1988.214  -104
1988.242  -100
1988.269  -98
1988.296  -86
1988.324  -91
1988.351  -99
1988.378  -99
1988.406  -98
1988.433  -96
1988.460  -103
1988.488  -92
1988.515  -77
1988.542  -72
1988.570  -74
1988.597  -79
1988.624  -68
1988.652  -66
1988.679  -72
1988.706  -76
1988.734  -78
1988.761  -73
1988.788  -77
1988.816  -80
1988.843  -78
1988.870  -73
1988.898  -66
1988.925  -63
1988.952  -60
1988.980  -42
1989.007  -34
1989.034  -26
1989.062  -44
1989.089  -46
1989.116  -50
1989.144  -57
1989.171  -56
1989.199  -51
1989.226  -34
1989.253  -33
1989.281  -33
1989.308  -31
1989.336  -36
1989.363  -37
1989.390  -53
1989.418  -41
1989.445  -31
1989.473  -33
1989.500  -35
1989.527  -44
1989.555  -46
1989.582  -42
1989.610  -35
1989.637  -28
1989.664  -36
1989.692  -31
1989.719  -21
1989.747  -13
1989.774  -18
1989.801  -8
1989.829  -11
1989.856  -7
1989.884  -14
1989.911  -8
1989.938  -10
1989.966  5
1989.993  14
1990.021  18
1990.048  0
1990.075  8
1990.103  14
1990.130  19
1990.158  27
1990.185  -3
1990.212  -10
1990.240  -4
1990.267  4
1990.295  3
1990.322  7
1990.349  7
1990.377  9
1990.404  -1
1990.432  -1
1990.459  11
1990.486  10
1990.514  16
1990.541  8
1990.568  18
1990.596  5
1990.623  3
1990.651  0
1990.678  8
1990.705  11
1990.733  14
1990.760  11
1990.788  14
1990.815  20
1990.842  26
1990.870  32
1990.897  30
1990.925  21
1990.952  19
1990.979  12
1991.007  11
1991.034  3
1991.062  0
1991.089  10
1991.116  4
1991.144  4
1991.171  3
1991.199  10
1991.226  10
1991.253  13
1991.281  12
1991.308  12
1991.336  9
1991.363  20
1991.390  24
1991.418  28
1991.445  33
1991.473  42
1991.500  49
1991.527  56
1991.555  60
1991.582  64
1991.610  67
1991.637  63
1991.664  73
1991.692  77
1991.719  74
1991.747  78
1991.774  79
1991.801  83
1991.829  85
1991.856  81
1991.884  80
1991.911  81
1991.938  84
1991.966  97
1991.993  86
1992.020  86
1992.048  84
1992.075  77
1992.102  67
1992.130  78
1992.157  77
1992.184  80
1992.212  84
1992.239  83
1992.266  82
1992.294  80
1992.321  80
1992.348  89
1992.376  91
1992.403  100
1992.430  97
1992.458  97
1992.485  98
1992.512  91
1992.540  103
1992.567  106
1992.594  111
1992.622  107
1992.649  104
1992.676  112
1992.704  118
1992.731  121
1992.758  121
1992.786  118
1992.813  113
1992.840  107
1992.867  105
1992.895  106
1992.922  107
1992.949  103
1992.977  104
1993.004  100
1993.032  95
1993.059  99
1993.086  99
1993.114  107
1993.141  108
1993.168  96
1993.196  100
1993.223  102
1993.251  102
1993.278  100
1993.305  98
1993.333  105
1993.360  108
1993.388  101
1993.415  101
1993.442  95
1993.470  104
1993.497  102
1993.525  109
1993.552  99
1993.579  98
1993.607  99
1993.634  97
1993.662  96
1993.689  92
1993.716  97
1993.744  96
1993.771  97
1993.799  90
1993.826  88
1993.853  87
1993.881  85
1993.908  82
1993.936  90
1993.963  88
1993.990  96
1994.018  116
1994.045  114
1994.073  110
1994.100  106
1994.127  106
1994.155  106
1994.182  104
1994.210  106
1994.237  107
1994.264  117
1994.292  121
1994.319  125
1994.347  118
1994.374  115
1994.401  104
1994.429  106
1994.456  102
1994.484  108
1994.511  91
1994.538  92
1994.566  92
1994.593  102
1994.621  92
1994.648  109
1994.675  104
1994.703  102
1994.730  98
1994.758  93
1994.785  93
1994.812  91
1994.840  96
1994.867  99
1994.895  102
1994.922  103
1994.949  105
1994.977  94
1995.004  101
1995.032  96
1995.059  119
1995.086  109
1995.114  106
1995.141  99
1995.168  97
1995.196  107
1995.223  119
1995.251  115
1995.278  105
1995.305  107
1995.333  109
1995.360  108
1995.388  106
1995.415  104
1995.442  111
1995.470  113
1995.497  114
1995.525  103
1995.552  94
1995.579  93
1995.607  91
1995.634  89
1995.662  98
1995.689  96
1995.716  99
1995.744  94
1995.771  94
1995.799  96
1995.826  93
1995.853  95
1995.881  96
1995.908  95
1995.936  92
1995.963  45
1995.990  98
1996.018  121
1996.045  111
1996.072  109
1996.100  89
1996.127  86
1996.154  88
1996.182  98
1996.209  104
1996.236  101
1996.264  102
1996.291  107
1996.318  105
1996.346  104
1996.373  94
1996.400  89
1996.428  91
1996.455  94
1996.482  98
1996.510  92
1996.537  88
1996.564  89
1996.592  90
1996.619  91
1996.646  86
1996.673  86
1996.701  84
1996.728  85
1996.755  89
1996.783  100
1996.810  103
1996.837  97
1996.865  90
1996.892  87
1996.919  90
1996.947  86
1996.974  85
1997.001  81
1997.029  80
1997.056  78
1997.084  80
1997.111  84
1997.138  95
1997.166  102
1997.193  107
1997.221  104
1997.248  102
1997.275  98
1997.303  93
1997.330  98
1997.358  100
1997.385  104
1997.412  95
1997.440  95
1997.467  89
1997.495  85
1997.522  77
1997.549  83
1997.577  86
1997.604  87
1997.632  87
1997.659  85
1997.686  87
1997.714  81
1997.741  77
1997.768  76
1997.796  74
1997.823  69
1997.851  59
1997.878  79
1997.905  87
1997.933  84
1997.960  74
1997.988  70
1998.015  75
1998.042  70
1998.070  70
1998.097  72
1998.125  70
1998.152  72
1998.179  61
1998.207  66
1998.234  57
1998.262  59
1998.289  66
1998.316  68
1998.344  90
1998.371  89
1998.399  96
1998.426  76
1998.453  78
1998.481  68
1998.508  63
1998.536  61
1998.563  69
1998.590  71
1998.618  78
1998.645  74
1998.673  74
1998.700  68
1998.727  70
1998.755  64
1998.782  60
1998.810  57
1998.837  50
1998.864  38
1998.892  45
1998.919  37
1998.947  49
1998.974  49
1999.001  63
1999.029  61
1999.056  64
1999.084  69
1999.111  66
1999.138  67
1999.166  50
1999.193  53
1999.221  46
1999.248  46
1999.275  50
1999.303  50
1999.330  46
1999.358  48
1999.385  49
1999.412  46
1999.440  36
1999.467  39
1999.495  34
1999.522  21
1999.549  17
1999.577  13
1999.604  13
1999.632  14
1999.659  17
1999.686  17
1999.714  14
1999.741  7
1999.768  -4
1999.796  -6
1999.823  6
1999.851  13
1999.878  5
1999.905  -10
1999.933  -0
1999.960  3
1999.988  5
2000.015  3
2000.042  7
2000.070  -13
2000.097  -0
2000.124  -10
2000.152  -2
2000.179  -2
2000.206  11
2000.234  8
2000.261  9
2000.288  10
2000.316  2
2000.343  2
2000.370  -9
2000.398  -1
2000.425  0
2000.452  2
2000.480  -5
2000.507  -14
2000.534  -12
2000.561  -9
2000.589  -7
2000.616  -4
2000.643  -8
2000.671  -10
2000.698  -14
2000.725  -23
2000.753  -26
2000.780  -25
2000.807  -28
2000.835  -36
2000.862  -42
2000.889  -46
2000.917  -30
2000.944  -10
2000.971  -12
2000.999  -16
2001.026  -30
2001.053  -21
2001.081  -38
2001.108  -40
2001.136  -45
2001.163  -29
2001.190  -31
2001.218  -30
2001.245  -29
2001.273  -37
2001.300  -49
2001.327  -35
2001.355  -37
2001.382  -37
2001.410  -45
2001.437  -37
2001.464  -29
2001.492  -15
2001.519  -31
2001.547  -47
2001.574  -54
2001.601  -52
2001.629  -31
2001.656  -49
2001.684  -61
2001.711  -60
2001.738  -64
2001.766  -59
2001.793  -64
2001.821  -64
2001.848  -59
2001.875  -49
2001.903  -32
2001.930  -19
2001.958  -27
2001.985  -30
2002.012  -40
2002.040  -54
2002.067  -47
2002.095  -43
2002.122  -34
2002.149  -42
2002.177  -43
2002.204  -37
2002.232  -41
2002.259  -45
2002.286  -61
2002.314  -51
2002.341  -42
2002.368  -34
2002.396  -29
2002.423  -37
2002.451  -45
2002.478  -43
2002.505  -56
2002.533  -54
2002.560  -63
2002.588  -55
2002.615  -47
2002.642  -49
2002.670  -45
2002.697  -46
2002.725  -40
2002.752  -38
2002.779  -37
2002.807  -35
2002.834  -37
2002.862  -38
2002.889  -36
2002.916  -28
2002.944  -43
2002.971  -56
2002.999  -55
2003.026  -51
2003.053  -49
2003.081  -57
2003.108  -46
2003.136  -50
2003.163  -46
2003.190  -35
2003.218  -35
2003.245  -27
2003.273  -43
2003.300  -55
2003.327  -55
2003.355  -52
2003.382  -57
2003.410  -56
2003.437  -54
2003.464  -48
2003.492  -54
2003.519  -58
2003.547  -63
2003.574  -66
2003.601  -70
2003.629  -67
2003.656  -65
2003.684  -64
2003.711  -70
2003.738  -69
2003.766  -68
2003.793  -65
2003.821  -65
2003.848  -68
2003.875  -71
2003.903  -77
2003.930  -70
2003.958  -69
2003.985  -72
2004.012  -72
2004.040  -67
2004.067  -58
2004.094  -57
2004.122  -50
2004.149  -43
2004.176  -53
2004.204  -55
2004.231  -63
2004.258  -60
2004.286  -60
2004.313  -65
2004.340  -63
2004.367  -65
2004.395  -68
2004.422  -67
2004.449  -67
2004.477  -67
2004.504  -69
2004.531  -63
2004.559  -59
2004.586  -54
2004.613  -52
2004.641  -48
2004.668  -48
2004.695  -55
2004.723  -59
2004.750  -56
2004.777  -54
2004.805  -52
2004.832  -57
2004.859  -57
2004.887  -49
2004.914  -50
2004.941  -58
2004.969  -67
2004.996  -67
2005.023  -67
2005.051  -47
2005.078  -52
2005.105  -52
2005.133  -63
2005.160  -43
2005.188  -49
2005.215  -52
2005.242  -53
2005.270  -53
2005.297  -47
2005.325  -43
2005.352  -43
2005.379  -54
2005.407  -55
2005.434  -56
2005.462  -53
2005.489  -55
2005.516  -61
2005.544  -61
2005.571  -60
2005.599  -51
2005.626  -52
2005.653  -43
2005.681  -46
2005.708  -42
2005.736  -47
2005.763  -52
2005.790  -49
2005.818  -58
2005.845  -46
2005.873  -53
2005.900  -60
2005.927  -60
2005.955  -61
2005.982  -42
2006.010  -46
2006.037  -64
2006.064  -84
2006.092  -77
2006.119  -59
2006.147  -55
2006.174  -42
2006.201  -40
2006.229  -37
2006.256  -51
2006.284  -54
2006.311  -53
2006.338  -56
2006.366  -59
2006.393  -53
2006.421  -54
2006.448  -53
2006.475  -64
2006.503  -67
2006.530  -66
2006.558  -65
2006.585  -64
2006.612  -62
2006.640  -62
2006.667  -62
2006.695  -62
2006.722  -57
2006.749  -57
2006.777  -63
2006.804  -61
2006.832  -57
2006.859  -53
2006.886  -61
2006.914  -60
2006.941  -61
2006.968  -60
2006.996  -67
2007.023  -63
2007.051  -62
2007.078  -55
2007.105  -56
2007.133  -56
2007.160  -60
2007.188  -65
2007.215  -67
2007.242  -64
2007.270  -58
2007.297  -55
2007.325  -59
2007.352  -61
2007.379  -62
2007.407  -64
2007.434  -61
2007.462  -57
2007.489  -57
2007.516  -58
2007.544  -61
2007.571  -60
2007.599  -57
2007.626  -55
2007.653  -53
2007.681  -53
2007.708  -52
2007.736  -49
2007.763  -50
2007.790  -47
2007.818  -51
2007.845  -47
2007.873  -49
2007.900  -49
2007.927  -51
2007.955  -52
2007.982  -52
2008.010  -50
2008.037  -49
2008.064  -46
2008.092  -50
2008.119  -51
2008.146  -52
2008.173  -55
2008.201  -54
2008.228  -57
2008.255  -59
2008.283  -56
2008.310  -56
2008.337  -54
2008.365  -57
2008.392  -57
2008.419  -61
2008.447  -58
2008.474  -58
2008.501  -56
2008.529  -58
2008.556  -60
2008.583  -62
2008.611  -63
2008.638  -58
2008.665  -52
2008.693  -51
2008.720  -51
2008.747  -53
2008.775  -53
2008.802  -55
2008.829  -56
2008.857  -55
2008.884  -49
2008.911  -51
2008.939  -49
2008.966  -59
2008.993  -58
2009.021  -55
2009.048  -51
2009.075  -49
2009.103  -48
2009.130  -48
2009.158  -50
2009.185  -48
2009.212  -52
2009.240  -52
2009.267  -56
2009.295  -55
2009.322  -53
2009.349  -48
2009.377  -46
2009.404  -47
2009.432  -50
2009.459  -50
2009.486  -46
2009.514  -47
2009.541  -49
2009.568  -50
2009.596  -47
2009.623  -47
2009.651  -49
2009.678  -50
2009.705  -44
2009.733  -48
2009.760  -48
2009.788  -53
2009.815  -48
2009.842  -47
2009.870  -45
2009.897  -45
2009.925  -48
2009.952  -42
2009.979  -40
2010.007  -39
2010.034  -46
2010.062  -48
2010.089  -55
2010.116  -54
2010.144  -55
2010.171  -41
2010.199  -46
2010.226  -47
2010.253  -52
2010.281  -43
2010.308  -47
2010.336  -48
2010.363  -50
2010.390  -48
2010.418  -48
2010.445  -46
2010.473  -45
2010.500  -44
2010.527  -44
2010.555  -42
2010.582  -43
2010.610  -42
2010.637  -37
2010.664  -34
2010.692  -33
2010.719  -35
2010.747  -35
2010.774  -38
2010.801  -39
2010.829  -35
2010.856  -33
2010.884  -35
2010.911  -36
2010.938  -32
2010.966  -28
2010.993  -27
2011.021  -16
2011.048  -22
2011.075  -20
2011.103  -25
2011.130  -24
2011.158  -30
2011.185  -31
2011.212  -22
2011.240  -26
2011.267  -25
2011.295  -26
2011.322  -25
2011.349  -24
2011.377  -26
2011.404  -32
2011.432  -34
2011.459  -31
2011.486  -27
2011.514  -27
2011.541  -28
2011.568  -29
2011.596  -31
2011.623  -34
2011.651  -32
2011.678  -27
2011.705  -28
2011.733  -30
2011.760  -29
2011.788  -27
2011.815  -28
2011.842  -32
2011.870  -31
2011.897  -27
2011.925  -27
2011.952  -25
2011.979  -28
2012.007  -28
2012.034  -28
2012.061  -27
2012.089  -32
2012.116  -26
2012.143  -23
2012.171  -18
2012.198  -26
2012.225  -32
2012.253  -28
2012.280  -27
2012.307  -21
2012.335  -21
2012.362  -21
2012.389  -25
2012.417  -23
2012.444  -19
2012.471  -17
2012.499  -15
2012.526  -14
2012.553  -13
2012.581  -13
2012.608  -13
2012.635  -8
2012.663  -7
2012.690  -7
2012.717  -7
2012.745  -5
2012.772  -3
2012.799  -1
2012.827  2
2012.854  5
2012.881  7
2012.908  -1
2012.936  -5
2012.963  -4
2012.990  -10
2013.018  -8
2013.045  -8
2013.073  -8
2013.100  -16
2013.127  -9
2013.155  -10
2013.182  -7
2013.210  -11
2013.237  -8
2013.264  -8
2013.292  -9
2013.319  -4
2013.347  -2
2013.374  2
2013.401  9
2013.429  12
2013.456  14
2013.484  5
2013.511  12
2013.538  13
2013.566  12
2013.593  10
2013.621  12
2013.648  12
2013.675  14
2013.703  10
2013.730  9
2013.758  10
2013.785  13
2013.812  15
2013.840  11
2013.867  10
2013.895  12
2013.922  10
2013.949  9
2013.977  7
2014.004  4
2014.032  -0
2014.059  -2
2014.086  -1
2014.114  2
2014.141  3
2014.168  -1
2014.196  -2
2014.223  -2
2014.251  1
2014.278  0
2014.305  3
2014.333  4
2014.360  6
2014.388  7
2014.415  10
2014.442  10
2014.470  7
2014.497  7
2014.525  9
2014.552  10
2014.579  13
2014.607  14
2014.634  17
2014.662  14
2014.689  17
2014.716  21
2014.744  21
2014.771  19
2014.799  16
2014.826  20
2014.853  21
2014.881  25
2014.908  26
2014.936  22
2014.963  17
2014.990  18
2015.018  22
2015.045  27
2015.073  29
2015.100  28
2015.127  28
2015.155  29
2015.182  33
2015.210  38
2015.237  38
2015.264  36
2015.292  35
2015.319  38
2015.347  41
2015.374  43
2015.401  47
2015.429  41
2015.456  40
2015.484  39
2015.511  43
2015.538  44
2015.566  42
2015.593  39
2015.621  39
2015.648  41
2015.675  43
2015.703  44
2015.730  45
2015.758  47
2015.785  45
2015.812  48
2015.840  46
2015.867  51
2015.895  48
2015.922  52
2015.949  53
2015.977  56
2016.004  50
2016.031  56
2016.059  52
2016.086  58
2016.113  54
2016.141  56
2016.168  54
2016.195  56
2016.223  60
2016.250  61
2016.277  64
2016.305  66
2016.332  66
2016.359  66
2016.387  56
2016.414  57
2016.441  55
2016.469  54
2016.496  49
2016.523  50
2016.551  50
2016.578  46
2016.605  43
2016.633  40
2016.660  44
2016.687  42
2016.714  40
2016.742  40
2016.769  37
2016.796  40
2016.824  40
2016.851  43
2016.878  46
2016.906  50
2016.933  51
2016.960  56
2016.988  57
2017.015  70
2017.042  70
2017.070  70
2017.097  64
2017.125  65
2017.152  68
2017.179  73
2017.207  73
2017.234  70
2017.262  69
2017.289  64
2017.316  61
2017.344  60
2017.371  60
2017.399  60
2017.426  58
2017.453  59
2017.481  60
2017.508  60
2017.536  59
2017.563  57
2017.590  58
2017.618  59
2017.645  58
2017.673  58
2017.700  54
2017.727  58
2017.755  60
2017.782  64
2017.810  63
2017.837  62
2017.864  59
2017.892  66
2017.919  63
2017.947  63
2017.974  60
2018.001  64
2018.029  66
2018.056  62
2018.084  67
2018.111  69
2018.138  72
2018.166  71
2018.193  64
2018.221  66
2018.248  65
2018.275  69
2018.303  65
2018.330  70
2018.358  69
2018.385  71
2018.412  65
2018.440  67
2018.467  69
2018.495  65
2018.522  63
2018.549  62
2018.577  61
2018.604  60
2018.632  61
2018.659  63
2018.686  61
2018.714  57
2018.741  56
2018.768  59
2018.796  56
2018.823  57
2018.851  58
2018.878  63
2018.905  61
2018.933  58
2018.960  62
2018.988  62
2019.015  63
2019.042  63
2019.070  65
2019.097  67
2019.125  64
2019.152  65
2019.179  62
2019.207  61
2019.234  64
2019.262  67
2019.289  66
2019.316  65
2019.344  65
2019.371  65
2019.399  66
2019.426  66
2019.453  67
2019.481  65
2019.508  66
2019.536  65
2019.563  66
2019.590  64
2019.618  65
2019.645  64
2019.673  68
2019.700  70
2019.727  71
2019.755  69
2019.782  67
2019.810  68
2019.837  64
2019.864  63
2019.892  60
2019.919  61
2019.947  61
2019.974  61
2020.001  54
2020.083  68
2020.111  60
2020.138  58
2020.165  55
2020.193  56
2020.220  57
2020.247  56
2020.275  58
2020.302  59
