1976.414  111
1976.441  109
1976.469  108
1976.496  106
1976.523  105
1976.551  104
1976.578  103
1976.605  102
1976.633  100
1976.660  99
1976.687  98
1976.714  97
1976.742  97
1976.769  96
1976.796  95
1976.824  94
1976.851  93
1976.878  93
1976.906  92
1976.933  91
1976.960  91
1976.988  90
1977.015  90
1977.042  89
1977.070  89
1977.097  89
1977.125  88
1977.152  88
1977.179  88
1977.207  87
1977.234  87
1977.262  87
1977.289  87
1977.316  87
1977.344  86
1977.371  86
1977.399  86
1977.426  86
1977.453  86
1977.481  86
1977.508  86
1977.536  86
1977.563  86
1977.590  86
1977.618  86
1977.645  86
1977.673  86
1977.700  87
1977.727  87
1977.755  87
1977.782  87
1977.810  87
1977.837  88
1977.864  88
1977.892  88
1977.919  88
1977.947  89
1977.974  89
1978.001  89
1978.029  89
1978.056  89
1978.084  89
1978.111  89
1978.138  89
1978.166  89
1978.193  89
1978.221  89
1978.248  88
1978.275  88
1978.303  88
1978.330  87
1978.358  86
1978.385  86
1978.412  85
1978.440  84
1978.467  84
1978.495  83
1978.522  82
1978.549  81
1978.577  80
1978.604  79
1978.632  78
1978.659  77
1978.686  76
1978.714  75
1978.741  74
1978.768  73
1978.796  72
1978.823  70
1978.851  69
1978.878  68
1978.905  67
1978.933  66
1978.960  65
1978.988  64
1979.015  63
1979.042  62
1979.070  60
1979.097  59
1979.125  58
1979.152  57
1979.179  55
1979.207  54
1979.234  53
1979.262  52
1979.289  50
1979.316  49
1979.344  47
1979.371  46
1979.399  44
1979.426  43
1979.453  41
1979.481  40
1979.508  38
1979.536  36
1979.563  34
1979.590  32
1979.618  30
1979.645  28
1979.673  26
1979.700  23
1979.727  21
1979.755  19
1979.782  16
1979.810  13
1979.837  10
1979.864  8
1979.892  5
1979.919  2
1979.947  -1
1979.974  -4
1980.001  -8
1980.029  -11
1980.056  -14
1980.083  -17
1980.111  -20
1980.138  -23
1980.165  -26
1980.193  -29
1980.220  -32
1980.247  -35
1980.275  -37
1980.302  -40
1980.329  -42
1980.357  -44
1980.384  -46
1980.411  -48
1980.439  -50
1980.466  -51
1980.493  -52
1980.520  -54
1980.548  -54
1980.575  -55
1980.602  -56
1980.630  -56
1980.657  -56
1980.684  -56
1980.712  -56
1980.739  -56
1980.766  -56
1980.794  -55
1980.821  -54
1980.848  -54
1980.876  -53
1980.903  -52
1980.930  -51
1980.958  -50
1980.985  -50
1981.012  -49
1981.040  -48
1981.067  -47
1981.095  -46
1981.122  -45
1981.149  -45
1981.177  -44
1981.204  -43
1981.232  -43
1981.259  -42
1981.286  -42
1981.314  -42
1981.341  -41
1981.368  -41
1981.396  -41
1981.423  -41
1981.451  -41
1981.478  -41
1981.505  -41
1981.533  -42
1981.560  -42
1981.588  -42
1981.615  -43
1981.642  -44
1981.670  -44
1981.697  -45
1981.725  -46
1981.752  -47
1981.779  -47
1981.807  -49
1981.834  -50
1981.862  -51
1981.889  -52
1981.916  -53
1981.944  -55
1981.971  -56
1981.999  -57
1982.026  -59
1982.053  -60
1982.081  -62
1982.108  -63
1982.136  -64
1982.163  -66
1982.190  -67
1982.218  -68
1982.245  -70
1982.273  -71
1982.300  -72
1982.327  -73
1982.355  -74
1982.382  -75
1982.410  -76
1982.437  -77
1982.464  -78
1982.492  -79
1982.519  -79
1982.547  -80
1982.574  -80
1982.601  -81
1982.629  -82
1982.656  -82
1982.684  -83
1982.711  -83
1982.738  -83
1982.766  -84
1982.793  -84
1982.821  -85
1982.848  -85
1982.875  -86
1982.903  -87
1982.930  -87
1982.958  -88
1982.985  -88
1983.012  -89
1983.040  -90
1983.067  -90
1983.095  -91
1983.122  -92
1983.149  -92
1983.177  -93
1983.204  -94
1983.232  -94
1983.259  -95
1983.286  -96
1983.314  -96
1983.341  -97
1983.368  -98
1983.396  -98
1983.423  -99
1983.451  -100
1983.478  -100
1983.505  -101
1983.533  -102
1983.560  -102
1983.588  -103
1983.615  -103
1983.642  -104
1983.670  -104
1983.697  -105
1983.725  -105
1983.752  -106
1983.779  -106
1983.807  -107
1983.834  -107
1983.862  -108
1983.889  -108
1983.916  -108
1983.944  -109
1983.971  -109
1983.999  -109
1984.026  -110
1984.053  -110
1984.081  -110
1984.108  -110
1984.135  -110
1984.163  -110
1984.190  -110
1984.217  -111
1984.245  -111
1984.272  -111
1984.299  -111
1984.327  -110
1984.354  -110
1984.381  -110
1984.408  -110
1984.436  -110
1984.463  -110
1984.490  -110
1984.518  -110
1984.545  -110
1984.572  -110
1984.600  -110
1984.627  -110
1984.654  -110
1984.682  -110
1984.709  -110
1984.736  -110
1984.764  -110
1984.791  -110
1984.818  -110
1984.846  -110
1984.873  -111
1984.900  -111
1984.928  -111
1984.955  -111
1984.982  -111
1985.010  -111
1985.037  -112
1985.064  -112
1985.092  -112
1985.119  -112
1985.147  -112
1985.174  -112
1985.201  -112
1985.229  -112
1985.256  -112
1985.284  -112
1985.311  -112
1985.338  -112
1985.366  -112
1985.393  -112
1985.421  -112
1985.448  -112
1985.475  -112
1985.503  -112
1985.530  -112
1985.558  -112
1985.585  -112
1985.612  -112
1985.640  -112
1985.667  -112
1985.695  -112
1985.722  -112
1985.749  -112
1985.777  -112
1985.804  -113
1985.832  -113
1985.859  -113
1985.886  -113
1985.914  -113
1985.941  -113
1985.968  -113
1985.996  -113
1986.023  -113
1986.051  -114
1986.078  -114
1986.105  -114
1986.133  -114
1986.160  -114
1986.188  -114
1986.215  -114
1986.242  -114
1986.270  -114
1986.297  -114
1986.325  -114
1986.352  -114
1986.379  -114
1986.407  -114
1986.434  -114
1986.462  -114
1986.489  -114
1986.516  -114
1986.544  -114
1986.571  -114
1986.599  -114
1986.626  -114
1986.653  -114
1986.681  -114
1986.708  -114
1986.736  -115
1986.763  -115
1986.790  -115
1986.818  -115
1986.845  -116
1986.873  -116
1986.900  -116
1986.927  -116
1986.955  -117
1986.982  -117
1987.010  -117
1987.037  -117
1987.064  -117
1987.092  -117
1987.119  -117
1987.147  -117
1987.174  -117
1987.201  -117
1987.229  -117
1987.256  -117
1987.284  -117
1987.311  -117
1987.338  -116
1987.366  -116
1987.393  -116
1987.421  -115
1987.448  -115
1987.475  -114
1987.503  -114
1987.530  -114
1987.558  -113
1987.585  -113
1987.612  -113
1987.640  -112
1987.667  -112
1987.695  -112
1987.722  -111
1987.749  -111
1987.777  -111
1987.804  -110
1987.832  -110
1987.859  -110
1987.886  -109
1987.914  -109
1987.941  -109
1987.968  -108
1987.996  -108
1988.023  -107
1988.051  -107
1988.078  -106
1988.105  -105
1988.133  -104
1988.160  -103
1988.187  -103
1988.214  -101
1988.242  -100
1988.269  -99
1988.296  -98
1988.324  -97
1988.351  -95
1988.378  -94
1988.406  -92
1988.433  -90
1988.460  -89
1988.488  -87
1988.515  -85
1988.542  -83
1988.570  -81
1988.597  -79
1988.624  -77
1988.652  -75
1988.679  -73
1988.706  -71
1988.734  -69
1988.761  -67
1988.788  -65
1988.816  -63
1988.843  -61
1988.870  -59
1988.898  -57
1988.925  -55
1988.952  -53
1988.980  -51
1989.007  -50
1989.034  -48
1989.062  -46
1989.089  -44
1989.116  -43
1989.144  -41
1989.171  -40
1989.199  -38
1989.226  -37
1989.253  -35
1989.281  -34
1989.308  -33
1989.336  -32
1989.363  -30
1989.390  -29
1989.418  -28
1989.445  -27
1989.473  -26
1989.500  -25
1989.527  -24
1989.555  -23
1989.582  -22
1989.610  -21
1989.637  -20
1989.664  -19
1989.692  -18
1989.719  -17
1989.747  -16
1989.774  -15
1989.801  -13
1989.829  -12
1989.856  -11
1989.884  -9
1989.911  -8
1989.938  -6
1989.966  -5
1989.993  -3
1990.021  -1
1990.048  0
1990.075  2
1990.103  4
1990.130  6
1990.158  8
1990.185  10
1990.212  11
1990.240  13
1990.267  15
1990.295  17
1990.322  19
1990.349  20
1990.377  22
1990.404  24
1990.432  25
1990.459  26
1990.486  28
1990.514  29
1990.541  30
1990.568  31
1990.596  32
1990.623  33
1990.651  34
1990.678  35
1990.705  36
1990.733  37
1990.760  37
1990.788  38
1990.815  39
1990.842  39
1990.870  40
1990.897  40
1990.925  41
1990.952  41
1990.979  42
1991.007  43
1991.034  43
1991.062  44
1991.089  45
1991.116  46
1991.144  47
1991.171  48
1991.199  49
1991.226  50
1991.253  51
1991.281  52
1991.308  53
1991.336  54
1991.363  56
1991.390  57
1991.418  58
1991.445  60
1991.473  61
1991.500  62
1991.527  64
1991.555  65
1991.582  67
1991.610  68
1991.637  70
1991.664  71
1991.692  73
1991.719  74
1991.747  76
1991.774  77
1991.801  79
1991.829  80
1991.856  82
1991.884  83
1991.911  85
1991.938  86
1991.966  87
1991.993  89
1992.020  90
1992.048  91
1992.075  92
1992.102  93
1992.130  94
1992.157  95
1992.184  96
1992.212  96
1992.239  97
1992.266  97
1992.294  98
1992.321  98
1992.348  98
1992.376  98
1992.403  98
1992.430  98
1992.458  97
1992.485  97
1992.512  97
1992.540  96
1992.567  96
1992.594  95
1992.622  94
1992.649  93
1992.676  93
1992.704  92
1992.731  91
1992.758  90
1992.786  89
1992.813  88
1992.840  87
1992.867  86
1992.895  85
1992.922  85
1992.949  84
1992.977  83
1993.004  82
1993.032  81
1993.059  81
1993.086  80
1993.114  79
1993.141  79
1993.168  78
1993.196  78
1993.223  77
1993.251  77
1993.278  76
1993.305  76
1993.333  76
1993.360  75
1993.388  75
1993.415  75
1993.442  75
1993.470  75
1993.497  74
1993.525  74
1993.552  74
1993.579  74
1993.607  74
1993.634  74
1993.662  75
1993.689  75
1993.716  75
1993.744  75
1993.771  75
1993.799  76
1993.826  76
1993.853  76
1993.881  76
1993.908  77
1993.936  77
1993.963  77
1993.990  78
1994.018  78
1994.045  78
1994.073  79
1994.100  79
1994.127  79
1994.155  80
1994.182  80
1994.210  80
1994.237  80
1994.264  81
1994.292  81
1994.319  81
1994.347  81
1994.374  82
1994.401  82
1994.429  82
1994.456  82
1994.484  82
1994.511  83
1994.538  83
1994.566  83
1994.593  84
1994.621  84
1994.648  84
1994.675  84
1994.703  85
1994.730  85
1994.758  86
1994.785  86
1994.812  86
1994.840  87
1994.867  87
1994.895  88
1994.922  88
1994.949  88
1994.977  89
1995.004  89
1995.032  90
1995.059  90
1995.086  90
1995.114  91
1995.141  91
1995.168  91
1995.196  92
1995.223  92
1995.251  92
1995.278  92
1995.305  93
1995.333  93
1995.360  93
1995.388  93
1995.415  94
1995.442  94
1995.470  94
1995.497  94
1995.525  94
1995.552  95
1995.579  95
1995.607  95
1995.634  95
1995.662  96
1995.689  96
1995.716  96
1995.744  96
1995.771  97
1995.799  97
1995.826  97
1995.853  98
1995.881  98
1995.908  98
1995.936  99
1995.963  99
1995.990  99
1996.018  99
1996.045  100
1996.072  100
1996.100  100
1996.127  100
1996.154  100
1996.182  100
1996.209  101
1996.236  101
1996.264  101
1996.291  101
1996.318  101
1996.346  101
1996.373  101
1996.400  101
1996.428  101
1996.455  101
1996.482  101
1996.510  101
1996.537  100
1996.564  100
1996.592  100
1996.619  100
1996.646  100
1996.673  100
1996.701  100
1996.728  100
1996.755  100
1996.783  100
1996.810  100
1996.837  100
1996.865  100
1996.892  100
1996.919  100
1996.947  100
1996.974  100
1997.001  100
1997.029  100
1997.056  100
1997.084  100
1997.111  100
1997.138  100
1997.166  99
1997.193  99
1997.221  99
1997.248  99
1997.275  99
1997.303  98
1997.330  98
1997.358  98
1997.385  97
1997.412  97
1997.440  97
1997.467  97
1997.495  96
1997.522  96
1997.549  96
1997.577  96
1997.604  95
1997.632  95
1997.659  95
1997.686  95
1997.714  95
1997.741  95
1997.768  95
1997.796  95
1997.823  95
1997.851  95
1997.878  95
1997.905  95
1997.933  95
1997.960  95
1997.988  95
1998.015  95
1998.042  95
1998.070  95
1998.097  95
1998.125  95
1998.152  95
1998.179  95
1998.207  95
1998.234  95
1998.262  95
1998.289  94
1998.316  94
1998.344  94
1998.371  94
1998.399  93
1998.426  93
1998.453  93
1998.481  92
1998.508  92
1998.536  91
1998.563  91
1998.590  90
1998.618  89
1998.645  89
1998.673  88
1998.700  87
1998.727  86
1998.755  86
1998.782  85
1998.810  84
1998.837  83
1998.864  82
1998.892  80
1998.919  79
1998.947  78
1998.974  77
1999.001  75
1999.029  74
1999.056  72
1999.084  71
1999.111  69
1999.138  67
1999.166  65
1999.193  64
1999.221  62
1999.248  60
1999.275  58
1999.303  56
1999.330  54
1999.358  52
1999.385  50
1999.412  48
1999.440  46
1999.467  44
1999.495  42
1999.522  40
1999.549  38
1999.577  36
1999.604  35
1999.632  33
1999.659  31
1999.686  30
1999.714  28
1999.741  27
1999.768  25
1999.796  24
1999.823  23
1999.851  22
1999.878  20
1999.905  19
1999.933  18
1999.960  17
1999.988  16
2000.015  15
2000.042  14
2000.070  13
2000.097  12
2000.124  11
2000.152  10
2000.179  9
2000.206  8
2000.234  7
2000.261  6
2000.288  5
2000.316  3
2000.343  2
2000.370  1
2000.398  -1
2000.425  -2
2000.452  -4
2000.480  -6
2000.507  -7
2000.534  -9
2000.561  -11
2000.589  -13
2000.616  -15
2000.643  -17
2000.671  -19
2000.698  -21
2000.725  -23
2000.753  -25
2000.780  -28
2000.807  -30
2000.835  -32
2000.862  -34
2000.889  -36
2000.917  -39
2000.944  -41
2000.971  -43
2000.999  -45
2001.026  -47
2001.053  -49
2001.081  -50
2001.108  -52
2001.136  -53
2001.163  -55
2001.190  -56
2001.218  -57
2001.245  -58
2001.273  -58
2001.300  -59
2001.327  -59
2001.355  -59
2001.382  -59
2001.410  -59
2001.437  -59
2001.464  -58
2001.492  -58
2001.519  -57
2001.547  -56
2001.574  -55
2001.601  -54
2001.629  -53
2001.656  -51
2001.684  -50
2001.711  -49
2001.738  -48
2001.766  -46
2001.793  -45
2001.821  -44
2001.848  -43
2001.875  -42
2001.903  -41
2001.930  -40
2001.958  -39
2001.985  -39
2002.012  -38
2002.040  -38
2002.067  -37
2002.095  -37
2002.122  -37
2002.149  -37
2002.177  -37
2002.204  -37
2002.232  -38
2002.259  -38
2002.286  -39
2002.314  -40
2002.341  -40
2002.368  -41
2002.396  -42
2002.423  -43
2002.451  -43
2002.478  -44
2002.505  -45
2002.533  -46
2002.560  -47
2002.588  -48
2002.615  -49
2002.642  -50
2002.670  -51
2002.697  -51
2002.725  -52
2002.752  -53
2002.779  -54
2002.807  -55
2002.834  -55
2002.862  -56
2002.889  -57
2002.916  -57
2002.944  -58
2002.971  -58
2002.999  -59
2003.026  -59
2003.053  -60
2003.081  -60
2003.108  -61
2003.136  -61
2003.163  -61
2003.190  -62
2003.218  -62
2003.245  -62
2003.273  -62
2003.300  -62
2003.327  -62
2003.355  -62
2003.382  -62
2003.410  -62
2003.437  -62
2003.464  -62
2003.492  -62
2003.519  -61
2003.547  -61
2003.574  -61
2003.601  -61
2003.629  -60
2003.656  -60
2003.684  -60
2003.711  -60
2003.738  -59
2003.766  -59
2003.793  -59
2003.821  -59
2003.848  -58
2003.875  -58
2003.903  -58
2003.930  -58
2003.958  -57
2003.985  -57
2004.012  -57
2004.040  -57
2004.067  -57
2004.094  -57
2004.122  -57
2004.149  -57
2004.176  -57
2004.204  -57
2004.231  -57
2004.258  -56
2004.286  -56
2004.313  -56
2004.340  -56
2004.367  -56
2004.395  -56
2004.422  -56
2004.449  -56
2004.477  -56
2004.504  -57
2004.531  -57
2004.559  -57
2004.586  -56
2004.613  -56
2004.641  -56
2004.668  -56
2004.695  -56
2004.723  -56
2004.750  -56
2004.777  -56
2004.805  -56
2004.832  -56
2004.859  -56
2004.887  -56
2004.914  -55
2004.941  -55
2004.969  -55
2004.996  -55
2005.023  -54
2005.051  -54
2005.078  -54
2005.105  -53
2005.133  -53
2005.160  -53
2005.188  -52
2005.215  -52
2005.242  -51
2005.270  -51
2005.297  -50
2005.325  -50
2005.352  -49
2005.379  -49
2005.407  -49
2005.434  -48
2005.462  -48
2005.489  -47
2005.516  -47
2005.544  -47
2005.571  -47
2005.599  -46
2005.626  -46
2005.653  -46
2005.681  -46
2005.708  -46
2005.736  -47
2005.763  -47
2005.790  -47
2005.818  -47
2005.845  -48
2005.873  -48
2005.900  -49
2005.927  -49
2005.955  -50
2005.982  -50
2006.010  -51
2006.037  -52
2006.064  -52
2006.092  -53
2006.119  -53
2006.147  -54
2006.174  -55
2006.201  -55
2006.229  -56
2006.256  -56
2006.284  -57
2006.311  -58
2006.338  -58
2006.366  -59
2006.393  -59
2006.421  -60
2006.448  -60
2006.475  -60
2006.503  -61
2006.530  -61
2006.558  -62
2006.585  -62
2006.612  -62
2006.640  -62
2006.667  -63
2006.695  -63
2006.722  -63
2006.749  -63
2006.777  -63
2006.804  -64
2006.832  -64
2006.859  -64
2006.886  -64
2006.914  -64
2006.941  -64
2006.968  -64
2006.996  -64
2007.023  -64
2007.051  -64
2007.078  -64
2007.105  -63
2007.133  -63
2007.160  -63
2007.188  -63
2007.215  -62
2007.242  -62
2007.270  -62
2007.297  -62
2007.325  -61
2007.352  -61
2007.379  -60
2007.407  -60
2007.434  -60
2007.462  -59
2007.489  -59
2007.516  -59
2007.544  -58
2007.571  -58
2007.599  -58
2007.626  -58
2007.653  -57
2007.681  -57
2007.708  -57
2007.736  -57
2007.763  -57
2007.790  -56
2007.818  -56
2007.845  -56
2007.873  -56
2007.900  -56
2007.927  -56
2007.955  -56
2007.982  -56
2008.010  -56
2008.037  -56
2008.064  -56
2008.092  -56
2008.119  -56
2008.146  -56
2008.173  -56
2008.201  -56
2008.228  -56
2008.255  -56
2008.283  -55
2008.310  -55
2008.337  -55
2008.365  -55
2008.392  -55
2008.419  -55
2008.447  -55
2008.474  -55
2008.501  -54
2008.529  -54
2008.556  -54
2008.583  -54
2008.611  -54
2008.638  -53
2008.665  -53
2008.693  -53
2008.720  -53
2008.747  -53
2008.775  -52
2008.802  -52
2008.829  -52
2008.857  -52
2008.884  -52
2008.911  -51
2008.939  -51
2008.966  -51
2008.993  -51
2009.021  -50
2009.048  -50
2009.075  -50
2009.103  -49
2009.130  -49
2009.158  -49
2009.185  -49
2009.212  -48
2009.240  -48
2009.267  -48
2009.295  -47
2009.322  -47
2009.349  -47
2009.377  -47
2009.404  -46
2009.432  -46
2009.459  -46
2009.486  -46
2009.514  -45
2009.541  -45
2009.568  -45
2009.596  -45
2009.623  -45
2009.651  -45
2009.678  -45
2009.705  -45
2009.733  -45
2009.760  -45
2009.788  -45
2009.815  -45
2009.842  -45
2009.870  -45
2009.897  -45
2009.925  -46
2009.952  -46
2009.979  -46
2010.007  -46
2010.034  -45
2010.062  -45
2010.089  -45
2010.116  -45
2010.144  -45
2010.171  -45
2010.199  -44
2010.226  -44
2010.253  -44
2010.281  -43
2010.308  -43
2010.336  -42
2010.363  -42
2010.390  -41
2010.418  -40
2010.445  -40
2010.473  -39
2010.500  -38
2010.527  -37
2010.555  -36
2010.582  -36
2010.610  -35
2010.637  -34
2010.664  -33
2010.692  -32
2010.719  -31
2010.747  -30
2010.774  -29
2010.801  -29
2010.829  -28
2010.856  -27
2010.884  -26
2010.911  -25
2010.938  -25
2010.966  -24
2010.993  -23
2011.021  -22
2011.048  -22
2011.075  -21
2011.103  -20
2011.130  -20
2011.158  -19
2011.185  -19
2011.212  -18
2011.240  -18
2011.267  -17
2011.295  -17
2011.322  -16
2011.349  -16
2011.377  -16
2011.404  -16
2011.432  -15
2011.459  -15
2011.486  -15
2011.514  -15
2011.541  -14
2011.568  -14
2011.596  -14
2011.623  -14
2011.651  -14
2011.678  -14
2011.705  -14
2011.733  -14
2011.760  -13
2011.788  -13
2011.815  -13
2011.842  -13
2011.870  -12
2011.897  -12
2011.925  -12
2011.952  -11
2011.979  -11
2012.007  -11
2012.034  -10
2012.061  -10
2012.089  -9
2012.116  -8
2012.143  -8
2012.171  -7
2012.198  -6
2012.225  -6
2012.253  -5
2012.280  -4
2012.307  -4
2012.335  -3
2012.362  -2
2012.389  -1
2012.417  -1
2012.444  0
2012.471  1
2012.499  1
2012.526  2
2012.553  3
2012.581  4
2012.608  4
2012.635  5
2012.663  5
2012.690  6
2012.717  6
2012.745  7
2012.772  7
2012.799  8
2012.827  8
2012.854  9
2012.881  9
2012.908  9
2012.936  10
2012.963  10
2012.990  10
2013.018  11
2013.045  11
2013.073  11
2013.100  11
2013.127  12
2013.155  12
2013.182  12
2013.210  12
2013.237  12
2013.264  12
2013.292  12
2013.319  12
2013.347  12
2013.374  12
2013.401  12
2013.429  12
2013.456  12
2013.484  11
2013.511  11
2013.538  11
2013.566  10
2013.593  10
2013.621  10
2013.648  9
2013.675  9
2013.703  8
2013.730  8
2013.758  7
2013.785  6
2013.812  6
2013.840  5
2013.867  5
2013.895  4
2013.922  3
2013.949  3
2013.977  2
2014.004  2
2014.032  1
2014.059  1
2014.086  0
2014.114  -0
2014.141  -1
2014.168  -1
2014.196  -1
2014.223  -1
2014.251  -2
2014.278  -2
2014.305  -2
2014.333  -2
2014.360  -2
2014.388  -2
2014.415  -2
2014.442  -2
2014.470  -2
2014.497  -1
2014.525  -1
2014.552  -1
2014.579  -1
2014.607  -1
2014.634  -0
2014.662  0
2014.689  1
2014.716  1
2014.744  1
2014.771  2
2014.799  2
2014.826  3
2014.853  3
2014.881  4
2014.908  4
2014.936  5
2014.963  5
2014.990  6
2015.018  6
2015.045  7
2015.073  7
2015.100  8
2015.127  8
2015.155  9
2015.182  9
2015.210  10
2015.237  10
2015.264  10
2015.292  11
2015.319  11
2015.347  12
2015.374  12
2015.401  13
2015.429  13
2015.456  13
2015.484  14
2015.511  14
2015.538  15
2015.566  15
2015.593  15
2015.621  16
2015.648  16
2015.675  17
2015.703  17
2015.730  18
2015.758  18
2015.785  19
2015.812  19
2015.840  20
2015.867  20
2015.895  21
2015.922  21
2015.949  22
2015.977  22
2016.004  23
2016.031  23
2016.059  24
2016.086  24
2016.113  25
2016.141  25
2016.168  26
2016.195  26
2016.223  27
2016.250  27
2016.277  28
2016.305  28
2016.332  29
2016.359  29
2016.387  30
2016.414  30
2016.441  31
2016.469  31
2016.496  31
2016.523  32
2016.551  32
2016.578  33
2016.605  33
2016.633  34
2016.660  34
2016.687  35
2016.714  35
2016.742  36
2016.769  37
2016.796  37
2016.824  38
2016.851  38
2016.878  39
2016.906  40
2016.933  40
2016.960  41
2016.988  42
2017.015  42
2017.042  43
2017.070  44
2017.097  45
2017.125  45
2017.152  46
2017.179  47
2017.207  47
2017.234  48
2017.262  49
2017.289  49
2017.316  50
2017.344  50
2017.371  51
2017.399  51
2017.426  52
2017.453  52
2017.481  53
2017.508  53
2017.536  53
2017.563  54
2017.590  54
2017.618  54
2017.645  55
2017.673  55
2017.700  55
2017.727  56
2017.755  56
2017.782  56
2017.810  56
2017.837  57
2017.864  57
2017.892  57
2017.919  57
2017.947  57
2017.974  58
2018.001  58
2018.029  58
2018.056  58
2018.084  59
2018.111  59
2018.138  59
2018.166  59
2018.193  60
2018.221  60
2018.248  60
2018.275  60
2018.303  60
2018.330  61
2018.358  61
2018.385  61
2018.412  61
2018.440  61
2018.467  62
2018.495  62
2018.522  62
2018.549  62
2018.577  62
2018.604  63
2018.632  63
2018.659  63
2018.686  63
2018.714  64
2018.741  64
2018.768  64
2018.796  65
2018.823  65
2018.851  65
2018.878  66
2018.905  66
2018.933  66
2018.960  67
2018.988  67
2019.015  67
2019.042  68
2019.070  68
2019.097  68
2019.125  69
2019.152  69
2019.179  70
2019.207  70
2019.234  70
2019.262  71
2019.289  71
2019.316  71
2019.344  72
2019.371  72
2019.399  73
2019.426  73
2019.453  73
2019.481  74
2019.508  74
2019.536  74
2019.563  75
2019.590  75
2019.618  75
2019.645  76
2019.673  76
2019.700  76
2019.727  76
2019.755  77
2019.782  77
2019.810  77
2019.837  77
2019.864  78
2019.892  78
2019.919  78
2019.947  78
2019.974  78
2020.001  78
2020.083  77
2020.111  77
2020.138  77
2020.165  71
2020.193  70
2020.220  67
2020.247  65
2020.275  63
2020.302  61
