1976.414  89
1976.441  99
1976.469  107
1976.496  117
1976.523  119
1976.551  128
1976.578  135
1976.605  139
1976.633  118
1976.660  117
1976.687  121
1976.714  132
1976.742  129
1976.769  122
1976.796  113
1976.824  103
1976.851  95
1976.878  88
1976.906  86
1976.933  89
1976.960  86
1976.988  75
1977.015  58
1977.042  52
1977.070  44
1977.097  52
1977.125  55
1977.152  58
1977.179  53
1977.207  62
1977.234  56
1977.262  61
1977.289  60
1977.316  69
1977.344  76
1977.371  84
1977.399  93
1977.426  98
1977.453  96
1977.481  104
1977.508  110
1977.536  113
1977.563  112
1977.590  113
1977.618  115
1977.645  107
1977.673  110
1977.700  109
1977.727  114
1977.755  113
1977.782  117
1977.810  115
1977.837  108
1977.864  106
1977.892  106
1977.919  104
1977.947  90
1977.974  80
1978.001  56
1978.029  49
1978.056  52
1978.084  52
1978.111  56
1978.138  48
1978.166  50
1978.193  49
1978.221  54
1978.248  55
1978.275  50
1978.303  58
1978.330  66
1978.358  70
1978.385  74
1978.412  86
1978.440  93
1978.467  99
1978.495  104
1978.522  115
1978.549  114
1978.577  109
1978.604  114
1978.632  118
1978.659  117
1978.686  113
1978.714  117
1978.741  113
1978.768  105
1978.796  107
1978.823  106
1978.851  107
1978.878  84
1978.905  72
1978.933  65
1978.960  52
1978.988  46
1979.015  42
1979.042  14
1979.070  13
1979.097  10
1979.125  9
1979.152  -9
1979.179  -6
1979.207  -0
1979.234  -6
1979.262  -4
1979.289  -3
1979.316  -2
1979.344  -1
1979.371  27
1979.399  37
1979.426  43
1979.453  58
1979.481  77
1979.508  82
1979.536  91
1979.563  99
1979.590  95
1979.618  82
1979.645  70
1979.673  70
1979.700  66
1979.727  68
1979.755  69
1979.782  62
1979.810  49
1979.837  43
1979.864  46
1979.892  18
1979.919  -6
1979.947  -16
1979.974  -32
1980.001  -34
1980.029  -50
1980.056  -48
1980.083  -49
1980.111  -36
1980.138  -42
1980.165  -68
1980.193  -94
1980.220  -81
1980.247  -66
1980.275  -44
1980.302  -48
1980.329  -52
1980.357  -61
1980.384  -65
1980.411  -48
1980.439  -41
1980.466  -41
1980.493  -47
1980.520  -27
1980.548  -30
1980.575  -39
1980.602  -28
1980.630  -22
1980.657  -24
1980.684  -48
1980.712  -41
1980.739  -53
1980.766  -57
1980.794  -69
1980.821  -58
1980.848  -67
1980.876  -71
1980.903  -76
1980.930  -80
1980.958  -76
1980.985  -71
1981.012  -62
1981.040  -54
1981.067  -40
1981.095  -38
1981.122  -34
1981.149  -30
1981.177  -26
1981.204  -16
1981.232  -21
1981.259  -27
1981.286  -21
1981.314  -18
1981.341  -19
1981.368  -32
1981.396  -30
1981.423  -31
1981.451  -32
1981.478  -46
1981.505  -51
1981.533  -54
1981.560  -53
1981.588  -56
1981.615  -61
1981.642  -60
1981.670  -49
1981.697  -50
1981.725  -56
1981.752  -56
1981.779  -50
1981.807  -52
1981.834  -65
1981.862  -60
1981.889  -57
1981.916  -57
1981.944  -62
1981.971  -50
1981.999  -63
1982.026  -59
1982.053  -54
1982.081  -43
1982.108  -41
1982.136  -43
1982.163  -43
1982.190  -44
1982.218  -39
1982.245  -53
1982.273  -63
1982.300  -65
1982.327  -69
1982.355  -75
1982.382  -80
1982.410  -76
1982.437  -86
1982.464  -90
1982.492  -91
1982.519  -89
1982.547  -87
1982.574  -96
1982.601  -95
1982.629  -102
1982.656  -102
1982.684  -104
1982.711  -105
1982.738  -109
1982.766  -111
1982.793  -107
1982.821  -112
1982.848  -112
1982.875  -117
1982.903  -99
1982.930  -89
1982.958  -88
1982.985  -74
1983.012  -70
1983.040  -59
1983.067  -50
1983.095  -63
1983.122  -66
1983.149  -85
1983.177  -54
1983.204  -40
1983.232  -38
1983.259  -40
1983.286  -41
1983.314  -50
1983.341  -57
1983.368  -82
1983.396  -87
1983.423  -102
1983.451  -117
1983.478  -122
1983.505  -129
1983.533  -130
1983.560  -144
1983.588  -143
1983.615  -162
1983.642  -153
1983.670  -156
1983.697  -151
1983.725  -149
1983.752  -137
1983.779  -137
1983.807  -133
1983.834  -134
1983.862  -117
1983.889  -115
1983.916  -117
1983.944  -108
1983.971  -77
1983.999  -88
1984.026  -84
1984.053  -80
1984.081  -70
1984.108  -70
1984.135  -65
1984.163  -63
1984.190  -69
1984.217  -70
1984.245  -71
1984.272  -71
1984.299  -86
1984.327  -87
1984.354  -87
1984.381  -96
1984.408  -107
1984.436  -117
1984.463  -116
1984.490  -126
1984.518  -138
1984.545  -141
1984.572  -141
1984.600  -146
1984.627  -148
1984.654  -156
1984.682  -156
1984.709  -160
1984.736  -156
1984.764  -157
1984.791  -132
1984.818  -128
1984.846  -124
1984.873  -126
1984.900  -119
1984.928  -103
1984.955  -97
1984.982  -95
1985.010  -94
1985.037  -93
1985.064  -80
1985.092  -67
1985.119  -61
1985.147  -64
1985.174  -66
1985.201  -74
1985.229  -70
1985.256  -72
1985.284  -81
1985.311  -92
1985.338  -94
1985.366  -99
1985.393  -107
1985.421  -115
1985.448  -120
1985.475  -124
1985.503  -133
1985.530  -136
1985.558  -142
1985.585  -150
1985.612  -154
1985.640  -154
1985.667  -161
1985.695  -161
1985.722  -156
1985.749  -146
1985.777  -153
1985.804  -152
1985.832  -142
1985.859  -129
1985.886  -122
1985.914  -96
1985.941  -94
1985.968  -95
1985.996  -86
1986.023  -73
1986.051  -70
1986.078  -76
1986.105  -85
1986.133  -80
1986.160  -79
1986.188  -74
1986.215  -77
1986.242  -82
1986.270  -89
1986.297  -93
1986.325  -94
1986.352  -101
1986.379  -107
1986.407  -115
1986.434  -124
1986.462  -128
1986.489  -133
1986.516  -128
1986.544  -137
1986.571  -146
1986.599  -143
1986.626  -132
1986.653  -133
1986.681  -137
1986.708  -147
1986.736  -160
1986.763  -153
1986.790  -146
1986.818  -133
1986.845  -139
1986.873  -136
1986.900  -127
1986.927  -123
1986.955  -109
1986.982  -102
1987.010  -93
1987.037  -98
1987.064  -83
1987.092  -77
1987.119  -79
1987.147  -80
1987.174  -76
1987.201  -83
1987.229  -79
1987.256  -88
1987.284  -89
1987.311  -98
1987.338  -97
1987.366  -102
1987.393  -114
1987.421  -118
1987.448  -121
1987.475  -127
1987.503  -134
1987.530  -138
1987.558  -135
1987.585  -144
1987.612  -140
1987.640  -138
1987.667  -139
1987.695  -144
1987.722  -144
1987.749  -143
1987.777  -139
1987.804  -142
1987.832  -134
1987.859  -131
1987.886  -125
1987.914  -119
1987.941  -104
1987.968  -92
1987.996  -80
1988.023  -62
1988.051  -63
1988.078  -69
1988.105  -70
1988.133  -66
1988.160  -62
1988.187  -65
1988.214  -63
1988.242  -64
1988.269  -61
1988.296  -66
1988.324  -73
1988.351  -77
1988.378  -87
1988.406  -105
1988.433  -111
1988.460  -122
1988.488  -109
1988.515  -104
1988.542  -100
1988.570  -104
1988.597  -119
1988.624  -112
1988.652  -116
1988.679  -115
1988.706  -119
1988.734  -112
1988.761  -108
1988.788  -101
1988.816  -102
1988.843  -99
1988.870  -92
1988.898  -65
1988.925  -63
1988.952  -58
1988.980  -16
1989.007  3
1989.034  26
1989.062  6
1989.089  12
1989.116  -2
1989.144  -22
1989.171  -17
1989.199  -2
1989.226  19
1989.253  31
1989.281  33
1989.308  35
1989.336  7
1989.363  -6
1989.390  -34
1989.418  -46
1989.445  -39
1989.473  -40
1989.500  -42
1989.527  -66
1989.555  -71
1989.582  -74
1989.610  -66
1989.637  -68
1989.664  -86
1989.692  -79
1989.719  -66
1989.747  -39
1989.774  -42
1989.801  -20
1989.829  -27
1989.856  -31
1989.884  -43
1989.911  -25
1989.938  -7
1989.966  12
1989.993  32
1990.021  42
1990.048  5
1990.075  41
1990.103  57
1990.130  71
1990.158  78
1990.185  14
1990.212  -12
1990.240  1
1990.267  17
1990.295  22
1990.322  33
1990.349  36
1990.377  45
1990.404  20
1990.432  21
1990.459  38
1990.486  19
1990.514  11
1990.541  4
1990.568  19
1990.596  14
1990.623  19
1990.651  24
1990.678  29
1990.705  22
1990.733  22
1990.760  40
1990.788  40
1990.815  52
1990.842  48
1990.870  57
1990.897  46
1990.925  47
1990.952  51
1990.979  46
1991.007  51
1991.034  48
1991.062  43
1991.089  43
1991.116  39
1991.144  47
1991.171  48
1991.199  52
1991.226  35
1991.253  33
1991.281  32
1991.308  35
1991.336  31
1991.363  45
1991.390  50
1991.418  52
1991.445  57
1991.473  63
1991.500  74
1991.527  73
1991.555  75
1991.582  70
1991.610  77
1991.637  72
1991.664  76
1991.692  72
1991.719  66
1991.747  69
1991.774  74
1991.801  82
1991.829  86
1991.856  82
1991.884  81
1991.911  96
1991.938  98
1991.966  112
1991.993  102
1992.020  100
1992.048  102
1992.075  82
1992.102  70
1992.130  66
1992.157  67
1992.184  78
1992.212  92
1992.239  92
1992.266  86
1992.294  83
1992.321  76
1992.348  85
1992.376  92
1992.403  101
1992.430  101
1992.458  99
1992.485  108
1992.512  108
1992.540  111
1992.567  109
1992.594  107
1992.622  98
1992.649  101
1992.676  116
1992.704  125
1992.731  126
1992.758  119
1992.786  114
1992.813  105
1992.840  102
1992.867  96
1992.895  94
1992.922  87
1992.949  71
1992.977  61
1993.004  51
1993.032  47
1993.059  56
1993.086  54
1993.114  61
1993.141  49
1993.168  44
1993.196  44
1993.223  49
1993.251  51
1993.278  48
1993.305  50
1993.333  63
1993.360  72
1993.388  75
1993.415  80
1993.442  84
1993.470  91
1993.497  92
1993.525  108
1993.552  100
1993.579  98
1993.607  99
1993.634  102
1993.662  102
1993.689  103
1993.716  107
1993.744  109
1993.771  101
1993.799  89
1993.826  86
1993.853  83
1993.881  75
1993.908  68
1993.936  66
1993.963  58
1993.990  60
1994.018  66
1994.045  66
1994.073  61
1994.100  55
1994.127  52
1994.155  54
1994.182  52
1994.210  52
1994.237  53
1994.264  63
1994.292  72
1994.319  75
1994.347  82
1994.374  81
1994.401  74
1994.429  80
1994.456  83
1994.484  100
1994.511  92
1994.538  99
1994.566  99
1994.593  107
1994.621  100
1994.648  117
1994.675  123
1994.703  122
1994.730  117
1994.758  106
1994.785  100
1994.812  99
1994.840  101
1994.867  98
1994.895  96
1994.922  91
1994.949  86
1994.977  68
1995.004  70
1995.032  69
1995.059  75
1995.086  54
1995.114  55
1995.141  49
1995.168  57
1995.196  60
1995.223  65
1995.251  73
1995.278  75
1995.305  80
1995.333  79
1995.360  89
1995.388  91
1995.415  97
1995.442  108
1995.470  118
1995.497  126
1995.525  126
1995.552  118
1995.579  114
1995.607  106
1995.634  108
1995.662  125
1995.689  122
1995.716  126
1995.744  113
1995.771  113
1995.799  112
1995.826  111
1995.853  111
1995.881  105
1995.908  98
1995.936  88
1995.963  49
1995.990  56
1996.018  95
1996.045  97
1996.072  108
1996.100  83
1996.127  63
1996.154  56
1996.182  72
1996.209  75
1996.236  73
1996.264  74
1996.291  108
1996.318  106
1996.346  105
1996.373  89
1996.400  95
1996.428  103
1996.455  112
1996.482  114
1996.510  111
1996.537  108
1996.564  119
1996.592  121
1996.619  123
1996.646  114
1996.673  124
1996.701  117
1996.728  119
1996.755  114
1996.783  135
1996.810  137
1996.837  134
1996.865  118
1996.892  114
1996.919  103
1996.947  84
1996.974  77
1997.001  74
1997.029  76
1997.056  63
1997.084  57
1997.111  61
1997.138  76
1997.166  78
1997.193  78
1997.221  73
1997.248  83
1997.275  83
1997.303  78
1997.330  84
1997.358  93
1997.385  105
1997.412  100
1997.440  110
1997.467  106
1997.495  105
1997.522  101
1997.549  115
1997.577  128
1997.604  119
1997.632  120
1997.659  125
1997.686  128
1997.714  120
1997.741  111
1997.768  117
1997.796  122
1997.823  112
1997.851  102
1997.878  89
1997.905  98
1997.933  103
1997.960  98
1997.988  92
1998.015  82
1998.042  63
1998.070  63
1998.097  63
1998.125  48
1998.152  50
1998.179  41
1998.207  49
1998.234  48
1998.262  54
1998.289  72
1998.316  74
1998.344  96
1998.371  101
1998.399  119
1998.426  102
1998.453  114
1998.481  101
1998.508  107
1998.536  108
1998.563  116
1998.590  116
1998.618  119
1998.645  120
1998.673  127
1998.700  126
1998.727  135
1998.755  126
1998.782  121
1998.810  110
1998.837  95
1998.864  74
1998.892  64
1998.919  58
1998.947  69
1998.974  51
1999.001  53
1999.029  29
1999.056  39
1999.084  55
1999.111  53
1999.138  59
1999.166  24
1999.193  16
1999.221  16
1999.248  19
1999.275  38
1999.303  39
1999.330  38
1999.358  35
1999.385  49
1999.412  70
1999.440  72
1999.467  78
1999.495  77
1999.522  67
1999.549  61
1999.577  59
1999.604  71
1999.632  76
1999.659  77
1999.686  70
1999.714  58
1999.741  42
1999.768  16
1999.796  16
1999.823  11
1999.851  20
1999.878  -0
1999.905  -18
1999.933  4
1999.960  2
1999.988  10
2000.015  -6
2000.042  16
2000.070  -5
2000.097  -2
2000.124  -26
2000.152  -38
2000.179  -46
2000.206  -17
2000.234  -15
2000.261  -0
2000.288  -13
2000.316  -24
2000.343  -10
2000.370  -6
2000.398  7
2000.425  12
2000.452  16
2000.480  12
2000.507  12
2000.534  22
2000.561  22
2000.589  31
2000.616  25
2000.643  24
2000.671  23
2000.698  37
2000.725  28
2000.753  10
2000.780  10
2000.807  -6
2000.835  -13
2000.862  -30
2000.889  -48
2000.917  -35
2000.944  -34
2000.971  -47
2000.999  -49
2001.026  -76
2001.053  -75
2001.081  -103
2001.108  -108
2001.136  -103
2001.163  -78
2001.190  -82
2001.218  -84
2001.245  -94
2001.273  -100
2001.300  -105
2001.327  -86
2001.355  -76
2001.382  -73
2001.410  -69
2001.437  -57
2001.464  -44
2001.492  -34
2001.519  -28
2001.547  -30
2001.574  -28
2001.601  -21
2001.629  -7
2001.656  -24
2001.684  -48
2001.711  -60
2001.738  -59
2001.766  -54
2001.793  -53
2001.821  -60
2001.848  -50
2001.875  -48
2001.903  -38
2001.930  -14
2001.958  -13
2001.985  -10
2002.012  -8
2002.040  -21
2002.067  -17
2002.095  -30
2002.122  -29
2002.149  -35
2002.177  -34
2002.204  -35
2002.232  -46
2002.259  -61
2002.286  -53
2002.314  -40
2002.341  -41
2002.368  -34
2002.396  -36
2002.423  -36
2002.451  -49
2002.478  -40
2002.505  -42
2002.533  -32
2002.560  -49
2002.588  -56
2002.615  -63
2002.642  -73
2002.670  -73
2002.697  -75
2002.725  -70
2002.752  -71
2002.779  -69
2002.807  -58
2002.834  -59
2002.862  -48
2002.889  -49
2002.916  -51
2002.944  -63
2002.971  -80
2002.999  -75
2003.026  -74
2003.053  -53
2003.081  -65
2003.108  -48
2003.136  -53
2003.163  -40
2003.190  -20
2003.218  -19
2003.245  -7
2003.273  -43
2003.300  -76
2003.327  -55
2003.355  -54
2003.382  -56
2003.410  -58
2003.437  -53
2003.464  -54
2003.492  -63
2003.519  -69
2003.547  -74
2003.574  -78
2003.601  -88
2003.629  -79
2003.656  -75
2003.684  -81
2003.711  -89
2003.738  -86
2003.766  -79
2003.793  -78
2003.821  -76
2003.848  -78
2003.875  -86
2003.903  -98
2003.930  -68
2003.958  -52
2003.985  -48
2004.012  -54
2004.040  -40
2004.067  -24
2004.094  -14
2004.122  -16
2004.149  -1
2004.176  -7
2004.204  -10
2004.231  -24
2004.258  -25
2004.286  -34
2004.313  -49
2004.340  -45
2004.367  -48
2004.395  -53
2004.422  -64
2004.449  -68
2004.477  -81
2004.504  -83
2004.531  -81
2004.559  -80
2004.586  -84
2004.613  -80
2004.641  -73
2004.668  -72
2004.695  -84
2004.723  -85
2004.750  -76
2004.777  -71
2004.805  -70
2004.832  -76
2004.859  -75
2004.887  -58
2004.914  -60
2004.941  -55
2004.969  -67
2004.996  -58
2005.023  -38
2005.051  -23
2005.078  -32
2005.105  -38
2005.133  -47
2005.160  -10
2005.188  -14
2005.215  -16
2005.242  -23
2005.270  -31
2005.297  -29
2005.325  -28
2005.352  -30
2005.379  -42
2005.407  -54
2005.434  -63
2005.462  -65
2005.489  -64
2005.516  -69
2005.544  -73
2005.571  -76
2005.599  -64
2005.626  -72
2005.653  -61
2005.681  -60
2005.708  -49
2005.736  -64
2005.763  -67
2005.790  -60
2005.818  -63
2005.845  -53
2005.873  -63
2005.900  -60
2005.927  -51
2005.955  -48
2005.982  -21
2006.010  -1
2006.037  -25
2006.064  -50
2006.092  -60
2006.119  -43
2006.147  -35
2006.174  -22
2006.201  -19
2006.229  -17
2006.256  -38
2006.284  -53
2006.311  -46
2006.338  -49
2006.366  -51
2006.393  -55
2006.421  -56
2006.448  -56
2006.475  -76
2006.503  -81
2006.530  -83
2006.558  -84
2006.585  -88
2006.612  -87
2006.640  -88
2006.667  -90
2006.695  -89
2006.722  -86
2006.749  -85
2006.777  -85
2006.804  -79
2006.832  -74
2006.859  -67
2006.886  -70
2006.914  -65
2006.941  -63
2006.968  -56
2006.996  -59
2007.023  -50
2007.051  -47
2007.078  -34
2007.105  -30
2007.133  -31
2007.160  -30
2007.188  -40
2007.215  -42
2007.242  -43
2007.270  -38
2007.297  -40
2007.325  -47
2007.352  -54
2007.379  -59
2007.407  -62
2007.434  -62
2007.462  -64
2007.489  -66
2007.516  -73
2007.544  -77
2007.571  -83
2007.599  -83
2007.626  -85
2007.653  -81
2007.681  -83
2007.708  -80
2007.736  -77
2007.763  -78
2007.790  -71
2007.818  -68
2007.845  -62
2007.873  -64
2007.900  -63
2007.927  -57
2007.955  -52
2007.982  -42
2008.010  -38
2008.037  -36
2008.064  -31
2008.092  -27
2008.119  -29
2008.146  -28
2008.173  -32
2008.201  -30
2008.228  -38
2008.255  -37
2008.283  -36
2008.310  -40
2008.337  -41
2008.365  -46
2008.392  -49
2008.419  -65
2008.447  -63
2008.474  -65
2008.501  -65
2008.529  -73
2008.556  -76
2008.583  -79
2008.611  -81
2008.638  -75
2008.665  -67
2008.693  -71
2008.720  -75
2008.747  -75
2008.775  -72
2008.802  -76
2008.829  -78
2008.857  -68
2008.884  -54
2008.911  -54
2008.939  -50
2008.966  -50
2008.993  -41
2009.021  -34
2009.048  -28
2009.075  -26
2009.103  -24
2009.130  -24
2009.158  -22
2009.185  -16
2009.212  -23
2009.240  -22
2009.267  -32
2009.295  -31
2009.322  -36
2009.349  -36
2009.377  -37
2009.404  -38
2009.432  -47
2009.459  -55
2009.486  -52
2009.514  -54
2009.541  -59
2009.568  -65
2009.596  -65
2009.623  -65
2009.651  -69
2009.678  -70
2009.705  -64
2009.733  -69
2009.760  -73
2009.788  -71
2009.815  -59
2009.842  -53
2009.870  -51
2009.897  -49
2009.925  -55
2009.952  -38
2009.979  -23
2010.007  -18
2010.034  -29
2010.062  -32
2010.089  -23
2010.116  -28
2010.144  -19
2010.171  -17
2010.199  -22
2010.226  -25
2010.253  -32
2010.281  -28
2010.308  -31
2010.336  -30
2010.363  -32
2010.390  -41
2010.418  -45
2010.445  -44
2010.473  -51
2010.500  -49
2010.527  -52
2010.555  -51
2010.582  -58
2010.610  -58
2010.637  -54
2010.664  -53
2010.692  -53
2010.719  -52
2010.747  -51
2010.774  -54
2010.801  -57
2010.829  -51
2010.856  -45
2010.884  -44
2010.911  -28
2010.938  -14
2010.966  -5
2010.993  -4
2011.021  8
2011.048  1
2011.075  12
2011.103  9
2011.130  11
2011.158  3
2011.185  7
2011.212  5
2011.240  -6
2011.267  -4
2011.295  -0
2011.322  0
2011.349  1
2011.377  -4
2011.404  -18
2011.432  -23
2011.459  -20
2011.486  -20
2011.514  -25
2011.541  -28
2011.568  -27
2011.596  -34
2011.623  -38
2011.651  -35
2011.678  -31
2011.705  -32
2011.733  -37
2011.760  -32
2011.788  -29
2011.815  -29
2011.842  -30
2011.870  -26
2011.897  -16
2011.925  -13
2011.952  -5
2011.979  -7
2012.007  -7
2012.034  -7
2012.061  2
2012.089  2
2012.116  7
2012.143  8
2012.171  17
2012.198  8
2012.225  8
2012.253  11
2012.280  8
2012.307  8
2012.335  8
2012.362  6
2012.389  1
2012.417  -5
2012.444  -2
2012.471  -2
2012.499  -4
2012.526  -5
2012.553  -9
2012.581  -9
2012.608  -15
2012.635  -6
2012.663  -7
2012.690  -5
2012.717  -9
2012.745  -1
2012.772  1
2012.799  1
2012.827  5
2012.854  12
2012.881  15
2012.908  13
2012.936  12
2012.963  16
2012.990  10
2013.018  16
2013.045  18
2013.073  18
2013.100  15
2013.127  20
2013.155  20
2013.182  16
2013.210  12
2013.237  9
2013.264  10
2013.292  11
2013.319  14
2013.347  13
2013.374  7
2013.401  14
2013.429  16
2013.456  15
2013.484  2
2013.511  4
2013.538  9
2013.566  10
2013.593  10
2013.621  11
2013.648  11
2013.675  14
2013.703  10
2013.730  10
2013.758  10
2013.785  13
2013.812  14
2013.840  8
2013.867  10
2013.895  7
2013.922  5
2013.949  3
2013.977  2
2014.004  -3
2014.032  -10
2014.059  -10
2014.086  -8
2014.114  -2
2014.141  1
2014.168  -3
2014.196  -8
2014.223  -9
2014.251  -4
2014.278  -4
2014.305  -3
2014.333  -3
2014.360  -2
2014.388  0
2014.415  -1
2014.442  -0
2014.470  -6
2014.497  -6
2014.525  -2
2014.552  0
2014.579  5
2014.607  6
2014.634  9
2014.662  5
2014.689  3
2014.716  6
2014.744  2
2014.771  1
2014.799  -1
2014.826  5
2014.853  3
2014.881  6
2014.908  6
2014.936  0
2014.963  -6
2014.990  -8
2015.018  1
2015.045  9
2015.073  18
2015.100  12
2015.127  8
2015.155  8
2015.182  15
2015.210  26
2015.237  23
2015.264  15
2015.292  11
2015.319  13
2015.347  16
2015.374  15
2015.401  12
2015.429  6
2015.456  5
2015.484  5
2015.511  10
2015.538  12
2015.566  13
2015.593  12
2015.621  13
2015.648  17
2015.675  19
2015.703  19
2015.730  20
2015.758  22
2015.785  24
2015.812  26
2015.840  26
2015.867  26
2015.895  22
2015.922  20
2015.949  18
2015.977  21
2016.004  19
2016.031  25
2016.059  21
2016.086  22
2016.113  16
2016.141  19
2016.168  15
2016.195  21
2016.223  26
2016.250  28
2016.277  29
2016.305  30
2016.332  33
2016.359  36
2016.387  28
2016.414  31
2016.441  32
2016.469  33
2016.496  33
2016.523  36
2016.551  41
2016.578  37
2016.605  35
2016.633  37
2016.660  43
2016.687  42
2016.714  42
2016.742  39
2016.769  39
2016.796  35
2016.824  35
2016.851  39
2016.878  43
2016.906  40
2016.933  30
2016.960  32
2016.988  36
2017.015  45
2017.042  37
2017.070  36
2017.097  32
2017.125  35
2017.152  37
2017.179  40
2017.207  46
2017.234  44
2017.262  48
2017.289  41
2017.316  41
2017.344  38
2017.371  43
2017.399  49
2017.426  50
2017.453  55
2017.481  60
2017.508  63
2017.536  61
2017.563  55
2017.590  72
2017.618  71
2017.645  73
2017.673  71
2017.700  67
2017.727  68
2017.755  68
2017.782  73
2017.810  71
2017.837  69
2017.864  65
2017.892  58
2017.919  54
2017.947  53
2017.974  50
2018.001  53
2018.029  47
2018.056  36
2018.084  36
2018.111  35
2018.138  38
2018.166  36
2018.193  36
2018.221  38
2018.248  44
2018.275  48
2018.303  51
2018.330  56
2018.358  58
2018.385  62
2018.412  60
2018.440  68
2018.467  71
2018.495  70
2018.522  73
2018.549  79
2018.577  79
2018.604  78
2018.632  84
2018.659  88
2018.686  86
2018.714  81
2018.741  79
2018.768  77
2018.796  70
2018.823  73
2018.851  75
2018.878  82
2018.905  72
2018.933  58
2018.960  61
2018.988  57
2019.015  59
2019.042  48
2019.070  46
2019.097  46
2019.125  45
2019.152  43
2019.179  47
2019.207  46
2019.234  50
2019.262  52
2019.289  59
2019.316  60
2019.344  64
2019.371  66
2019.399  73
2019.426  75
2019.453  77
2019.481  83
2019.508  84
2019.536  83
2019.563  86
2019.590  91
2019.618  94
2019.645  93
2019.673  101
2019.700  103
2019.727  103
2019.755  98
2019.782  97
2019.810  94
2019.837  81
2019.864  79
2019.892  73
2019.919  81
2019.947  62
2019.974  62
2020.001  54
2020.083  46
2020.111  44
2020.138  41
2020.165  38
2020.193  35
2020.220  47
2020.247  51
2020.275  51
2020.302  51
