1976.414  -126
1976.441  -121
1976.469  -114
1976.496  -107
1976.523  -99
1976.551  -97
1976.578  -94
1976.605  -81
1976.633  -80
1976.660  -66
1976.687  -62
1976.714  -56
1976.742  -62
1976.769  -67
1976.796  -69
1976.824  -82
1976.851  -88
1976.878  -95
1976.906  -107
1976.933  -107
1976.960  -110
1976.988  -111
1977.015  -112
1977.042  -97
1977.070  -81
1977.097  -104
1977.125  -112
1977.152  -127
1977.179  -139
1977.207  -134
1977.234  -135
1977.262  -132
1977.289  -136
1977.316  -124
1977.344  -115
1977.371  -119
1977.399  -123
1977.426  -116
1977.453  -109
1977.481  -103
1977.508  -91
1977.536  -89
1977.563  -84
1977.590  -82
1977.618  -66
1977.645  -67
1977.673  -67
1977.700  -71
1977.727  -76
1977.755  -71
1977.782  -68
1977.810  -72
1977.837  -82
1977.864  -92
1977.892  -95
1977.919  -103
1977.947  -109
1977.974  -118
1978.001  -129
1978.029  -137
1978.056  -144
1978.084  -146
1978.111  -152
1978.138  -152
1978.166  -158
1978.193  -157
1978.221  -157
1978.248  -149
1978.275  -151
1978.303  -133
1978.330  -125
1978.358  -117
1978.385  -116
1978.412  -112
1978.440  -100
1978.467  -93
1978.495  -70
1978.522  -71
1978.549  -58
1978.577  -46
1978.604  -42
1978.632  -47
1978.659  -42
1978.686  -36
1978.714  -34
1978.741  -38
1978.768  -32
1978.796  -31
1978.823  -44
1978.851  -46
1978.878  -49
1978.905  -49
1978.933  -64
1978.960  -73
1978.988  -74
1979.015  -95
1979.042  -102
1979.070  -89
1979.097  -88
1979.125  -90
1979.152  -99
1979.179  -98
1979.207  -106
1979.234  -103
1979.262  -91
1979.289  -83
1979.316  -78
1979.344  -67
1979.371  -63
1979.399  -64
1979.426  -55
1979.453  -51
1979.481  -47
1979.508  -37
1979.536  -29
1979.563  -15
1979.590  -17
1979.618  -20
1979.645  -21
1979.673  14
1979.700  1
1979.727  1
1979.755  -11
1979.782  11
1979.810  6
1979.837  -2
1979.864  19
1979.892  9
1979.919  3
1979.947  -2
1979.974  -1
1980.001  -17
1980.029  -33
1980.056  -37
1980.083  -42
1980.111  -50
1980.138  -49
1980.165  -43
1980.193  -46
1980.220  -48
1980.247  -41
1980.275  -32
1980.302  -25
1980.329  -26
1980.357  -26
1980.384  -20
1980.411  -8
1980.439  1
1980.466  12
1980.493  15
1980.520  23
1980.548  33
1980.575  38
1980.602  42
1980.630  43
1980.657  43
1980.684  51
1980.712  57
1980.739  63
1980.766  61
1980.794  51
1980.821  52
1980.848  58
1980.876  61
1980.903  57
1980.930  56
1980.958  55
1980.985  51
1981.012  48
1981.040  37
1981.067  32
1981.095  31
1981.122  35
1981.149  35
1981.177  30
1981.204  26
1981.232  57
1981.259  58
1981.286  59
1981.314  62
1981.341  70
1981.368  79
1981.396  88
1981.423  88
1981.451  97
1981.478  97
1981.505  95
1981.533  81
1981.560  73
1981.588  67
1981.615  60
1981.642  55
1981.670  51
1981.697  40
1981.725  39
1981.752  35
1981.779  36
1981.807  45
1981.834  52
1981.862  64
1981.889  52
1981.916  48
1981.944  55
1981.971  55
1981.999  67
1982.026  71
1982.053  52
1982.081  39
1982.108  35
1982.136  38
1982.163  36
1982.190  33
1982.218  27
1982.245  43
1982.273  69
1982.300  67
1982.327  67
1982.355  63
1982.382  61
1982.410  51
1982.437  51
1982.464  44
1982.492  37
1982.519  27
1982.547  29
1982.574  37
1982.601  33
1982.629  30
1982.656  31
1982.684  23
1982.711  37
1982.738  53
1982.766  57
1982.793  56
1982.821  59
1982.848  68
1982.875  71
1982.903  78
1982.930  98
1982.958  100
1982.985  88
1983.012  92
1983.040  98
1983.067  88
1983.095  85
1983.122  85
1983.149  89
1983.177  70
1983.204  60
1983.232  52
1983.259  52
1983.286  50
1983.314  54
1983.341  50
1983.368  90
1983.396  104
1983.423  110
1983.451  93
1983.478  96
1983.505  100
1983.533  103
1983.560  94
1983.588  86
1983.615  79
1983.642  74
1983.670  66
1983.697  63
1983.725  59
1983.752  71
1983.779  75
1983.807  86
1983.834  82
1983.862  98
1983.889  111
1983.916  120
1983.944  128
1983.971  124
1983.999  124
1984.026  126
1984.053  134
1984.081  139
1984.108  144
1984.135  144
1984.163  145
1984.190  141
1984.217  146
1984.245  144
1984.272  143
1984.299  136
1984.327  135
1984.354  129
1984.381  123
1984.408  118
1984.436  119
1984.463  117
1984.490  115
1984.518  123
1984.545  124
1984.572  120
1984.600  109
1984.627  102
1984.654  95
1984.682  93
1984.709  99
1984.736  109
1984.764  109
1984.791  117
1984.818  118
1984.846  128
1984.873  123
1984.900  139
1984.928  142
1984.955  152
1984.982  156
1985.010  163
1985.037  174
1985.064  188
1985.092  192
1985.119  188
1985.147  184
1985.174  184
1985.201  182
1985.229  178
1985.256  176
1985.284  181
1985.311  174
1985.338  171
1985.366  164
1985.393  166
1985.421  159
1985.448  154
1985.475  147
1985.503  139
1985.530  129
1985.558  122
1985.585  117
1985.612  107
1985.640  99
1985.667  96
1985.695  92
1985.722  96
1985.749  99
1985.777  103
1985.804  106
1985.832  110
1985.859  122
1985.886  128
1985.914  142
1985.941  154
1985.968  153
1985.996  173
1986.023  176
1986.051  182
1986.078  169
1986.105  176
1986.133  186
1986.160  192
1986.188  185
1986.215  184
1986.242  182
1986.270  183
1986.297  173
1986.325  174
1986.352  170
1986.379  169
1986.407  166
1986.434  152
1986.462  141
1986.489  128
1986.516  130
1986.544  120
1986.571  95
1986.599  91
1986.626  82
1986.653  83
1986.681  91
1986.708  95
1986.736  98
1986.763  99
1986.790  101
1986.818  107
1986.845  112
1986.873  120
1986.900  134
1986.927  137
1986.955  138
1986.982  146
1987.010  150
1987.037  157
1987.064  159
1987.092  167
1987.119  171
1987.147  171
1987.174  184
1987.201  184
1987.229  184
1987.256  169
1987.284  161
1987.311  159
1987.338  158
1987.366  159
1987.393  138
1987.421  134
1987.448  124
1987.475  125
1987.503  106
1987.530  100
1987.558  92
1987.585  74
1987.612  74
1987.640  75
1987.667  60
1987.695  55
1987.722  55
1987.749  60
1987.777  61
1987.804  56
1987.832  74
1987.859  76
1987.886  92
1987.914  86
1987.941  102
1987.968  91
1987.996  113
1988.023  146
1988.051  156
1988.078  152
1988.105  147
1988.133  143
1988.160  149
1988.187  143
1988.214  144
1988.242  137
1988.269  135
1988.296  106
1988.324  109
1988.351  121
1988.378  111
1988.406  92
1988.433  81
1988.460  84
1988.488  76
1988.515  50
1988.542  44
1988.570  44
1988.597  39
1988.624  25
1988.652  16
1988.679  28
1988.706  34
1988.734  43
1988.761  38
1988.788  53
1988.816  58
1988.843  57
1988.870  54
1988.898  67
1988.925  62
1988.952  62
1988.980  68
1989.007  72
1989.034  78
1989.062  94
1989.089  105
1989.116  99
1989.144  91
1989.171  94
1989.199  100
1989.226  88
1989.253  97
1989.281  99
1989.308  98
1989.336  80
1989.363  69
1989.390  72
1989.418  36
1989.445  23
1989.473  27
1989.500  29
1989.527  23
1989.555  20
1989.582  10
1989.610  3
1989.637  -12
1989.664  -14
1989.692  -18
1989.719  -24
1989.747  -14
1989.774  -6
1989.801  -3
1989.829  -5
1989.856  -18
1989.884  -15
1989.911  -10
1989.938  13
1989.966  3
1989.993  4
1990.021  6
1990.048  5
1990.075  25
1990.103  29
1990.130  34
1990.158  24
1990.185  20
1990.212  7
1990.240  9
1990.267  10
1990.295  15
1990.322  18
1990.349  23
1990.377  27
1990.404  22
1990.432  24
1990.459  16
1990.486  0
1990.514  -21
1990.541  -12
1990.568  -17
1990.596  3
1990.623  14
1990.651  23
1990.678  13
1990.705  -0
1990.733  -7
1990.760  19
1990.788  11
1990.815  11
1990.842  -4
1990.870  -6
1990.897  -13
1990.925  4
1990.952  14
1990.979  22
1991.007  28
1991.034  43
1991.062  43
1991.089  24
1991.116  31
1991.144  39
1991.171  42
1991.199  32
1991.226  15
1991.253  8
1991.281  8
1991.308  12
1991.336  13
1991.363  6
1991.390  2
1991.418  -3
1991.445  -10
1991.473  -22
1991.500  -24
1991.527  -38
1991.555  -44
1991.582  -57
1991.610  -57
1991.637  -53
1991.664  -70
1991.692  -81
1991.719  -82
1991.747  -88
1991.774  -85
1991.801  -84
1991.829  -84
1991.856  -80
1991.884  -80
1991.911  -66
1991.938  -70
1991.966  -82
1991.993  -69
1992.020  -72
1992.048  -67
1992.075  -71
1992.102  -63
1992.130  -90
1992.157  -87
1992.184  -82
1992.212  -75
1992.239  -74
1992.266  -77
1992.294  -77
1992.321  -83
1992.348  -93
1992.376  -91
1992.403  -99
1992.430  -94
1992.458  -95
1992.485  -87
1992.512  -74
1992.540  -94
1992.567  -103
1992.594  -115
1992.622  -116
1992.649  -107
1992.676  -108
1992.704  -112
1992.731  -116
1992.758  -123
1992.786  -121
1992.813  -121
1992.840  -112
1992.867  -115
1992.895  -117
1992.922  -127
1992.949  -135
1992.977  -147
1993.004  -149
1993.032  -144
1993.059  -142
1993.086  -145
1993.114  -153
1993.141  -167
1993.168  -149
1993.196  -155
1993.223  -154
1993.251  -153
1993.278  -151
1993.305  -145
1993.333  -148
1993.360  -143
1993.388  -126
1993.415  -122
1993.442  -106
1993.470  -117
1993.497  -112
1993.525  -110
1993.552  -97
1993.579  -99
1993.607  -99
1993.634  -93
1993.662  -89
1993.689  -81
1993.716  -86
1993.744  -83
1993.771  -92
1993.799  -90
1993.826  -89
1993.853  -90
1993.881  -94
1993.908  -96
1993.936  -114
1993.963  -117
1993.990  -132
1994.018  -165
1994.045  -163
1994.073  -160
1994.100  -156
1994.127  -160
1994.155  -157
1994.182  -157
1994.210  -159
1994.237  -161
1994.264  -172
1994.292  -171
1994.319  -174
1994.347  -154
1994.374  -150
1994.401  -135
1994.429  -131
1994.456  -121
1994.484  -117
1994.511  -90
1994.538  -85
1994.566  -86
1994.593  -97
1994.621  -84
1994.648  -101
1994.675  -86
1994.703  -82
1994.730  -78
1994.758  -80
1994.785  -87
1994.812  -84
1994.840  -91
1994.867  -100
1994.895  -108
1994.922  -115
1994.949  -124
1994.977  -120
1995.004  -132
1995.032  -124
1995.059  -164
1995.086  -164
1995.114  -157
1995.141  -149
1995.168  -138
1995.196  -154
1995.223  -172
1995.251  -156
1995.278  -134
1995.305  -134
1995.333  -138
1995.360  -126
1995.388  -121
1995.415  -110
1995.442  -114
1995.470  -108
1995.497  -101
1995.525  -80
1995.552  -70
1995.579  -71
1995.607  -75
1995.634  -70
1995.662  -71
1995.689  -70
1995.716  -72
1995.744  -75
1995.771  -75
1995.799  -80
1995.826  -75
1995.853  -78
1995.881  -87
1995.908  -93
1995.936  -96
1995.963  -41
1995.990  -139
1996.018  -148
1996.045  -125
1996.072  -109
1996.100  -95
1996.127  -108
1996.154  -120
1996.182  -123
1996.209  -133
1996.236  -129
1996.264  -130
1996.291  -106
1996.318  -103
1996.346  -102
1996.373  -99
1996.400  -82
1996.428  -80
1996.455  -76
1996.482  -81
1996.510  -73
1996.537  -67
1996.564  -60
1996.592  -60
1996.619  -60
1996.646  -57
1996.673  -48
1996.701  -51
1996.728  -52
1996.755  -64
1996.783  -65
1996.810  -68
1996.837  -59
1996.865  -62
1996.892  -60
1996.919  -77
1996.947  -87
1996.974  -92
1997.001  -87
1997.029  -84
1997.056  -93
1997.084  -103
1997.111  -108
1997.138  -114
1997.166  -127
1997.193  -136
1997.221  -134
1997.248  -122
1997.275  -114
1997.303  -108
1997.330  -112
1997.358  -106
1997.385  -103
1997.412  -90
1997.440  -79
1997.467  -71
1997.495  -65
1997.522  -54
1997.549  -51
1997.577  -44
1997.604  -55
1997.632  -53
1997.659  -45
1997.686  -47
1997.714  -42
1997.741  -42
1997.768  -34
1997.796  -27
1997.823  -25
1997.851  -17
1997.878  -68
1997.905  -77
1997.933  -64
1997.960  -50
1997.988  -48
1998.015  -69
1998.042  -77
1998.070  -77
1998.097  -80
1998.125  -91
1998.152  -95
1998.179  -81
1998.207  -83
1998.234  -67
1998.262  -65
1998.289  -60
1998.316  -62
1998.344  -83
1998.371  -77
1998.399  -72
1998.426  -50
1998.453  -43
1998.481  -34
1998.508  -19
1998.536  -15
1998.563  -21
1998.590  -25
1998.618  -36
1998.645  -28
1998.673  -22
1998.700  -10
1998.727  -4
1998.755  -2
1998.782  1
1998.810  -3
1998.837  -5
1998.864  -1
1998.892  -27
1998.919  -16
1998.947  -30
1998.974  -47
1999.001  -73
1999.029  -92
1999.056  -90
1999.084  -83
1999.111  -78
1999.138  -74
1999.166  -77
1999.193  -89
1999.221  -77
1999.248  -74
1999.275  -61
1999.303  -61
1999.330  -55
1999.358  -61
1999.385  -48
1999.412  -22
1999.440  1
1999.467  -1
1999.495  9
1999.522  25
1999.549  27
1999.577  34
1999.604  45
1999.632  49
1999.659  44
1999.686  36
1999.714  30
1999.741  28
1999.768  24
1999.796  28
1999.823  -1
1999.851  -7
1999.878  -10
1999.905  3
1999.933  4
1999.960  -4
1999.988  0
2000.015  -13
2000.042  1
2000.070  20
2000.097  -1
2000.124  -5
2000.152  -34
2000.179  -43
2000.206  -39
2000.234  -31
2000.261  -19
2000.288  -33
2000.316  -27
2000.343  -15
2000.370  13
2000.398  8
2000.425  12
2000.452  12
2000.480  22
2000.507  40
2000.534  46
2000.561  41
2000.589  45
2000.616  33
2000.643  40
2000.671  43
2000.698  66
2000.725  74
2000.753  62
2000.780  60
2000.807  49
2000.835  58
2000.862  53
2000.889  43
2000.917  24
2000.944  -14
2000.971  -22
2000.999  -18
2001.026  -17
2001.053  -34
2001.081  -27
2001.108  -28
2001.136  -14
2001.163  -20
2001.190  -20
2001.218  -24
2001.245  -36
2001.273  -27
2001.300  -7
2001.327  -15
2001.355  -1
2001.382  2
2001.410  22
2001.437  16
2001.464  15
2001.492  -3
2001.519  34
2001.547  64
2001.574  80
2001.601  84
2001.629  54
2001.656  75
2001.684  73
2001.711  60
2001.738  69
2001.766  64
2001.793  76
2001.821  69
2001.848  69
2001.875  50
2001.903  26
2001.930  24
2001.958  41
2001.985  51
2002.012  73
2002.040  87
2002.067  76
2002.095  57
2002.122  38
2002.149  50
2002.177  53
2002.204  39
2002.232  37
2002.259  29
2002.286  69
2002.314  62
2002.341  44
2002.368  33
2002.396  22
2002.423  37
2002.451  40
2002.478  47
2002.505  70
2002.533  76
2002.560  77
2002.588  54
2002.615  32
2002.642  25
2002.670  16
2002.697  17
2002.725  11
2002.752  5
2002.779  4
2002.807  12
2002.834  15
2002.862  28
2002.889  23
2002.916  6
2002.944  23
2002.971  33
2002.999  35
2003.026  28
2003.053  44
2003.081  49
2003.108  44
2003.136  47
2003.163  52
2003.190  51
2003.218  51
2003.245  46
2003.273  44
2003.300  34
2003.327  54
2003.355  51
2003.382  59
2003.410  54
2003.437  56
2003.464  41
2003.492  44
2003.519  46
2003.547  51
2003.574  54
2003.601  52
2003.629  54
2003.656  55
2003.684  47
2003.711  51
2003.738  52
2003.766  57
2003.793  53
2003.821  54
2003.848  58
2003.875  56
2003.903  57
2003.930  71
2003.958  85
2003.985  96
2004.012  89
2004.040  94
2004.067  91
2004.094  99
2004.122  85
2004.149  85
2004.176  99
2004.204  99
2004.231  103
2004.258  95
2004.286  85
2004.313  82
2004.340  80
2004.367  82
2004.395  82
2004.422  71
2004.449  66
2004.477  53
2004.504  55
2004.531  45
2004.559  37
2004.586  24
2004.613  23
2004.641  23
2004.668  25
2004.695  25
2004.723  32
2004.750  35
2004.777  37
2004.805  35
2004.832  38
2004.859  39
2004.887  40
2004.914  41
2004.941  61
2004.969  66
2004.996  75
2005.023  96
2005.051  71
2005.078  72
2005.105  66
2005.133  80
2005.160  75
2005.188  84
2005.215  87
2005.242  83
2005.270  75
2005.297  64
2005.325  59
2005.352  55
2005.379  66
2005.407  56
2005.434  48
2005.462  40
2005.489  47
2005.516  52
2005.544  50
2005.571  43
2005.599  37
2005.626  33
2005.653  26
2005.681  32
2005.708  35
2005.736  30
2005.763  37
2005.790  39
2005.818  53
2005.845  39
2005.873  44
2005.900  60
2005.927  70
2005.955  73
2005.982  63
2006.010  91
2006.037  103
2006.064  117
2006.092  93
2006.119  74
2006.147  74
2006.174  62
2006.201  62
2006.229  56
2006.256  65
2006.284  55
2006.311  61
2006.338  63
2006.366  67
2006.393  51
2006.421  51
2006.448  50
2006.475  51
2006.503  53
2006.530  48
2006.558  46
2006.585  39
2006.612  37
2006.640  36
2006.667  34
2006.695  35
2006.722  28
2006.749  30
2006.777  41
2006.804  43
2006.832  41
2006.859  40
2006.886  52
2006.914  55
2006.941  60
2006.968  64
2006.996  75
2007.023  76
2007.051  77
2007.078  77
2007.105  83
2007.133  82
2007.160  89
2007.188  91
2007.215  91
2007.242  85
2007.270  78
2007.297  70
2007.325  70
2007.352  69
2007.379  64
2007.407  65
2007.434  60
2007.462  51
2007.489  47
2007.516  42
2007.544  44
2007.571  36
2007.599  31
2007.626  25
2007.653  24
2007.681  24
2007.708  25
2007.736  20
2007.763  22
2007.790  23
2007.818  34
2007.845  31
2007.873  35
2007.900  35
2007.927  44
2007.955  52
2007.982  63
2008.010  62
2008.037  62
2008.064  60
2008.092  73
2008.119  72
2008.146  76
2008.173  78
2008.201  78
2008.228  75
2008.255  81
2008.283  76
2008.310  72
2008.337  67
2008.365  67
2008.392  65
2008.419  58
2008.447  54
2008.474  51
2008.501  47
2008.529  44
2008.556  44
2008.583  45
2008.611  45
2008.638  42
2008.665  37
2008.693  30
2008.720  28
2008.747  31
2008.775  33
2008.802  34
2008.829  34
2008.857  42
2008.884  44
2008.911  48
2008.939  48
2008.966  68
2008.993  75
2009.021  76
2009.048  74
2009.075  72
2009.103  71
2009.130  73
2009.158  79
2009.185  80
2009.212  82
2009.240  81
2009.267  81
2009.295  79
2009.322  70
2009.349  60
2009.377  55
2009.404  56
2009.432  52
2009.459  45
2009.486  39
2009.514  39
2009.541  39
2009.568  35
2009.596  30
2009.623  29
2009.651  28
2009.678  29
2009.705  24
2009.733  27
2009.760  24
2009.788  35
2009.815  37
2009.842  41
2009.870  39
2009.897  41
2009.925  40
2009.952  47
2009.979  57
2010.007  60
2010.034  63
2010.062  64
2010.089  87
2010.116  80
2010.144  91
2010.171  65
2010.199  69
2010.226  68
2010.253  73
2010.281  58
2010.308  63
2010.336  67
2010.363  68
2010.390  55
2010.418  51
2010.445  47
2010.473  39
2010.500  39
2010.527  35
2010.555  32
2010.582  28
2010.610  25
2010.637  20
2010.664  15
2010.692  13
2010.719  18
2010.747  20
2010.774  22
2010.801  22
2010.829  18
2010.856  21
2010.884  26
2010.911  43
2010.938  51
2010.966  50
2010.993  49
2011.021  41
2011.048  46
2011.075  52
2011.103  58
2011.130  59
2011.158  63
2011.185  69
2011.212  48
2011.240  45
2011.267  47
2011.295  51
2011.322  51
2011.349  49
2011.377  47
2011.404  46
2011.432  45
2011.459  42
2011.486  33
2011.514  30
2011.541  29
2011.568  30
2011.596  28
2011.623  31
2011.651  29
2011.678  24
2011.705  23
2011.733  24
2011.760  27
2011.788  24
2011.815  26
2011.842  33
2011.870  36
2011.897  38
2011.925  41
2011.952  45
2011.979  49
2012.007  49
2012.034  50
2012.061  56
2012.089  66
2012.116  59
2012.143  55
2012.171  53
2012.198  60
2012.225  71
2012.253  68
2012.280  61
2012.307  49
2012.335  51
2012.362  47
2012.389  50
2012.417  42
2012.444  36
2012.471  33
2012.499  26
2012.526  23
2012.553  17
2012.581  16
2012.608  11
2012.635  10
2012.663  8
2012.690  8
2012.717  6
2012.745  9
2012.772  8
2012.799  3
2012.827  1
2012.854  2
2012.881  1
2012.908  15
2012.936  22
2012.963  25
2012.990  30
2013.018  31
2013.045  33
2013.073  33
2013.100  46
2013.127  38
2013.155  39
2013.182  30
2013.210  35
2013.237  25
2013.264  27
2013.292  28
2013.319  22
2013.347  16
2013.374  3
2013.401  -3
2013.429  -7
2013.456  -13
2013.484  -8
2013.511  -21
2013.538  -18
2013.566  -14
2013.593  -10
2013.621  -14
2013.648  -13
2013.675  -14
2013.703  -10
2013.730  -9
2013.758  -11
2013.785  -13
2013.812  -16
2013.840  -13
2013.867  -10
2013.895  -17
2013.922  -15
2013.949  -15
2013.977  -12
2014.004  -12
2014.032  -9
2014.059  -6
2014.086  -6
2014.114  -6
2014.141  -6
2014.168  -2
2014.196  -5
2014.223  -5
2014.251  -7
2014.278  -5
2014.305  -10
2014.333  -11
2014.360  -15
2014.388  -14
2014.415  -20
2014.442  -20
2014.470  -20
2014.497  -21
2014.525  -20
2014.552  -21
2014.579  -22
2014.607  -21
2014.634  -26
2014.662  -24
2014.689  -30
2014.716  -36
2014.744  -40
2014.771  -37
2014.799  -34
2014.826  -34
2014.853  -38
2014.881  -44
2014.908  -45
2014.936  -44
2014.963  -40
2014.990  -44
2015.018  -43
2015.045  -45
2015.073  -41
2015.100  -44
2015.127  -48
2015.155  -50
2015.182  -51
2015.210  -50
2015.237  -54
2015.264  -56
2015.292  -59
2015.319  -63
2015.347  -66
2015.374  -71
2015.401  -81
2015.429  -76
2015.456  -75
2015.484  -74
2015.511  -76
2015.538  -75
2015.566  -71
2015.593  -67
2015.621  -64
2015.648  -64
2015.675  -68
2015.703  -68
2015.730  -70
2015.758  -71
2015.785  -67
2015.812  -69
2015.840  -67
2015.867  -75
2015.895  -74
2015.922  -84
2015.949  -89
2015.977  -92
2016.004  -82
2016.031  -86
2016.059  -84
2016.086  -94
2016.113  -91
2016.141  -94
2016.168  -94
2016.195  -92
2016.223  -94
2016.250  -93
2016.277  -98
2016.305  -101
2016.332  -100
2016.359  -96
2016.387  -85
2016.414  -82
2016.441  -78
2016.469  -74
2016.496  -65
2016.523  -65
2016.551  -60
2016.578  -55
2016.605  -50
2016.633  -44
2016.660  -46
2016.687  -42
2016.714  -38
2016.742  -41
2016.769  -34
2016.796  -44
2016.824  -45
2016.851  -48
2016.878  -50
2016.906  -61
2016.933  -71
2016.960  -80
2016.988  -79
2017.015  -95
2017.042  -103
2017.070  -103
2017.097  -96
2017.125  -94
2017.152  -100
2017.179  -105
2017.207  -100
2017.234  -95
2017.262  -90
2017.289  -86
2017.316  -81
2017.344  -81
2017.371  -77
2017.399  -71
2017.426  -66
2017.453  -63
2017.481  -61
2017.508  -57
2017.536  -57
2017.563  -58
2017.590  -44
2017.618  -47
2017.645  -44
2017.673  -44
2017.700  -41
2017.727  -47
2017.755  -51
2017.782  -56
2017.810  -55
2017.837  -56
2017.864  -53
2017.892  -74
2017.919  -72
2017.947  -72
2017.974  -69
2018.001  -76
2018.029  -86
2018.056  -88
2018.084  -97
2018.111  -103
2018.138  -106
2018.166  -106
2018.193  -93
2018.221  -94
2018.248  -86
2018.275  -90
2018.303  -80
2018.330  -84
2018.358  -80
2018.385  -79
2018.412  -70
2018.440  -67
2018.467  -68
2018.495  -60
2018.522  -53
2018.549  -45
2018.577  -44
2018.604  -41
2018.632  -38
2018.659  -38
2018.686  -37
2018.714  -34
2018.741  -34
2018.768  -40
2018.796  -42
2018.823  -42
2018.851  -40
2018.878  -45
2018.905  -50
2018.933  -58
2018.960  -63
2018.988  -66
2019.015  -66
2019.042  -78
2019.070  -85
2019.097  -87
2019.125  -82
2019.152  -88
2019.179  -76
2019.207  -75
2019.234  -78
2019.262  -82
2019.289  -72
2019.316  -69
2019.344  -67
2019.371  -63
2019.399  -58
2019.426  -57
2019.453  -57
2019.481  -48
2019.508  -49
2019.536  -47
2019.563  -46
2019.590  -38
2019.618  -36
2019.645  -35
2019.673  -34
2019.700  -37
2019.727  -39
2019.755  -39
2019.782  -37
2019.810  -42
2019.837  -47
2019.864  -47
2019.892  -46
2019.919  -42
2019.947  -60
2019.974  -60
2020.001  -53
2020.083  -89
2020.111  -76
2020.138  -75
2020.165  -72
2020.193  -77
2020.220  -67
2020.247  -60
2020.275  -65
2020.302  -67
