Wilcox Solar Observatory data downloaded from HVO:
column 1 - Date in fraction of year. 
column 2 - Maximum extent in latitude reached by the computed heliospheric current sheet (HCS) i.e. Tilt Angle of the heliospheric current sheet. Values are provided for the average maximum extent of the HCS (line-of-sight model).

1977.599    19.400
1977.673    23.000
1977.747    21.800
1977.821    29.100
1977.897    36.800
1977.971    34.200
1978.045    53.200
1978.119    56.500
1978.196    54.100
1978.270    48.100
1978.344    51.100
1978.421    44.400
1978.495    46.000
1978.569    44.200
1978.643    62.900
1978.719    69.600
1978.793    63.700
1978.867    61.300
1978.941    65.800
1979.018    66.400
1979.092    74.400
1979.166    70.700
1979.243    74.800
1979.317    73.700
1979.391    75.000
1979.465    74.200
1979.541    74.400
1979.615    74.000
1979.689    72.400
1979.766    74.500
1979.840    67.300
1979.914    70.500
1979.988    74.500
1980.064    73.500
1980.138    74.900
1980.212    74.100
1980.286    71.400
1980.363    58.600
1980.436    50.700
1980.509    58.100
1980.586    68.400
1980.660    64.100
1980.734    64.700
1980.808    67.200
1980.884    66.500
1980.957    55.700
1981.032    60.300
1981.106    62.100
1981.183    58.400
1981.257    65.400
1981.330    63.100
1981.407    60.900
1981.481    68.100
1981.555    58.600
1981.629    56.300
1981.706    55.600
1981.780    49.900
1981.854    47.700
1981.930    47.600
1982.004    50.400
1982.078    44.500
1982.152    41.100
1982.229    50.900
1982.303    55.500
1982.377    57.200
1982.451    58.400
1982.528    60.100
1982.602    61.100
1982.676    61.300
1982.752    53.800
1982.826    47.600
1982.900    43.500
1982.974    48.100
1983.051    47.400
1983.125    45.400
1983.199    41.300
1983.273    46.600
1983.350    49.900
1983.424    42.500
1983.497    44.400
1983.574    42.500
1983.648    39.800
1983.722    38.200
1983.796    35.500
1983.873    36.600
1983.947    31.200
1984.021    32.800
1984.095    36.200
1984.171    41.200
1984.245    42.500
1984.319    40.300
1984.395    41.100
1984.468    42.100
1984.542    38.000
1984.616    38.900
1984.693    36.800
1984.767    34.100
1984.840    32.200
1984.916    27.600
1984.990    23.700
1985.064    19.700
1985.138    16.900
1985.215    16.800
1985.289    15.600
1985.363    16.300
1985.437    17.800
1985.514    18.900
1985.588    19.400
1985.662    17.500
1985.739    18.500
1985.812    18.600
1985.886    16.700
1985.960    17.000
1986.037    19.300
1986.111    17.900
1986.185    15.600
1986.259    14.300
1986.336    15.100
1986.410    14.200
1986.484    12.100
1986.560    11.600
1986.634    12.000
1986.708    11.400
1986.782    16.900
1986.859    10.000
1986.933    12.100
1987.007     9.000
1987.081     9.000
1987.158     8.400
1987.232     9.100
1987.306     9.100
1987.382    25.900
1987.456    19.900
1987.530    18.800
1987.604    23.200
1987.681    33.600
1987.755    22.400
1987.829    27.100
1987.906    23.100
1987.979    24.900
1988.053    27.200
1988.127    35.300
1988.204    44.000
1988.278    31.600
1988.352    44.100
1988.425    45.300
1988.501    42.600
1988.575    49.500
1988.649    56.500
1988.726    50.200
1988.800    48.300
1988.873    52.900
1988.947    58.900
1989.023    62.600
1989.097    71.500
1989.172    65.800
1989.246    67.800
1989.322    67.800
1989.396    69.900
1989.470    61.100
1989.547    74.400
1989.621    71.900
1989.695    59.000
1989.769    64.200
1989.845    66.900
1989.919    69.600
1989.993    70.200
1990.070    70.400
1990.144    74.500
1990.218    75.000
1990.292    70.200
1990.369    74.800
1990.443    72.400
1990.517    73.600
1990.591    65.100
1990.667    73.800
1990.741    74.800
1990.815    75.000
1990.892    68.700
1990.966    61.400
1991.040    63.800
1991.114    66.700
1991.191    63.700
1991.265    62.900
1991.339    60.800
1991.413    63.300
1991.489    65.200
1991.563    60.500
1991.637    58.800
1991.714    55.900
1991.788    54.600
1991.862    53.700
1991.936    49.700
1992.012    45.400
1992.086    41.700
1992.160    42.900
1992.234    44.400
1992.311    40.500
1992.384    23.900
1992.457    32.900
1992.534    39.500
1992.608    39.700
1992.682    30.400
1992.756    32.400
1992.833    33.400
1992.906    33.200
1992.979    35.400
1993.056    36.800
1993.130    33.600
1993.204    37.900
1993.279    34.700
1993.355    35.300
1993.429    36.400
1993.503    34.200
1993.577    34.800
1993.654    32.500
1993.728    30.300
1993.801    28.700
1993.878    31.900
1993.952    36.700
1994.026    38.400
1994.100    35.000
1994.177    35.900
1994.251    35.800
1994.325    34.700
1994.399    30.700
1994.476    26.100
1994.549    22.700
1994.623    23.000
1994.700    25.200
1994.774    24.100
1994.848    23.000
1994.922    23.200
1994.999    22.100
1995.073    21.000
1995.147    19.400
1995.224    25.900
1995.298    25.400
1995.371    24.000
1995.446    25.500
1995.522    22.100
1995.596    18.600
1995.670    20.200
1995.744    18.400
1995.821    17.100
1995.895    14.300
1995.968     9.700
1996.045     9.700
1996.119     8.900
1996.193    14.300
1996.267    14.200
1996.343    11.600
1996.416    13.100
1996.490    18.400
1996.564    20.200
1996.641    24.900
1996.715    25.500
1996.789    19.700
1996.865    15.700
1996.938    24.700
1997.012    25.600
1997.086    16.900
1997.163    12.600
1997.237    15.700
1997.311    13.500
1997.385    12.600
1997.462    13.500
1997.536    19.800
1997.610    34.600
1997.687    33.700
1997.760    21.000
1997.834    12.900
1997.908    26.600
1997.985    25.500
1998.059    36.500
1998.133    29.300
1998.210    51.900
1998.284    52.600
1998.358    39.700
1998.432    46.700
1998.508    49.100
1998.582    41.500
1998.656    46.700
1998.730    39.700
1998.807    41.100
1998.881    62.500
1998.955    64.500
1999.032    62.800
1999.106    66.700
1999.180    61.700
1999.254    61.200
1999.330    70.800
1999.404    68.800
1999.478    74.900
1999.552    74.000
1999.629    72.700
1999.703    69.900
1999.777    73.000
1999.854    74.700
1999.927    74.700
2000.001    74.500
2000.075    73.000
2000.152    73.000
2000.226    69.200
2000.300    74.500
2000.373    70.800
2000.449    71.900
2000.523    67.400
2000.597    63.600
2000.674    67.600
2000.748    63.200
2000.822    61.500
2000.895    66.300
2000.971    58.300
2001.045    47.800
2001.119    51.900
2001.196    40.000
2001.270    56.100
2001.344    67.900
2001.418    61.000
2001.495    63.300
2001.569    59.800
2001.643    52.000
2001.717    44.700
2001.793    47.300
2001.867    57.100
2001.941    61.300
2002.018    56.000
2002.092    62.200
2002.166    59.000
2002.240    58.000
2002.317    56.400
2002.391    55.000
2002.465    57.300
2002.538    56.200
2002.615    48.900
2002.689    61.800
2002.763    58.100
2002.840    53.600
2002.914    58.900
2002.988    60.400
2003.062    62.300
2003.138    55.700
2003.213    51.900
2003.287    52.900
2003.363    57.900
2003.437    58.200
2003.511    61.000
2003.585    58.600
2003.662    56.700
2003.736    53.600
2003.810    62.800
2003.884    56.900
2003.960    59.300
2004.034    61.900
2004.108    54.200
2004.185    50.300
2004.259    53.400
2004.332    51.700
2004.406    48.500
2004.482    48.700
2004.556    47.400
2004.630    40.000
2004.704    40.900
2004.781    37.600
2004.854    48.500
2004.927    52.200
2005.004    46.500
2005.078    45.800
2005.152    46.300
2005.226    44.300
2005.303    42.200
2005.377    38.900
2005.451    38.400
2005.525    38.600
2005.602    34.500
2005.676    42.100
2005.749    41.600
2005.826    40.800
2005.900    43.800
2005.974    37.800
2006.048    28.900
2006.125    37.400
2006.199    34.200
2006.273    40.800
2006.350    35.900
2006.424    34.700
2006.497    34.000
2006.571    36.300
2006.648    35.800
2006.722    27.600
2006.796    28.300
2006.870    30.700
2006.947    33.200
2007.021    32.700
2007.095    32.200
2007.172    29.400
2007.246    33.400
2007.320    31.700
2007.393    33.500
2007.470    32.000
2007.544    30.300
2007.618    31.400
2007.692    29.800
2007.769    29.100
2007.843    30.400
2007.916    30.700
2007.993    32.700
2008.067    35.500
2008.141    35.100
2008.215    35.700
2008.291    35.600
2008.365    34.600
2008.438    34.200
2008.512    30.000
2008.589    30.000
2008.663    31.900
2008.737    26.100
2008.813    24.400
2008.886    27.600
2008.960    22.100
2009.034    21.700
2009.111    24.100
2009.185    23.100
2009.259    20.200
2009.336    16.400
2009.410    21.200
2009.484    21.300
2009.558    20.500
2009.634    12.800
2009.708    12.000
2009.782    10.100
2009.856    23.100
2009.933    33.500
2010.007    47.000
2010.081    43.800
2010.158    42.100
2010.232    41.500
2010.306    36.300
2010.380    37.200
2010.456    27.900
2010.530    45.600
2010.604    41.200
2010.678    49.600
2010.755    43.500
2010.829    40.400
2010.903    48.800
2010.979    48.200
2011.053    53.600
2011.127    56.100
2011.202    65.200
2011.279    69.900
2011.352    63.700
2011.426    63.500
2011.503    64.500
2011.577    67.100
2011.651    66.700
2011.725    71.100
2011.801    69.600
2011.875    66.900
2011.949    68.800
2012.023    67.100
2012.100    70.000
2012.174    60.400
2012.248    58.000
2012.324    68.000
2012.398    74.300
2012.471    74.600
2012.545    73.900
2012.622    73.100
2012.696    71.600
2012.770    73.400
2012.843    71.500
2012.919    61.900
2012.993    73.100
2013.067    71.500
2013.144    64.800
2013.218    73.600
2013.292    70.100
2013.366    68.900
2013.443    71.700
2013.517    73.000
2013.591    68.300
2013.665    68.300
2013.741    70.400
2013.815    67.200
2013.889    66.900
2013.966    66.500
2014.040    64.400
2014.114    68.700
2014.188    60.500
2014.265    62.700
2014.339    56.700
2014.413    48.800
2014.489    48.100
2014.563    58.800
2014.637    60.000
2014.711    69.100
2014.788    72.500
2014.862    52.500
2014.936    53.800
2015.010    55.200
2015.086    50.600
2015.160    49.200
2015.235    44.600
2015.311    43.300
2015.385    51.400
2015.459    52.700
2015.533    47.400
2015.610    49.800
2015.684    48.700
2015.758    50.400
2015.832    51.400
2015.908    50.600
2015.982    50.300
2016.056    51.200
2016.133    47.500
2016.206    47.900
2016.281    43.500
2016.354    42.600
2016.430    42.500
2016.504    39.400
2016.578    40.500
2016.655    39.100
2016.729    41.800
2016.802    43.400
2016.875    41.700
2016.952    39.200
2017.026    40.600
2017.100    35.300
2017.174    31.000
2017.251    28.900
2017.325    31.400
2017.399    31.200
2017.476    32.000
2017.549    27.300
2017.623    20.400
2017.698    28.500
2017.774    30.600
2017.848    29.200
2017.922    29.100
2017.996    25.600
2018.073    26.700
2018.147    24.100
2018.221    20.000
2018.298    18.700
2018.371    16.500
2018.446    17.700
2018.519    25.300
2018.596    23.100
2018.670    23.800
2018.744    26.300
2018.818    25.400
2018.895    21.100
2018.968    22.500
2019.042    21.200
2019.119    16.100
2019.194    19.300
2019.268    20.700
2019.341    25.100
2019.418    20.900
2019.492    19.800
2019.566    18.600
2019.643    17.500
2019.717    16.800
2019.790    15.300
2019.865    14.600
2019.941    13.600
2020.015    10.800
2020.089     9.100
2020.163     7.500
2020.239     8.800
2020.313     6.100
2020.387    15.200
2020.463    15.200
