1976.415  111
1976.441  109
1976.468  108
1976.496  106
1976.523  105
1976.55  104
1976.578  103
1976.605  102
1976.633  100
1976.66  99
1976.688  98
1976.715  97
1976.742  97
1976.77  96
1976.797  95
1976.824  94
1976.851  93
1976.878  93
1976.906  92
1976.933  91
1976.96  91
1976.988  90
1977.015  90
1977.042  89
1977.07  89
1977.097  89
1977.125  88
1977.152  88
1977.18  88
1977.207  87
1977.235  87
1977.262  87
1977.289  87
1977.317  87
1977.344  86
1977.371  86
1977.399  86
1977.426  86
1977.454  86
1977.481  86
1977.508  86
1977.536  86
1977.563  86
1977.591  86
1977.618  86
1977.645  86
1977.673  86
1977.7  87
1977.728  87
1977.755  87
1977.782  87
1977.81  87
1977.837  88
1977.865  88
1977.892  88
1977.919  88
1977.947  89
1977.974  89
1978.001  89
1978.029  89
1978.056  89
1978.084  89
1978.111  89
1978.138  89
1978.166  89
1978.194  89
1978.221  89
1978.248  88
1978.276  88
1978.303  88
1978.33  87
1978.358  86
1978.385  86
1978.413  85
1978.44  84
1978.467  84
1978.495  83
1978.522  82
1978.549  81
1978.577  80
1978.604  79
1978.632  78
1978.659  77
1978.687  76
1978.714  75
1978.741  74
1978.769  73
1978.796  72
1978.823  70
1978.851  69
1978.878  68
1978.906  67
1978.933  66
1978.96  65
1978.988  64
1979.015  63
1979.042  62
1979.07  60
1979.097  59
1979.125  58
1979.152  57
1979.18  55
1979.207  54
1979.235  53
1979.262  52
1979.289  50
1979.317  49
1979.344  47
1979.371  46
1979.399  44
1979.426  43
1979.454  41
1979.481  40
1979.508  38
1979.536  36
1979.563  34
1979.591  32
1979.618  30
1979.645  28
1979.673  26
1979.7  23
1979.728  21
1979.755  19
1979.782  16
1979.81  13
1979.837  10
1979.865  8
1979.892  5
1979.919  2
1979.947  -1
1979.974  -4
1980.001  -8
1980.029  -11
1980.056  -14
1980.084  -17
1980.111  -20
1980.138  -23
1980.165  -26
1980.193  -29
1980.22  -32
1980.248  -35
1980.275  -37
1980.302  -40
1980.33  -42
1980.357  -44
1980.384  -46
1980.412  -48
1980.438  -50
1980.466  -51
1980.493  -52
1980.52  -54
1980.548  -54
1980.575  -55
1980.603  -56
1980.63  -56
1980.657  -56
1980.685  -56
1980.712  -56
1980.74  -56
1980.767  -56
1980.794  -55
1980.822  -54
1980.848  -54
1980.875  -53
1980.903  -52
1980.93  -51
1980.957  -50
1980.985  -50
1981.012  -49
1981.04  -48
1981.067  -47
1981.095  -46
1981.122  -45
1981.149  -45
1981.177  -44
1981.204  -43
1981.232  -43
1981.259  -42
1981.287  -42
1981.314  -42
1981.341  -41
1981.369  -41
1981.396  -41
1981.424  -41
1981.451  -41
1981.478  -41
1981.506  -41
1981.533  -42
1981.56  -42
1981.588  -42
1981.615  -43
1981.643  -44
1981.67  -44
1981.698  -45
1981.725  -46
1981.752  -47
1981.78  -47
1981.807  -49
1981.834  -50
1981.862  -51
1981.889  -52
1981.916  -53
1981.944  -55
1981.971  -56
1981.999  -57
1982.026  -59
1982.053  -60
1982.081  -62
1982.108  -63
1982.136  -64
1982.163  -66
1982.191  -67
1982.218  -68
1982.246  -70
1982.273  -71
1982.3  -72
1982.328  -73
1982.355  -74
1982.382  -75
1982.41  -76
1982.437  -77
1982.465  -78
1982.492  -79
1982.519  -79
1982.547  -80
1982.574  -80
1982.602  -81
1982.629  -82
1982.656  -82
1982.684  -83
1982.711  -83
1982.739  -83
1982.766  -84
1982.793  -84
1982.821  -85
1982.848  -85
1982.875  -86
1982.903  -87
1982.93  -87
1982.957  -88
1982.985  -88
1983.012  -89
1983.04  -90
1983.067  -90
1983.095  -91
1983.122  -92
1983.149  -92
1983.177  -93
1983.204  -94
1983.232  -94
1983.259  -95
1983.287  -96
1983.314  -96
1983.341  -97
1983.369  -98
1983.396  -98
1983.424  -99
1983.451  -100
1983.478  -100
1983.506  -101
1983.533  -102
1983.56  -102
1983.588  -103
1983.615  -103
1983.643  -104
1983.67  -104
1983.698  -105
1983.725  -105
1983.752  -106
1983.78  -106
1983.807  -107
1983.834  -107
1983.862  -108
1983.889  -108
1983.916  -108
1983.944  -109
1983.971  -109
1983.999  -109
1984.026  -110
1984.053  -110
1984.081  -110
1984.108  -110
1984.136  -110
1984.163  -110
1984.19  -110
1984.217  -111
1984.245  -111
1984.272  -111
1984.3  -111
1984.327  -110
1984.354  -110
1984.382  -110
1984.409  -110
1984.436  -110
1984.463  -110
1984.49  -110
1984.518  -110
1984.545  -110
1984.572  -110
1984.6  -110
1984.627  -110
1984.655  -110
1984.682  -110
1984.709  -110
1984.737  -110
1984.764  -110
1984.791  -110
1984.819  -110
1984.845  -110
1984.873  -111
1984.9  -111
1984.927  -111
1984.955  -111
1984.982  -111
1985.01  -111
1985.037  -112
1985.064  -112
1985.092  -112
1985.119  -112
1985.147  -112
1985.174  -112
1985.202  -112
1985.229  -112
1985.257  -112
1985.284  -112
1985.311  -112
1985.339  -112
1985.366  -112
1985.393  -112
1985.421  -112
1985.448  -112
1985.476  -112
1985.503  -112
1985.53  -112
1985.558  -112
1985.585  -112
1985.613  -112
1985.64  -112
1985.667  -112
1985.695  -112
1985.722  -112
1985.749  -112
1985.777  -112
1985.804  -113
1985.832  -113
1985.859  -113
1985.886  -113
1985.914  -113
1985.941  -113
1985.968  -113
1985.996  -113
1986.023  -113
1986.051  -114
1986.078  -114
1986.106  -114
1986.133  -114
1986.16  -114
1986.188  -114
1986.215  -114
1986.243  -114
1986.27  -114
1986.298  -114
1986.325  -114
1986.352  -114
1986.38  -114
1986.407  -114
1986.435  -114
1986.462  -114
1986.489  -114
1986.517  -114
1986.544  -114
1986.571  -114
1986.599  -114
1986.626  -114
1986.654  -114
1986.681  -114
1986.708  -114
1986.736  -115
1986.763  -115
1986.79  -115
1986.818  -115
1986.845  -116
1986.873  -116
1986.9  -116
1986.927  -116
1986.955  -117
1986.982  -117
1987.01  -117
1987.037  -117
1987.064  -117
1987.092  -117
1987.119  -117
1987.147  -117
1987.174  -117
1987.202  -117
1987.229  -117
1987.257  -117
1987.284  -117
1987.311  -117
1987.339  -116
1987.366  -116
1987.393  -116
1987.421  -115
1987.448  -115
1987.476  -114
1987.503  -114
1987.53  -114
1987.558  -113
1987.585  -113
1987.613  -113
1987.64  -112
1987.667  -112
1987.695  -112
1987.722  -111
1987.749  -111
1987.777  -111
1987.804  -110
1987.832  -110
1987.859  -110
1987.886  -109
1987.914  -109
1987.941  -109
1987.968  -108
1987.996  -108
1988.023  -107
1988.051  -107
1988.078  -106
1988.106  -105
1988.133  -104
1988.16  -103
1988.187  -103
1988.215  -101
1988.242  -100
1988.27  -99
1988.297  -98
1988.324  -97
1988.352  -95
1988.379  -94
1988.406  -92
1988.433  -90
1988.46  -89
1988.488  -87
1988.515  -85
1988.542  -83
1988.57  -81
1988.597  -79
1988.624  -77
1988.652  -75
1988.679  -73
1988.707  -71
1988.734  -69
1988.761  -67
1988.789  -65
1988.816  -63
1988.843  -61
1988.87  -59
1988.897  -57
1988.925  -55
1988.952  -53
1988.979  -51
1989.007  -50
1989.034  -48
1989.062  -46
1989.089  -44
1989.117  -43
1989.144  -41
1989.172  -40
1989.199  -38
1989.226  -37
1989.254  -35
1989.281  -34
1989.309  -33
1989.336  -32
1989.363  -30
1989.391  -29
1989.418  -28
1989.446  -27
1989.473  -26
1989.5  -25
1989.528  -24
1989.555  -23
1989.582  -22
1989.61  -21
1989.637  -20
1989.665  -19
1989.692  -18
1989.719  -17
1989.747  -16
1989.774  -15
1989.801  -13
1989.829  -12
1989.856  -11
1989.884  -9
1989.911  -8
1989.938  -6
1989.966  -5
1989.993  -3
1990.021  -1
1990.048  0
1990.075  2
1990.103  4
1990.13  6
1990.158  8
1990.185  10
1990.213  11
1990.24  13
1990.268  15
1990.295  17
1990.322  19
1990.35  20
1990.377  22
1990.404  24
1990.432  25
1990.459  26
1990.487  28
1990.514  29
1990.541  30
1990.569  31
1990.596  32
1990.623  33
1990.651  34
1990.678  35
1990.706  36
1990.733  37
1990.76  37
1990.788  38
1990.815  39
1990.843  39
1990.87  40
1990.897  40
1990.925  41
1990.952  41
1990.979  42
1991.007  43
1991.034  43
1991.062  44
1991.089  45
1991.117  46
1991.144  47
1991.172  48
1991.199  49
1991.226  50
1991.254  51
1991.281  52
1991.309  53
1991.336  54
1991.363  56
1991.391  57
1991.418  58
1991.446  60
1991.473  61
1991.5  62
1991.528  64
1991.555  65
1991.582  67
1991.61  68
1991.637  70
1991.665  71
1991.692  73
1991.719  74
1991.747  76
1991.774  77
1991.801  79
1991.829  80
1991.856  82
1991.884  83
1991.911  85
1991.938  86
1991.966  87
1991.993  89
1992.021  90
1992.048  91
1992.075  92
1992.103  93
1992.13  94
1992.158  95
1992.185  96
1992.212  96
1992.239  97
1992.267  97
1992.294  98
1992.322  98
1992.349  98
1992.376  98
1992.404  98
1992.43  98
1992.457  97
1992.485  97
1992.512  97
1992.539  96
1992.567  96
1992.594  95
1992.622  94
1992.649  93
1992.677  93
1992.704  92
1992.731  91
1992.759  90
1992.786  89
1992.813  88
1992.84  87
1992.867  86
1992.895  85
1992.922  85
1992.949  84
1992.977  83
1993.004  82
1993.032  81
1993.059  81
1993.086  80
1993.114  79
1993.141  79
1993.169  78
1993.196  78
1993.224  77
1993.251  77
1993.279  76
1993.306  76
1993.333  76
1993.361  75
1993.388  75
1993.415  75
1993.443  75
1993.47  75
1993.497  74
1993.525  74
1993.552  74
1993.58  74
1993.607  74
1993.634  74
1993.662  75
1993.689  75
1993.717  75
1993.744  75
1993.771  75
1993.799  76
1993.826  76
1993.854  76
1993.881  76
1993.908  77
1993.936  77
1993.963  77
1993.99  78
1994.018  78
1994.045  78
1994.073  79
1994.1  79
1994.127  79
1994.155  80
1994.183  80
1994.21  80
1994.237  80
1994.265  81
1994.292  81
1994.32  81
1994.347  81
1994.374  82
1994.402  82
1994.429  82
1994.456  82
1994.484  82
1994.511  83
1994.538  83
1994.566  83
1994.593  84
1994.621  84
1994.648  84
1994.676  84
1994.703  85
1994.73  85
1994.758  86
1994.785  86
1994.812  86
1994.84  87
1994.867  87
1994.895  88
1994.922  88
1994.949  88
1994.977  89
1995.004  89
1995.032  90
1995.059  90
1995.086  90
1995.114  91
1995.141  91
1995.169  91
1995.196  92
1995.224  92
1995.251  92
1995.279  92
1995.306  93
1995.333  93
1995.361  93
1995.388  93
1995.415  94
1995.443  94
1995.47  94
1995.497  94
1995.525  94
1995.552  95
1995.58  95
1995.607  95
1995.634  95
1995.662  96
1995.689  96
1995.717  96
1995.744  96
1995.771  97
1995.799  97
1995.826  97
1995.854  98
1995.881  98
1995.908  98
1995.936  99
1995.963  99
1995.99  99
1996.018  99
1996.045  100
1996.073  100
1996.1  100
1996.127  100
1996.155  100
1996.182  100
1996.209  101
1996.237  101
1996.264  101
1996.291  101
1996.319  101
1996.346  101
1996.373  101
1996.401  101
1996.427  101
1996.455  101
1996.482  101
1996.509  101
1996.537  100
1996.564  100
1996.592  100
1996.619  100
1996.646  100
1996.674  100
1996.701  100
1996.729  100
1996.756  100
1996.783  100
1996.811  100
1996.837  100
1996.865  100
1996.892  100
1996.919  100
1996.947  100
1996.974  100
1997.001  100
1997.029  100
1997.056  100
1997.084  100
1997.111  100
1997.138  100
1997.166  99
1997.194  99
1997.221  99
1997.248  99
1997.276  99
1997.303  98
1997.33  98
1997.358  98
1997.385  97
1997.413  97
1997.44  97
1997.467  97
1997.495  96
1997.522  96
1997.549  96
1997.577  96
1997.604  95
1997.632  95
1997.659  95
1997.687  95
1997.714  95
1997.741  95
1997.769  95
1997.796  95
1997.823  95
1997.851  95
1997.878  95
1997.906  95
1997.933  95
1997.96  95
1997.988  95
1998.015  95
1998.042  95
1998.07  95
1998.097  95
1998.125  95
1998.152  95
1998.18  95
1998.207  95
1998.235  95
1998.262  95
1998.289  94
1998.317  94
1998.344  94
1998.371  94
1998.399  93
1998.426  93
1998.454  93
1998.481  92
1998.508  92
1998.536  91
1998.563  91
1998.591  90
1998.618  89
1998.645  89
1998.673  88
1998.7  87
1998.728  86
1998.755  86
1998.782  85
1998.81  84
1998.837  83
1998.865  82
1998.892  80
1998.919  79
1998.947  78
1998.974  77
1999.001  75
1999.029  74
1999.056  72
1999.084  71
1999.111  69
1999.138  67
1999.166  65
1999.194  64
1999.221  62
1999.248  60
1999.276  58
1999.303  56
1999.33  54
1999.358  52
1999.385  50
1999.413  48
1999.44  46
1999.467  44
1999.495  42
1999.522  40
1999.549  38
1999.577  36
1999.604  35
1999.632  33
1999.659  31
1999.687  30
1999.714  28
1999.741  27
1999.769  25
1999.796  24
1999.823  23
1999.851  22
1999.878  20
1999.906  19
1999.933  18
1999.96  17
1999.988  16
2000.015  15
2000.042  14
2000.07  13
2000.097  12
2000.125  11
2000.152  10
2000.179  9
2000.206  8
2000.234  7
2000.261  6
2000.289  5
2000.316  3
2000.343  2
2000.371  1
2000.398  -1
2000.425  -2
2000.452  -4
2000.479  -6
2000.507  -7
2000.534  -9
2000.561  -11
2000.589  -13
2000.616  -15
2000.644  -17
2000.671  -19
2000.699  -21
2000.726  -23
2000.753  -25
2000.781  -28
2000.808  -30
2000.834  -32
2000.862  -34
2000.889  -36
2000.916  -39
2000.944  -41
2000.971  -43
2000.999  -45
2001.026  -47
2001.053  -49
2001.081  -50
2001.108  -52
2001.136  -53
2001.163  -55
2001.191  -56
2001.218  -57
2001.246  -58
2001.273  -58
2001.3  -59
2001.328  -59
2001.355  -59
2001.382  -59
2001.41  -59
2001.437  -59
2001.465  -58
2001.492  -58
2001.519  -57
2001.547  -56
2001.574  -55
2001.602  -54
2001.629  -53
2001.656  -51
2001.684  -50
2001.711  -49
2001.739  -48
2001.766  -46
2001.793  -45
2001.821  -44
2001.848  -43
2001.875  -42
2001.903  -41
2001.93  -40
2001.957  -39
2001.985  -39
2002.012  -38
2002.04  -38
2002.067  -37
2002.095  -37
2002.122  -37
2002.149  -37
2002.177  -37
2002.204  -37
2002.232  -38
2002.259  -38
2002.287  -39
2002.314  -40
2002.341  -40
2002.369  -41
2002.396  -42
2002.424  -43
2002.451  -43
2002.478  -44
2002.506  -45
2002.533  -46
2002.56  -47
2002.588  -48
2002.615  -49
2002.643  -50
2002.67  -51
2002.698  -51
2002.725  -52
2002.752  -53
2002.78  -54
2002.807  -55
2002.834  -55
2002.862  -56
2002.889  -57
2002.916  -57
2002.944  -58
2002.971  -58
2002.999  -59
2003.026  -59
2003.053  -60
2003.081  -60
2003.108  -61
2003.136  -61
2003.163  -61
2003.191  -62
2003.218  -62
2003.246  -62
2003.273  -62
2003.3  -62
2003.328  -62
2003.355  -62
2003.382  -62
2003.41  -62
2003.437  -62
2003.465  -62
2003.492  -62
2003.519  -61
2003.547  -61
2003.574  -61
2003.602  -61
2003.629  -60
2003.656  -60
2003.684  -60
2003.711  -60
2003.739  -59
2003.766  -59
2003.793  -59
2003.821  -59
2003.848  -58
2003.875  -58
2003.903  -58
2003.93  -58
2003.957  -57
2003.985  -57
2004.012  -57
2004.04  -57
2004.067  -57
2004.095  -57
2004.122  -57
2004.149  -57
2004.176  -57
2004.204  -57
2004.231  -57
2004.259  -56
2004.286  -56
2004.313  -56
2004.341  -56
2004.368  -56
2004.395  -56
2004.422  -56
2004.449  -56
2004.477  -56
2004.504  -57
2004.531  -57
2004.559  -57
2004.586  -56
2004.614  -56
2004.641  -56
2004.668  -56
2004.696  -56
2004.723  -56
2004.75  -56
2004.778  -56
2004.805  -56
2004.833  -56
2004.859  -56
2004.886  -56
2004.914  -55
2004.941  -55
2004.968  -55
2004.996  -55
2005.023  -54
2005.051  -54
2005.078  -54
2005.106  -53
2005.133  -53
2005.16  -53
2005.188  -52
2005.215  -52
2005.243  -51
2005.27  -51
2005.298  -50
2005.325  -50
2005.352  -49
2005.38  -49
2005.407  -49
2005.435  -48
2005.462  -48
2005.489  -47
2005.517  -47
2005.544  -47
2005.571  -47
2005.599  -46
2005.626  -46
2005.654  -46
2005.681  -46
2005.708  -46
2005.736  -47
2005.763  -47
2005.79  -47
2005.818  -47
2005.845  -48
2005.873  -48
2005.9  -49
2005.927  -49
2005.955  -50
2005.982  -50
2006.01  -51
2006.037  -52
2006.064  -52
2006.092  -53
2006.119  -53
2006.147  -54
2006.174  -55
2006.202  -55
2006.229  -56
2006.257  -56
2006.284  -57
2006.311  -58
2006.339  -58
2006.366  -59
2006.393  -59
2006.421  -60
2006.448  -60
2006.476  -60
2006.503  -61
2006.53  -61
2006.558  -62
2006.585  -62
2006.613  -62
2006.64  -62
2006.667  -63
2006.695  -63
2006.722  -63
2006.749  -63
2006.777  -63
2006.804  -64
2006.832  -64
2006.859  -64
2006.886  -64
2006.914  -64
2006.941  -64
2006.968  -64
2006.996  -64
2007.023  -64
2007.051  -64
2007.078  -64
2007.106  -63
2007.133  -63
2007.16  -63
2007.188  -63
2007.215  -62
2007.243  -62
2007.27  -62
2007.298  -62
2007.325  -61
2007.352  -61
2007.38  -60
2007.407  -60
2007.435  -60
2007.462  -59
2007.489  -59
2007.517  -59
2007.544  -58
2007.571  -58
2007.599  -58
2007.626  -58
2007.654  -57
2007.681  -57
2007.708  -57
2007.736  -57
2007.763  -57
2007.79  -56
2007.818  -56
2007.845  -56
2007.873  -56
2007.9  -56
2007.927  -56
2007.955  -56
2007.982  -56
2008.01  -56
2008.037  -56
2008.064  -56
2008.092  -56
2008.119  -56
2008.147  -56
2008.174  -56
2008.201  -56
2008.228  -56
2008.256  -56
2008.283  -55
2008.311  -55
2008.338  -55
2008.365  -55
2008.393  -55
2008.419  -55
2008.447  -55
2008.474  -55
2008.501  -54
2008.529  -54
2008.556  -54
2008.583  -54
2008.611  -54
2008.638  -53
2008.666  -53
2008.693  -53
2008.72  -53
2008.748  -53
2008.775  -52
2008.802  -52
2008.83  -52
2008.856  -52
2008.884  -52
2008.911  -51
2008.938  -51
2008.966  -51
2008.993  -51
2009.021  -50
2009.048  -50
2009.075  -50
2009.103  -49
2009.13  -49
2009.158  -49
2009.185  -49
2009.213  -48
2009.24  -48
2009.268  -48
2009.295  -47
2009.322  -47
2009.35  -47
2009.377  -47
2009.404  -46
2009.432  -46
2009.459  -46
2009.487  -46
2009.514  -45
2009.541  -45
2009.569  -45
2009.596  -45
2009.623  -45
2009.651  -45
2009.678  -45
2009.706  -45
2009.733  -45
2009.76  -45
2009.788  -45
2009.815  -45
2009.843  -45
2009.87  -45
2009.897  -45
2009.925  -46
2009.952  -46
2009.979  -46
2010.007  -46
2010.034  -45
2010.062  -45
2010.089  -45
2010.117  -45
2010.144  -45
2010.172  -45
2010.199  -44
2010.226  -44
2010.254  -44
2010.281  -43
2010.309  -43
2010.336  -42
2010.363  -42
2010.391  -41
2010.418  -40
2010.446  -40
2010.473  -39
2010.5  -38
2010.528  -37
2010.555  -36
2010.582  -36
2010.61  -35
2010.637  -34
2010.665  -33
2010.692  -32
2010.719  -31
2010.747  -30
2010.774  -29
2010.801  -29
2010.829  -28
2010.856  -27
2010.884  -26
2010.911  -25
2010.938  -25
2010.966  -24
2010.993  -23
2011.021  -22
2011.048  -22
2011.075  -21
2011.103  -20
2011.13  -20
2011.158  -19
2011.185  -19
2011.213  -18
2011.24  -18
2011.268  -17
2011.295  -17
2011.322  -16
2011.35  -16
2011.377  -16
2011.404  -16
2011.432  -15
2011.459  -15
2011.487  -15
2011.514  -15
2011.541  -14
2011.569  -14
2011.596  -14
2011.623  -14
2011.651  -14
2011.678  -14
2011.706  -14
2011.733  -14
2011.76  -13
2011.788  -13
2011.815  -13
2011.843  -13
2011.87  -12
2011.897  -12
2011.925  -12
2011.952  -11
2011.979  -11
2012.007  -11
2012.034  -10
2012.062  -10
2012.089  -9
2012.117  -8
2012.144  -8
2012.171  -7
2012.198  -6
2012.226  -6
2012.253  -5
2012.281  -4
2012.308  -4
2012.335  -3
2012.363  -2
2012.39  -1
2012.416  -1
2012.444  0
2012.471  1
2012.498  1
2012.526  2
2012.553  3
2012.581  4
2012.608  4
2012.635  5
2012.663  5
2012.69  6
2012.718  6
2012.745  7
2012.772  7
2012.8  8
2012.827  8
2012.854  9
2012.881  9
2012.908  9
2012.936  10
2012.963  10
2012.99  10
2013.018  11
2013.045  11
2013.073  11
2013.1  11
2013.127  12
2013.155  12
2013.183  12
2013.21  12
2013.237  12
2013.265  12
2013.292  12
2013.32  12
2013.347  12
2013.374  12
2013.402  12
2013.429  12
2013.456  12
2013.484  11
2013.511  11
2013.538  11
2013.566  10
2013.593  10
2013.621  10
2013.648  9
2013.676  9
2013.703  8
2013.73  8
2013.758  7
2013.785  6
2013.812  6
2013.84  5
2013.867  5
2013.895  4
2013.922  3
2013.949  3
2013.977  2
2014.004  2
2014.032  1
2014.059  1
2014.086  0
2014.114  -0
2014.141  -1
2014.169  -1
2014.196  -1
2014.224  -1
2014.251  -2
2014.279  -2
2014.306  -2
2014.333  -2
2014.361  -2
2014.388  -2
2014.415  -2
2014.443  -2
2014.47  -2
2014.497  -1
2014.525  -1
2014.552  -1
2014.58  -1
2014.607  -1
2014.634  -0
2014.662  0
2014.689  1
2014.717  1
2014.744  1
2014.771  2
2014.799  2
2014.826  3
2014.854  3
2014.881  4
2014.908  4
2014.936  5
2014.963  5
2014.99  6
2015.018  6
2015.045  7
2015.073  7
2015.1  8
2015.127  8
2015.155  9
2015.183  9
2015.21  10
2015.237  10
2015.265  10
2015.292  11
2015.32  11
2015.347  12
2015.374  12
2015.402  13
2015.429  13
2015.456  13
2015.484  14
2015.511  14
2015.538  15
2015.566  15
2015.593  15
2015.621  16
2015.648  16
2015.676  17
2015.703  17
2015.73  18
2015.758  18
2015.785  19
2015.812  19
2015.84  20
2015.867  20
2015.895  21
2015.922  21
2015.949  22
2015.977  22
2016.004  23
2016.032  23
2016.059  24
2016.086  24
2016.114  25
2016.141  25
2016.168  26
2016.196  26
2016.223  27
2016.25  27
2016.278  28
2016.305  28
2016.332  29
2016.36  29
2016.387  30
2016.415  30
2016.441  31
2016.468  31
2016.496  31
2016.523  32
2016.55  32
2016.578  33
2016.605  33
2016.633  34
2016.66  34
2016.688  35
2016.715  35
2016.742  36
2016.77  37
2016.797  37
2016.824  38
2016.851  38
2016.878  39
2016.906  40
2016.933  40
2016.96  41
2016.988  42
2017.015  42
2017.042  43
2017.07  44
2017.097  45
2017.125  45
2017.152  46
2017.18  47
2017.207  47
2017.235  48
2017.262  49
2017.289  49
2017.317  50
2017.344  50
2017.371  51
2017.399  51
2017.426  52
2017.454  52
2017.481  53
2017.508  53
2017.536  53
2017.563  54
2017.591  54
2017.618  54
2017.645  55
2017.673  55
2017.7  55
2017.728  56
2017.755  56
2017.782  56
2017.81  56
2017.837  57
2017.865  57
2017.892  57
2017.919  57
2017.947  57
2017.974  58
2018.001  58
2018.029  58
2018.056  58
2018.084  59
2018.111  59
2018.138  59
2018.166  59
2018.194  60
2018.221  60
2018.248  60
2018.276  60
2018.303  60
2018.33  61
2018.358  61
2018.385  61
2018.413  61
2018.44  61
2018.467  62
2018.495  62
2018.522  62
2018.549  62
2018.577  62
2018.604  63
2018.632  63
2018.659  63
2018.687  63
2018.714  64
2018.741  64
2018.769  64
2018.796  65
2018.823  65
2018.851  65
2018.878  66
2018.906  66
2018.933  67
2018.96  67
2018.988  67
2019.015  68
2019.042  68
2019.07  69
2019.097  69
2019.125  70
2019.152  70
2019.18  70
2019.207  71
2019.235  71
2019.262  71
2019.289  72
2019.317  72
2019.344  72
2019.371  73
2019.399  73
2019.426  73
2019.454  73
2019.481  74
2019.508  74
2019.536  74
2019.563  74
2019.591  74
2019.618  74
2019.645  74
2019.673  74
2019.7  74
2019.728  74
2019.755  74
2019.782  74
2019.81  74
2019.837  74
2019.865  74
2019.892  74
2019.919  73
2019.947  73
2019.974  73
2020.001  72
2020.029  XXX
2020.056  XXX
2020.084  71
2020.111  70
2020.138  70
2020.165  69
2020.193  69
2020.22  68
2020.248  68
2020.275  67
2020.302  66
2020.33  66
2020.357  65
2020.384  64
2020.412  64
2020.438  63
2020.466  62
2020.493  62
2020.52  61
2020.548  61
2020.575  60
2020.603  59
2020.63  59
2020.657  58
2020.685  58
2020.712  57
2020.74  57
2020.767  56
2020.794  56
2020.822  55
2020.848  55
2020.875  54
2020.903  54
2020.93  53
2020.957  53
2020.985  52
2021.012  52
2021.04  51
2021.067  51
2021.095  50
2021.122  49
2021.149  49
2021.177  48
2021.204  48
2021.232  47
2021.259  46
2021.287  46
2021.314  45
2021.341  44
2021.369  43
2021.396  43
2021.424  42
