1976.415  -126
1976.441  -121
1976.468  -114
1976.496  -107
1976.523  -99
1976.55  -97
1976.578  -94
1976.605  -81
1976.633  -80
1976.66  -66
1976.688  -62
1976.715  -56
1976.742  -62
1976.77  -67
1976.797  -69
1976.824  -82
1976.851  -88
1976.878  -95
1976.906  -107
1976.933  -107
1976.96  -110
1976.988  -111
1977.015  -112
1977.042  -97
1977.07  -81
1977.097  -104
1977.125  -112
1977.152  -127
1977.18  -139
1977.207  -134
1977.235  -135
1977.262  -132
1977.289  -136
1977.317  -124
1977.344  -115
1977.371  -119
1977.399  -123
1977.426  -116
1977.454  -109
1977.481  -103
1977.508  -91
1977.536  -89
1977.563  -84
1977.591  -82
1977.618  -66
1977.645  -67
1977.673  -67
1977.7  -71
1977.728  -76
1977.755  -71
1977.782  -68
1977.81  -72
1977.837  -82
1977.865  -92
1977.892  -95
1977.919  -103
1977.947  -109
1977.974  -118
1978.001  -129
1978.029  -137
1978.056  -144
1978.084  -146
1978.111  -152
1978.138  -152
1978.166  -158
1978.194  -157
1978.221  -157
1978.248  -149
1978.276  -151
1978.303  -133
1978.33  -125
1978.358  -117
1978.385  -116
1978.413  -112
1978.44  -100
1978.467  -93
1978.495  -70
1978.522  -71
1978.549  -58
1978.577  -46
1978.604  -42
1978.632  -47
1978.659  -42
1978.687  -36
1978.714  -34
1978.741  -38
1978.769  -32
1978.796  -31
1978.823  -44
1978.851  -46
1978.878  -49
1978.906  -49
1978.933  -64
1978.96  -73
1978.988  -74
1979.015  -95
1979.042  -102
1979.07  -89
1979.097  -88
1979.125  -90
1979.152  -99
1979.18  -98
1979.207  -106
1979.235  -103
1979.262  -91
1979.289  -83
1979.317  -78
1979.344  -67
1979.371  -63
1979.399  -64
1979.426  -55
1979.454  -51
1979.481  -47
1979.508  -37
1979.536  -29
1979.563  -15
1979.591  -17
1979.618  -20
1979.645  -21
1979.673  14
1979.7  1
1979.728  1
1979.755  -11
1979.782  11
1979.81  6
1979.837  -2
1979.865  19
1979.892  9
1979.919  3
1979.947  -2
1979.974  -1
1980.001  -17
1980.029  -33
1980.056  -37
1980.084  -42
1980.111  -50
1980.138  -49
1980.165  -43
1980.193  -46
1980.22  -48
1980.248  -41
1980.275  -32
1980.302  -25
1980.33  -26
1980.357  -26
1980.384  -20
1980.412  -8
1980.438  1
1980.466  12
1980.493  15
1980.52  23
1980.548  33
1980.575  38
1980.603  42
1980.63  43
1980.657  43
1980.685  51
1980.712  57
1980.74  63
1980.767  61
1980.794  51
1980.822  52
1980.848  58
1980.875  61
1980.903  57
1980.93  56
1980.957  55
1980.985  51
1981.012  48
1981.04  37
1981.067  32
1981.095  31
1981.122  35
1981.149  35
1981.177  30
1981.204  26
1981.232  57
1981.259  58
1981.287  59
1981.314  62
1981.341  70
1981.369  79
1981.396  88
1981.424  88
1981.451  97
1981.478  97
1981.506  95
1981.533  81
1981.56  73
1981.588  67
1981.615  60
1981.643  55
1981.67  51
1981.698  40
1981.725  39
1981.752  35
1981.78  36
1981.807  45
1981.834  52
1981.862  64
1981.889  52
1981.916  48
1981.944  55
1981.971  55
1981.999  67
1982.026  71
1982.053  52
1982.081  39
1982.108  35
1982.136  38
1982.163  36
1982.191  33
1982.218  27
1982.246  43
1982.273  69
1982.3  67
1982.328  67
1982.355  63
1982.382  61
1982.41  51
1982.437  51
1982.465  44
1982.492  37
1982.519  27
1982.547  29
1982.574  37
1982.602  33
1982.629  30
1982.656  31
1982.684  23
1982.711  37
1982.739  53
1982.766  57
1982.793  56
1982.821  59
1982.848  68
1982.875  71
1982.903  78
1982.93  98
1982.957  100
1982.985  88
1983.012  92
1983.04  98
1983.067  88
1983.095  85
1983.122  85
1983.149  89
1983.177  70
1983.204  60
1983.232  52
1983.259  52
1983.287  50
1983.314  54
1983.341  50
1983.369  90
1983.396  104
1983.424  110
1983.451  93
1983.478  96
1983.506  100
1983.533  103
1983.56  94
1983.588  86
1983.615  79
1983.643  74
1983.67  66
1983.698  63
1983.725  59
1983.752  71
1983.78  75
1983.807  86
1983.834  82
1983.862  98
1983.889  111
1983.916  120
1983.944  128
1983.971  124
1983.999  124
1984.026  126
1984.053  134
1984.081  139
1984.108  144
1984.136  144
1984.163  145
1984.19  141
1984.217  146
1984.245  144
1984.272  143
1984.3  136
1984.327  135
1984.354  129
1984.382  123
1984.409  118
1984.436  119
1984.463  117
1984.49  115
1984.518  123
1984.545  124
1984.572  120
1984.6  109
1984.627  102
1984.655  95
1984.682  93
1984.709  99
1984.737  109
1984.764  109
1984.791  117
1984.819  118
1984.845  128
1984.873  123
1984.9  139
1984.927  142
1984.955  152
1984.982  156
1985.01  163
1985.037  174
1985.064  188
1985.092  192
1985.119  188
1985.147  184
1985.174  184
1985.202  182
1985.229  178
1985.257  176
1985.284  181
1985.311  174
1985.339  171
1985.366  164
1985.393  166
1985.421  159
1985.448  154
1985.476  147
1985.503  139
1985.53  129
1985.558  122
1985.585  117
1985.613  107
1985.64  99
1985.667  96
1985.695  92
1985.722  96
1985.749  99
1985.777  103
1985.804  106
1985.832  110
1985.859  122
1985.886  128
1985.914  142
1985.941  154
1985.968  153
1985.996  173
1986.023  176
1986.051  182
1986.078  169
1986.106  176
1986.133  186
1986.16  192
1986.188  185
1986.215  184
1986.243  182
1986.27  183
1986.298  173
1986.325  174
1986.352  170
1986.38  169
1986.407  166
1986.435  152
1986.462  141
1986.489  128
1986.517  130
1986.544  120
1986.571  95
1986.599  91
1986.626  82
1986.654  83
1986.681  91
1986.708  95
1986.736  98
1986.763  99
1986.79  101
1986.818  107
1986.845  112
1986.873  120
1986.9  134
1986.927  137
1986.955  138
1986.982  146
1987.01  150
1987.037  157
1987.064  159
1987.092  167
1987.119  171
1987.147  171
1987.174  184
1987.202  184
1987.229  184
1987.257  169
1987.284  161
1987.311  159
1987.339  158
1987.366  159
1987.393  138
1987.421  134
1987.448  124
1987.476  125
1987.503  106
1987.53  100
1987.558  92
1987.585  74
1987.613  74
1987.64  75
1987.667  60
1987.695  55
1987.722  55
1987.749  60
1987.777  61
1987.804  56
1987.832  74
1987.859  76
1987.886  92
1987.914  86
1987.941  102
1987.968  91
1987.996  113
1988.023  146
1988.051  156
1988.078  152
1988.106  147
1988.133  143
1988.16  149
1988.187  143
1988.215  144
1988.242  137
1988.27  135
1988.297  106
1988.324  109
1988.352  121
1988.379  111
1988.406  92
1988.433  81
1988.46  84
1988.488  76
1988.515  50
1988.542  44
1988.57  44
1988.597  39
1988.624  25
1988.652  16
1988.679  28
1988.707  34
1988.734  43
1988.761  38
1988.789  53
1988.816  58
1988.843  57
1988.87  54
1988.897  67
1988.925  62
1988.952  62
1988.979  68
1989.007  72
1989.034  78
1989.062  94
1989.089  105
1989.117  99
1989.144  91
1989.172  94
1989.199  100
1989.226  88
1989.254  97
1989.281  99
1989.309  98
1989.336  80
1989.363  69
1989.391  72
1989.418  36
1989.446  23
1989.473  27
1989.5  29
1989.528  23
1989.555  20
1989.582  10
1989.61  3
1989.637  -12
1989.665  -14
1989.692  -18
1989.719  -24
1989.747  -14
1989.774  -6
1989.801  -3
1989.829  -5
1989.856  -18
1989.884  -15
1989.911  -10
1989.938  13
1989.966  3
1989.993  4
1990.021  6
1990.048  5
1990.075  25
1990.103  29
1990.13  34
1990.158  24
1990.185  20
1990.213  7
1990.24  9
1990.268  10
1990.295  15
1990.322  18
1990.35  23
1990.377  27
1990.404  22
1990.432  24
1990.459  16
1990.487  0
1990.514  -21
1990.541  -12
1990.569  -17
1990.596  3
1990.623  14
1990.651  23
1990.678  13
1990.706  -0
1990.733  -7
1990.76  19
1990.788  11
1990.815  11
1990.843  -4
1990.87  -6
1990.897  -13
1990.925  4
1990.952  14
1990.979  22
1991.007  28
1991.034  43
1991.062  43
1991.089  24
1991.117  31
1991.144  39
1991.172  42
1991.199  32
1991.226  15
1991.254  8
1991.281  8
1991.309  12
1991.336  13
1991.363  6
1991.391  2
1991.418  -3
1991.446  -10
1991.473  -22
1991.5  -24
1991.528  -38
1991.555  -44
1991.582  -57
1991.61  -57
1991.637  -53
1991.665  -70
1991.692  -81
1991.719  -82
1991.747  -88
1991.774  -85
1991.801  -84
1991.829  -84
1991.856  -80
1991.884  -80
1991.911  -66
1991.938  -70
1991.966  -82
1991.993  -69
1992.021  -72
1992.048  -67
1992.075  -71
1992.103  -63
1992.13  -90
1992.158  -87
1992.185  -82
1992.212  -75
1992.239  -74
1992.267  -77
1992.294  -77
1992.322  -83
1992.349  -93
1992.376  -91
1992.404  -99
1992.43  -94
1992.457  -95
1992.485  -87
1992.512  -74
1992.539  -94
1992.567  -103
1992.594  -115
1992.622  -116
1992.649  -107
1992.677  -108
1992.704  -112
1992.731  -116
1992.759  -123
1992.786  -121
1992.813  -121
1992.84  -112
1992.867  -115
1992.895  -117
1992.922  -127
1992.949  -135
1992.977  -147
1993.004  -149
1993.032  -144
1993.059  -142
1993.086  -145
1993.114  -153
1993.141  -167
1993.169  -149
1993.196  -155
1993.224  -154
1993.251  -153
1993.279  -151
1993.306  -145
1993.333  -148
1993.361  -143
1993.388  -126
1993.415  -122
1993.443  -106
1993.47  -117
1993.497  -112
1993.525  -110
1993.552  -97
1993.58  -99
1993.607  -99
1993.634  -93
1993.662  -89
1993.689  -81
1993.717  -86
1993.744  -83
1993.771  -92
1993.799  -90
1993.826  -89
1993.854  -90
1993.881  -94
1993.908  -96
1993.936  -114
1993.963  -117
1993.99  -132
1994.018  -165
1994.045  -163
1994.073  -160
1994.1  -156
1994.127  -160
1994.155  -157
1994.183  -157
1994.21  -159
1994.237  -161
1994.265  -172
1994.292  -171
1994.32  -174
1994.347  -154
1994.374  -150
1994.402  -135
1994.429  -131
1994.456  -121
1994.484  -117
1994.511  -90
1994.538  -85
1994.566  -86
1994.593  -97
1994.621  -84
1994.648  -101
1994.676  -86
1994.703  -82
1994.73  -78
1994.758  -80
1994.785  -87
1994.812  -84
1994.84  -91
1994.867  -100
1994.895  -108
1994.922  -115
1994.949  -124
1994.977  -120
1995.004  -132
1995.032  -124
1995.059  -164
1995.086  -164
1995.114  -157
1995.141  -149
1995.169  -138
1995.196  -154
1995.224  -172
1995.251  -156
1995.279  -134
1995.306  -134
1995.333  -138
1995.361  -126
1995.388  -121
1995.415  -110
1995.443  -114
1995.47  -108
1995.497  -101
1995.525  -80
1995.552  -70
1995.58  -71
1995.607  -75
1995.634  -70
1995.662  -71
1995.689  -70
1995.717  -72
1995.744  -75
1995.771  -75
1995.799  -80
1995.826  -75
1995.854  -78
1995.881  -87
1995.908  -93
1995.936  -96
1995.963  -41
1995.99  -139
1996.018  -148
1996.045  -125
1996.073  -109
1996.1  -95
1996.127  -108
1996.155  -120
1996.182  -123
1996.209  -133
1996.237  -129
1996.264  -130
1996.291  -106
1996.319  -103
1996.346  -102
1996.373  -99
1996.401  -82
1996.427  -80
1996.455  -76
1996.482  -81
1996.509  -73
1996.537  -67
1996.564  -60
1996.592  -60
1996.619  -60
1996.646  -57
1996.674  -48
1996.701  -51
1996.729  -52
1996.756  -64
1996.783  -65
1996.811  -68
1996.837  -59
1996.865  -62
1996.892  -60
1996.919  -77
1996.947  -87
1996.974  -92
1997.001  -87
1997.029  -84
1997.056  -93
1997.084  -103
1997.111  -108
1997.138  -114
1997.166  -127
1997.194  -136
1997.221  -134
1997.248  -122
1997.276  -114
1997.303  -108
1997.33  -112
1997.358  -106
1997.385  -103
1997.413  -90
1997.44  -79
1997.467  -71
1997.495  -65
1997.522  -54
1997.549  -51
1997.577  -44
1997.604  -55
1997.632  -53
1997.659  -45
1997.687  -47
1997.714  -42
1997.741  -42
1997.769  -34
1997.796  -27
1997.823  -25
1997.851  -17
1997.878  -68
1997.906  -77
1997.933  -64
1997.96  -50
1997.988  -48
1998.015  -69
1998.042  -77
1998.07  -77
1998.097  -80
1998.125  -91
1998.152  -95
1998.18  -81
1998.207  -83
1998.235  -67
1998.262  -65
1998.289  -60
1998.317  -62
1998.344  -83
1998.371  -77
1998.399  -72
1998.426  -50
1998.454  -43
1998.481  -34
1998.508  -19
1998.536  -15
1998.563  -21
1998.591  -25
1998.618  -36
1998.645  -28
1998.673  -22
1998.7  -10
1998.728  -4
1998.755  -2
1998.782  1
1998.81  -3
1998.837  -5
1998.865  -1
1998.892  -27
1998.919  -16
1998.947  -30
1998.974  -47
1999.001  -73
1999.029  -92
1999.056  -90
1999.084  -83
1999.111  -78
1999.138  -74
1999.166  -77
1999.194  -89
1999.221  -77
1999.248  -74
1999.276  -61
1999.303  -61
1999.33  -55
1999.358  -61
1999.385  -48
1999.413  -22
1999.44  1
1999.467  -1
1999.495  9
1999.522  25
1999.549  27
1999.577  34
1999.604  45
1999.632  49
1999.659  44
1999.687  36
1999.714  30
1999.741  28
1999.769  24
1999.796  28
1999.823  -1
1999.851  -7
1999.878  -10
1999.906  3
1999.933  4
1999.96  -4
1999.988  0
2000.015  -13
2000.042  1
2000.07  20
2000.097  -1
2000.125  -5
2000.152  -34
2000.179  -43
2000.206  -39
2000.234  -31
2000.261  -19
2000.289  -33
2000.316  -27
2000.343  -15
2000.371  13
2000.398  8
2000.425  12
2000.452  12
2000.479  22
2000.507  40
2000.534  46
2000.561  41
2000.589  45
2000.616  33
2000.644  40
2000.671  43
2000.699  66
2000.726  74
2000.753  62
2000.781  60
2000.808  49
2000.834  58
2000.862  53
2000.889  43
2000.916  24
2000.944  -14
2000.971  -22
2000.999  -18
2001.026  -17
2001.053  -34
2001.081  -27
2001.108  -28
2001.136  -14
2001.163  -20
2001.191  -20
2001.218  -24
2001.246  -36
2001.273  -27
2001.3  -7
2001.328  -15
2001.355  -1
2001.382  2
2001.41  22
2001.437  16
2001.465  15
2001.492  -3
2001.519  34
2001.547  64
2001.574  80
2001.602  84
2001.629  54
2001.656  75
2001.684  73
2001.711  60
2001.739  69
2001.766  64
2001.793  76
2001.821  69
2001.848  69
2001.875  50
2001.903  26
2001.93  24
2001.957  41
2001.985  51
2002.012  73
2002.04  87
2002.067  76
2002.095  57
2002.122  38
2002.149  50
2002.177  53
2002.204  39
2002.232  37
2002.259  29
2002.287  69
2002.314  62
2002.341  44
2002.369  33
2002.396  22
2002.424  37
2002.451  40
2002.478  47
2002.506  70
2002.533  76
2002.56  77
2002.588  54
2002.615  32
2002.643  25
2002.67  16
2002.698  17
2002.725  11
2002.752  5
2002.78  4
2002.807  12
2002.834  15
2002.862  28
2002.889  23
2002.916  6
2002.944  23
2002.971  33
2002.999  35
2003.026  28
2003.053  44
2003.081  49
2003.108  44
2003.136  47
2003.163  52
2003.191  51
2003.218  51
2003.246  46
2003.273  44
2003.3  34
2003.328  54
2003.355  51
2003.382  59
2003.41  54
2003.437  56
2003.465  41
2003.492  44
2003.519  46
2003.547  51
2003.574  54
2003.602  52
2003.629  54
2003.656  55
2003.684  47
2003.711  51
2003.739  52
2003.766  57
2003.793  53
2003.821  54
2003.848  58
2003.875  56
2003.903  57
2003.93  71
2003.957  85
2003.985  96
2004.012  89
2004.04  94
2004.067  91
2004.095  99
2004.122  85
2004.149  85
2004.176  99
2004.204  99
2004.231  103
2004.259  95
2004.286  85
2004.313  82
2004.341  80
2004.368  82
2004.395  82
2004.422  71
2004.449  66
2004.477  53
2004.504  55
2004.531  45
2004.559  37
2004.586  24
2004.614  23
2004.641  23
2004.668  25
2004.696  25
2004.723  32
2004.75  35
2004.778  37
2004.805  35
2004.833  38
2004.859  39
2004.886  40
2004.914  41
2004.941  61
2004.968  66
2004.996  75
2005.023  96
2005.051  71
2005.078  72
2005.106  66
2005.133  80
2005.16  75
2005.188  84
2005.215  87
2005.243  83
2005.27  75
2005.298  64
2005.325  59
2005.352  55
2005.38  66
2005.407  56
2005.435  48
2005.462  40
2005.489  47
2005.517  52
2005.544  50
2005.571  43
2005.599  37
2005.626  33
2005.654  26
2005.681  32
2005.708  35
2005.736  30
2005.763  37
2005.79  39
2005.818  53
2005.845  39
2005.873  44
2005.9  60
2005.927  70
2005.955  73
2005.982  63
2006.01  91
2006.037  103
2006.064  117
2006.092  93
2006.119  74
2006.147  74
2006.174  62
2006.202  62
2006.229  56
2006.257  65
2006.284  55
2006.311  61
2006.339  63
2006.366  67
2006.393  51
2006.421  51
2006.448  50
2006.476  51
2006.503  53
2006.53  48
2006.558  46
2006.585  39
2006.613  37
2006.64  36
2006.667  34
2006.695  35
2006.722  28
2006.749  30
2006.777  41
2006.804  43
2006.832  41
2006.859  40
2006.886  52
2006.914  55
2006.941  60
2006.968  64
2006.996  75
2007.023  76
2007.051  77
2007.078  77
2007.106  83
2007.133  82
2007.16  89
2007.188  91
2007.215  91
2007.243  85
2007.27  78
2007.298  70
2007.325  70
2007.352  69
2007.38  64
2007.407  65
2007.435  60
2007.462  51
2007.489  47
2007.517  42
2007.544  44
2007.571  36
2007.599  31
2007.626  25
2007.654  24
2007.681  24
2007.708  25
2007.736  20
2007.763  22
2007.79  23
2007.818  34
2007.845  31
2007.873  35
2007.9  35
2007.927  44
2007.955  52
2007.982  63
2008.01  62
2008.037  62
2008.064  60
2008.092  73
2008.119  72
2008.147  76
2008.174  78
2008.201  78
2008.228  75
2008.256  81
2008.283  76
2008.311  72
2008.338  67
2008.365  67
2008.393  65
2008.419  58
2008.447  54
2008.474  51
2008.501  47
2008.529  44
2008.556  44
2008.583  45
2008.611  45
2008.638  42
2008.666  37
2008.693  30
2008.72  28
2008.748  31
2008.775  33
2008.802  34
2008.83  34
2008.856  42
2008.884  44
2008.911  48
2008.938  48
2008.966  68
2008.993  75
2009.021  76
2009.048  74
2009.075  72
2009.103  71
2009.13  73
2009.158  79
2009.185  80
2009.213  82
2009.24  81
2009.268  81
2009.295  79
2009.322  70
2009.35  60
2009.377  55
2009.404  56
2009.432  52
2009.459  45
2009.487  39
2009.514  39
2009.541  39
2009.569  35
2009.596  30
2009.623  29
2009.651  28
2009.678  29
2009.706  24
2009.733  27
2009.76  24
2009.788  35
2009.815  37
2009.843  41
2009.87  39
2009.897  41
2009.925  40
2009.952  47
2009.979  57
2010.007  60
2010.034  63
2010.062  64
2010.089  87
2010.117  80
2010.144  91
2010.172  65
2010.199  69
2010.226  68
2010.254  73
2010.281  58
2010.309  63
2010.336  67
2010.363  68
2010.391  55
2010.418  51
2010.446  47
2010.473  39
2010.5  39
2010.528  35
2010.555  32
2010.582  28
2010.61  25
2010.637  20
2010.665  15
2010.692  13
2010.719  18
2010.747  20
2010.774  22
2010.801  22
2010.829  18
2010.856  21
2010.884  26
2010.911  43
2010.938  51
2010.966  50
2010.993  49
2011.021  41
2011.048  46
2011.075  52
2011.103  58
2011.13  59
2011.158  63
2011.185  69
2011.213  48
2011.24  45
2011.268  47
2011.295  51
2011.322  51
2011.35  49
2011.377  47
2011.404  46
2011.432  45
2011.459  42
2011.487  33
2011.514  30
2011.541  29
2011.569  30
2011.596  28
2011.623  31
2011.651  29
2011.678  24
2011.706  23
2011.733  24
2011.76  27
2011.788  24
2011.815  26
2011.843  33
2011.87  36
2011.897  38
2011.925  41
2011.952  45
2011.979  49
2012.007  49
2012.034  50
2012.062  56
2012.089  66
2012.117  59
2012.144  55
2012.171  53
2012.198  60
2012.226  71
2012.253  68
2012.281  61
2012.308  49
2012.335  51
2012.363  47
2012.39  50
2012.416  42
2012.444  36
2012.471  33
2012.498  26
2012.526  23
2012.553  17
2012.581  16
2012.608  11
2012.635  10
2012.663  8
2012.69  8
2012.718  6
2012.745  9
2012.772  8
2012.8  3
2012.827  1
2012.854  2
2012.881  1
2012.908  15
2012.936  22
2012.963  25
2012.99  30
2013.018  31
2013.045  33
2013.073  33
2013.1  46
2013.127  38
2013.155  39
2013.183  30
2013.21  35
2013.237  25
2013.265  27
2013.292  28
2013.32  22
2013.347  16
2013.374  3
2013.402  -3
2013.429  -7
2013.456  -13
2013.484  -8
2013.511  -21
2013.538  -18
2013.566  -14
2013.593  -10
2013.621  -14
2013.648  -13
2013.676  -14
2013.703  -10
2013.73  -9
2013.758  -11
2013.785  -13
2013.812  -16
2013.84  -13
2013.867  -10
2013.895  -17
2013.922  -15
2013.949  -15
2013.977  -12
2014.004  -12
2014.032  -9
2014.059  -6
2014.086  -6
2014.114  -6
2014.141  -6
2014.169  -2
2014.196  -5
2014.224  -5
2014.251  -7
2014.279  -5
2014.306  -10
2014.333  -11
2014.361  -15
2014.388  -14
2014.415  -20
2014.443  -20
2014.47  -20
2014.497  -21
2014.525  -20
2014.552  -21
2014.58  -22
2014.607  -21
2014.634  -26
2014.662  -24
2014.689  -30
2014.717  -36
2014.744  -40
2014.771  -37
2014.799  -34
2014.826  -34
2014.854  -38
2014.881  -44
2014.908  -45
2014.936  -44
2014.963  -40
2014.99  -44
2015.018  -43
2015.045  -45
2015.073  -41
2015.1  -44
2015.127  -48
2015.155  -50
2015.183  -51
2015.21  -50
2015.237  -54
2015.265  -56
2015.292  -59
2015.32  -63
2015.347  -66
2015.374  -71
2015.402  -81
2015.429  -76
2015.456  -75
2015.484  -74
2015.511  -76
2015.538  -75
2015.566  -71
2015.593  -67
2015.621  -64
2015.648  -64
2015.676  -68
2015.703  -68
2015.73  -70
2015.758  -71
2015.785  -67
2015.812  -69
2015.84  -67
2015.867  -75
2015.895  -74
2015.922  -84
2015.949  -89
2015.977  -92
2016.004  -82
2016.032  -86
2016.059  -84
2016.086  -94
2016.114  -91
2016.141  -94
2016.168  -94
2016.196  -92
2016.223  -94
2016.25  -93
2016.278  -98
2016.305  -101
2016.332  -100
2016.36  -96
2016.387  -85
2016.415  -82
2016.441  -78
2016.468  -74
2016.496  -65
2016.523  -65
2016.55  -60
2016.578  -55
2016.605  -50
2016.633  -44
2016.66  -46
2016.688  -42
2016.715  -38
2016.742  -41
2016.77  -34
2016.797  -44
2016.824  -45
2016.851  -48
2016.878  -50
2016.906  -61
2016.933  -71
2016.96  -80
2016.988  -79
2017.015  -95
2017.042  -103
2017.07  -103
2017.097  -96
2017.125  -94
2017.152  -100
2017.18  -105
2017.207  -100
2017.235  -95
2017.262  -90
2017.289  -86
2017.317  -81
2017.344  -81
2017.371  -77
2017.399  -71
2017.426  -66
2017.454  -63
2017.481  -61
2017.508  -57
2017.536  -57
2017.563  -58
2017.591  -44
2017.618  -47
2017.645  -44
2017.673  -44
2017.7  -41
2017.728  -47
2017.755  -51
2017.782  -56
2017.81  -55
2017.837  -56
2017.865  -53
2017.892  -74
2017.919  -72
2017.947  -72
2017.974  -69
2018.001  -76
2018.029  -86
2018.056  -88
2018.084  -97
2018.111  -103
2018.138  -106
2018.166  -106
2018.194  -93
2018.221  -94
2018.248  -86
2018.276  -90
2018.303  -80
2018.33  -84
2018.358  -80
2018.385  -79
2018.413  -70
2018.44  -67
2018.467  -68
2018.495  -60
2018.522  -53
2018.549  -45
2018.577  -44
2018.604  -41
2018.632  -38
2018.659  -38
2018.687  -37
2018.714  -34
2018.741  -34
2018.769  -40
2018.796  -42
2018.823  -42
2018.851  -40
2018.878  -45
2018.906  -50
2018.933  -58
2018.96  -63
2018.988  -66
2019.015  -66
2019.042  -78
2019.07  -85
2019.097  -87
2019.125  -82
2019.152  -88
2019.18  -76
2019.207  -75
2019.235  -78
2019.262  -82
2019.289  -72
2019.317  -69
2019.344  -66
2019.371  -63
2019.399  -58
2019.426  -57
2019.454  -57
2019.481  -48
2019.508  -49
2019.536  -48
2019.563  -46
2019.591  -38
2019.618  -36
2019.645  -34
2019.673  -34
2019.7  -35
2019.728  -38
2019.755  -38
2019.782  -36
2019.81  -42
2019.837  -46
2019.865  -48
2019.892  -46
2019.919  -42
2019.947  -60
2019.974  -60
2020.001  -53
2020.029  XXX
2020.056  XXX
2020.084  -89
2020.111  -77
2020.138  -76
2020.165  -71
2020.193  -76
2020.22  -69
2020.248  -61
2020.275  -65
2020.302  -67
2020.33  -63
2020.357  -59
2020.384  -60
2020.412  -57
2020.438  -55
2020.466  -46
2020.493  -43
2020.52  -40
2020.548  -35
2020.575  -35
2020.603  -35
2020.63  -39
2020.657  -38
2020.685  -33
2020.712  -29
2020.74  -29
2020.767  -38
2020.794  -44
2020.822  -46
2020.848  -48
2020.875  -49
2020.903  -54
2020.93  -58
2020.957  -61
2020.985  -66
2021.012  -59
2021.04  -65
2021.067  -61
2021.095  -62
2021.122  -76
2021.149  -79
2021.177  -78
2021.204  -69
2021.232  -71
2021.259  -69
2021.287  -70
2021.314  -70
2021.341  -65
2021.369  -60
2021.396  -54
2021.424  -53
