1976.415  -92
1976.441  -92
1976.468  -93
1976.496  -93
1976.523  -93
1976.55  -94
1976.578  -94
1976.605  -95
1976.633  -95
1976.66  -95
1976.688  -96
1976.715  -96
1976.742  -96
1976.77  -97
1976.797  -97
1976.824  -97
1976.851  -98
1976.878  -98
1976.906  -98
1976.933  -98
1976.96  -98
1976.988  -99
1977.015  -99
1977.042  -99
1977.07  -99
1977.097  -100
1977.125  -100
1977.152  -100
1977.18  -100
1977.207  -101
1977.235  -101
1977.262  -101
1977.289  -102
1977.317  -102
1977.344  -103
1977.371  -103
1977.399  -104
1977.426  -104
1977.454  -105
1977.481  -106
1977.508  -106
1977.536  -107
1977.563  -107
1977.591  -108
1977.618  -109
1977.645  -109
1977.673  -110
1977.7  -110
1977.728  -111
1977.755  -111
1977.782  -111
1977.81  -112
1977.837  -112
1977.865  -112
1977.892  -112
1977.919  -112
1977.947  -112
1977.974  -111
1978.001  -111
1978.029  -111
1978.056  -110
1978.084  -110
1978.111  -109
1978.138  -108
1978.166  -107
1978.194  -107
1978.221  -106
1978.248  -105
1978.276  -104
1978.303  -102
1978.33  -101
1978.358  -100
1978.385  -99
1978.413  -98
1978.44  -96
1978.467  -95
1978.495  -94
1978.522  -92
1978.549  -91
1978.577  -89
1978.604  -88
1978.632  -86
1978.659  -85
1978.687  -84
1978.714  -82
1978.741  -81
1978.769  -79
1978.796  -78
1978.823  -76
1978.851  -75
1978.878  -73
1978.906  -72
1978.933  -70
1978.96  -69
1978.988  -68
1979.015  -66
1979.042  -65
1979.07  -63
1979.097  -62
1979.125  -61
1979.152  -59
1979.18  -58
1979.207  -57
1979.235  -56
1979.262  -54
1979.289  -53
1979.317  -52
1979.344  -51
1979.371  -50
1979.399  -48
1979.426  -47
1979.454  -46
1979.481  -45
1979.508  -43
1979.536  -42
1979.563  -41
1979.591  -40
1979.618  -38
1979.645  -37
1979.673  -36
1979.7  -34
1979.728  -33
1979.755  -31
1979.782  -30
1979.81  -28
1979.837  -27
1979.865  -25
1979.892  -24
1979.919  -22
1979.947  -21
1979.974  -19
1980.001  -18
1980.029  -16
1980.056  -15
1980.084  -13
1980.111  -12
1980.138  -10
1980.165  -9
1980.193  -7
1980.22  -6
1980.248  -4
1980.275  -2
1980.302  -0
1980.33  1
1980.357  3
1980.384  5
1980.412  7
1980.438  9
1980.466  11
1980.493  13
1980.52  15
1980.548  18
1980.575  20
1980.603  22
1980.63  24
1980.657  27
1980.685  29
1980.712  31
1980.74  34
1980.767  36
1980.794  38
1980.822  41
1980.848  43
1980.875  45
1980.903  47
1980.93  49
1980.957  51
1980.985  53
1981.012  54
1981.04  56
1981.067  57
1981.095  59
1981.122  60
1981.149  61
1981.177  62
1981.204  63
1981.232  63
1981.259  64
1981.287  65
1981.314  65
1981.341  65
1981.369  65
1981.396  65
1981.424  65
1981.451  65
1981.478  65
1981.506  64
1981.533  64
1981.56  63
1981.588  62
1981.615  62
1981.643  61
1981.67  60
1981.698  59
1981.725  59
1981.752  58
1981.78  57
1981.807  56
1981.834  55
1981.862  54
1981.889  54
1981.916  53
1981.944  52
1981.971  51
1981.999  51
1982.026  50
1982.053  49
1982.081  49
1982.108  48
1982.136  48
1982.163  47
1982.191  47
1982.218  47
1982.246  46
1982.273  46
1982.3  46
1982.328  46
1982.355  46
1982.382  47
1982.41  47
1982.437  47
1982.465  48
1982.492  48
1982.519  49
1982.547  49
1982.574  50
1982.602  51
1982.629  52
1982.656  52
1982.684  53
1982.711  54
1982.739  55
1982.766  56
1982.793  57
1982.821  58
1982.848  59
1982.875  60
1982.903  61
1982.93  63
1982.957  64
1982.985  65
1983.012  66
1983.04  67
1983.067  68
1983.095  69
1983.122  70
1983.149  71
1983.177  72
1983.204  73
1983.232  75
1983.259  76
1983.287  77
1983.314  78
1983.341  79
1983.369  81
1983.396  82
1983.424  83
1983.451  85
1983.478  86
1983.506  88
1983.533  89
1983.56  90
1983.588  92
1983.615  93
1983.643  95
1983.67  96
1983.698  97
1983.725  99
1983.752  100
1983.78  101
1983.807  103
1983.834  104
1983.862  105
1983.889  106
1983.916  108
1983.944  109
1983.971  110
1983.999  111
1984.026  112
1984.053  113
1984.081  114
1984.108  115
1984.136  116
1984.163  117
1984.19  118
1984.217  119
1984.245  120
1984.272  122
1984.3  123
1984.327  124
1984.354  125
1984.382  126
1984.409  127
1984.436  128
1984.463  129
1984.49  130
1984.518  131
1984.545  133
1984.572  134
1984.6  135
1984.627  136
1984.655  137
1984.682  138
1984.709  139
1984.737  140
1984.764  140
1984.791  141
1984.819  142
1984.845  143
1984.873  144
1984.9  144
1984.927  145
1984.955  145
1984.982  146
1985.01  146
1985.037  147
1985.064  147
1985.092  148
1985.119  148
1985.147  148
1985.174  148
1985.202  148
1985.229  149
1985.257  149
1985.284  149
1985.311  149
1985.339  149
1985.366  149
1985.393  149
1985.421  149
1985.448  149
1985.476  149
1985.503  149
1985.53  149
1985.558  149
1985.585  149
1985.613  149
1985.64  148
1985.667  148
1985.695  148
1985.722  148
1985.749  148
1985.777  147
1985.804  147
1985.832  147
1985.859  147
1985.886  146
1985.914  146
1985.941  146
1985.968  146
1985.996  145
1986.023  145
1986.051  145
1986.078  145
1986.106  144
1986.133  144
1986.16  144
1986.188  144
1986.215  144
1986.243  143
1986.27  143
1986.298  143
1986.325  143
1986.352  143
1986.38  143
1986.407  143
1986.435  143
1986.462  143
1986.489  143
1986.517  143
1986.544  142
1986.571  142
1986.599  142
1986.626  142
1986.654  142
1986.681  141
1986.708  141
1986.736  141
1986.763  140
1986.79  140
1986.818  139
1986.845  139
1986.873  138
1986.9  138
1986.927  137
1986.955  136
1986.982  136
1987.01  135
1987.037  134
1987.064  133
1987.092  133
1987.119  132
1987.147  131
1987.174  130
1987.202  130
1987.229  129
1987.257  128
1987.284  127
1987.311  127
1987.339  126
1987.366  125
1987.393  124
1987.421  123
1987.448  123
1987.476  122
1987.503  121
1987.53  120
1987.558  119
1987.585  118
1987.613  117
1987.64  116
1987.667  115
1987.695  114
1987.722  113
1987.749  112
1987.777  111
1987.804  110
1987.832  109
1987.859  107
1987.886  106
1987.914  105
1987.941  104
1987.968  103
1987.996  102
1988.023  101
1988.051  99
1988.078  98
1988.106  97
1988.133  96
1988.16  95
1988.187  94
1988.215  93
1988.242  92
1988.27  91
1988.297  90
1988.324  90
1988.352  89
1988.379  88
1988.406  87
1988.433  86
1988.46  85
1988.488  85
1988.515  84
1988.542  83
1988.57  82
1988.597  81
1988.624  80
1988.652  79
1988.679  79
1988.707  78
1988.734  77
1988.761  76
1988.789  75
1988.816  74
1988.843  72
1988.87  71
1988.897  70
1988.925  69
1988.952  68
1988.979  66
1989.007  65
1989.034  64
1989.062  62
1989.089  61
1989.117  59
1989.144  58
1989.172  56
1989.199  55
1989.226  53
1989.254  51
1989.281  49
1989.309  48
1989.336  46
1989.363  44
1989.391  42
1989.418  40
1989.446  38
1989.473  36
1989.5  34
1989.528  32
1989.555  30
1989.582  28
1989.61  26
1989.637  24
1989.665  22
1989.692  20
1989.719  18
1989.747  17
1989.774  15
1989.801  13
1989.829  12
1989.856  10
1989.884  9
1989.911  7
1989.938  6
1989.966  5
1989.993  4
1990.021  4
1990.048  3
1990.075  3
1990.103  3
1990.13  2
1990.158  2
1990.185  3
1990.213  3
1990.24  3
1990.268  4
1990.295  5
1990.322  5
1990.35  6
1990.377  7
1990.404  8
1990.432  9
1990.459  10
1990.487  11
1990.514  12
1990.541  13
1990.569  14
1990.596  15
1990.623  16
1990.651  17
1990.678  17
1990.706  18
1990.733  18
1990.76  19
1990.788  19
1990.815  19
1990.843  19
1990.87  19
1990.897  18
1990.925  18
1990.952  17
1990.979  16
1991.007  15
1991.034  14
1991.062  13
1991.089  11
1991.117  10
1991.144  8
1991.172  6
1991.199  4
1991.226  2
1991.254  -1
1991.281  -3
1991.309  -6
1991.336  -8
1991.363  -11
1991.391  -14
1991.418  -17
1991.446  -20
1991.473  -23
1991.5  -26
1991.528  -29
1991.555  -32
1991.582  -35
1991.61  -38
1991.637  -41
1991.665  -43
1991.692  -46
1991.719  -49
1991.747  -52
1991.774  -55
1991.801  -57
1991.829  -60
1991.856  -63
1991.884  -65
1991.911  -67
1991.938  -70
1991.966  -72
1991.993  -74
1992.021  -76
1992.048  -78
1992.075  -80
1992.103  -82
1992.13  -84
1992.158  -85
1992.185  -87
1992.212  -89
1992.239  -91
1992.267  -92
1992.294  -94
1992.322  -96
1992.349  -97
1992.376  -99
1992.404  -101
1992.43  -103
1992.457  -104
1992.485  -106
1992.512  -108
1992.539  -109
1992.567  -111
1992.594  -113
1992.622  -114
1992.649  -116
1992.677  -117
1992.704  -119
1992.731  -120
1992.759  -121
1992.786  -123
1992.813  -124
1992.84  -125
1992.867  -126
1992.895  -127
1992.922  -127
1992.949  -128
1992.977  -129
1993.004  -129
1993.032  -130
1993.059  -130
1993.086  -130
1993.114  -130
1993.141  -130
1993.169  -130
1993.196  -130
1993.224  -129
1993.251  -129
1993.279  -129
1993.306  -128
1993.333  -128
1993.361  -127
1993.388  -127
1993.415  -127
1993.443  -126
1993.47  -126
1993.497  -125
1993.525  -125
1993.552  -124
1993.58  -124
1993.607  -124
1993.634  -124
1993.662  -123
1993.689  -123
1993.717  -123
1993.744  -123
1993.771  -123
1993.799  -123
1993.826  -123
1993.854  -123
1993.881  -123
1993.908  -123
1993.936  -123
1993.963  -123
1993.99  -123
1994.018  -123
1994.045  -123
1994.073  -123
1994.1  -124
1994.127  -124
1994.155  -124
1994.183  -124
1994.21  -124
1994.237  -124
1994.265  -124
1994.292  -125
1994.32  -125
1994.347  -125
1994.374  -125
1994.402  -125
1994.429  -125
1994.456  -125
1994.484  -125
1994.511  -125
1994.538  -124
1994.566  -124
1994.593  -124
1994.621  -124
1994.648  -124
1994.676  -123
1994.703  -123
1994.73  -123
1994.758  -122
1994.785  -122
1994.812  -122
1994.84  -121
1994.867  -121
1994.895  -120
1994.922  -120
1994.949  -119
1994.977  -119
1995.004  -118
1995.032  -118
1995.059  -117
1995.086  -117
1995.114  -116
1995.141  -115
1995.169  -115
1995.196  -114
1995.224  -114
1995.251  -113
1995.279  -113
1995.306  -112
1995.333  -112
1995.361  -111
1995.388  -111
1995.415  -110
1995.443  -110
1995.47  -109
1995.497  -108
1995.525  -108
1995.552  -107
1995.58  -106
1995.607  -106
1995.634  -105
1995.662  -104
1995.689  -104
1995.717  -103
1995.744  -102
1995.771  -101
1995.799  -100
1995.826  -99
1995.854  -98
1995.881  -98
1995.908  -97
1995.936  -96
1995.963  -95
1995.99  -94
1996.018  -93
1996.045  -92
1996.073  -92
1996.1  -91
1996.127  -90
1996.155  -89
1996.182  -89
1996.209  -88
1996.237  -88
1996.264  -87
1996.291  -87
1996.319  -87
1996.346  -86
1996.373  -86
1996.401  -86
1996.427  -86
1996.455  -86
1996.482  -85
1996.509  -85
1996.537  -85
1996.564  -85
1996.592  -85
1996.619  -85
1996.646  -85
1996.674  -85
1996.701  -85
1996.729  -85
1996.756  -85
1996.783  -85
1996.811  -85
1996.837  -85
1996.865  -85
1996.892  -85
1996.919  -85
1996.947  -85
1996.974  -85
1997.001  -84
1997.029  -84
1997.056  -84
1997.084  -84
1997.111  -84
1997.138  -84
1997.166  -83
1997.194  -83
1997.221  -83
1997.248  -82
1997.276  -82
1997.303  -82
1997.33  -81
1997.358  -81
1997.385  -80
1997.413  -80
1997.44  -79
1997.467  -78
1997.495  -78
1997.522  -77
1997.549  -76
1997.577  -75
1997.604  -74
1997.632  -73
1997.659  -72
1997.687  -71
1997.714  -70
1997.741  -69
1997.769  -68
1997.796  -67
1997.823  -66
1997.851  -64
1997.878  -63
1997.906  -62
1997.933  -61
1997.96  -60
1997.988  -58
1998.015  -57
1998.042  -56
1998.07  -55
1998.097  -54
1998.125  -53
1998.152  -53
1998.18  -52
1998.207  -51
1998.235  -50
1998.262  -50
1998.289  -49
1998.317  -49
1998.344  -48
1998.371  -48
1998.399  -48
1998.426  -48
1998.454  -47
1998.481  -47
1998.508  -47
1998.536  -47
1998.563  -46
1998.591  -46
1998.618  -46
1998.645  -46
1998.673  -46
1998.7  -45
1998.728  -45
1998.755  -45
1998.782  -44
1998.81  -44
1998.837  -43
1998.865  -43
1998.892  -42
1998.919  -41
1998.947  -41
1998.974  -40
1999.001  -39
1999.029  -38
1999.056  -37
1999.084  -36
1999.111  -35
1999.138  -34
1999.166  -32
1999.194  -31
1999.221  -30
1999.248  -29
1999.276  -28
1999.303  -26
1999.33  -25
1999.358  -24
1999.385  -22
1999.413  -21
1999.44  -20
1999.467  -18
1999.495  -17
1999.522  -15
1999.549  -14
1999.577  -13
1999.604  -11
1999.632  -10
1999.659  -8
1999.687  -7
1999.714  -6
1999.741  -4
1999.769  -3
1999.796  -1
1999.823  -0
1999.851  1
1999.878  2
1999.906  4
1999.933  5
1999.96  6
1999.988  7
2000.015  8
2000.042  9
2000.07  10
2000.097  11
2000.125  11
2000.152  12
2000.179  13
2000.206  13
2000.234  14
2000.261  14
2000.289  14
2000.316  15
2000.343  15
2000.371  15
2000.398  15
2000.425  15
2000.452  15
2000.479  15
2000.507  15
2000.534  14
2000.561  14
2000.589  14
2000.616  14
2000.644  13
2000.671  13
2000.699  13
2000.726  13
2000.753  12
2000.781  12
2000.808  12
2000.834  12
2000.862  12
2000.889  12
2000.916  11
2000.944  11
2000.971  12
2000.999  12
2001.026  12
2001.053  12
2001.081  12
2001.108  13
2001.136  13
2001.163  14
2001.191  14
2001.218  15
2001.246  16
2001.273  17
2001.3  18
2001.328  19
2001.355  20
2001.382  22
2001.41  23
2001.437  24
2001.465  26
2001.492  28
2001.519  30
2001.547  31
2001.574  33
2001.602  35
2001.629  37
2001.656  38
2001.684  40
2001.711  42
2001.739  44
2001.766  45
2001.793  47
2001.821  48
2001.848  49
2001.875  50
2001.903  51
2001.93  52
2001.957  53
2001.985  54
2002.012  54
2002.04  54
2002.067  55
2002.095  54
2002.122  54
2002.149  54
2002.177  53
2002.204  53
2002.232  52
2002.259  51
2002.287  50
2002.314  49
2002.341  48
2002.369  47
2002.396  46
2002.424  45
2002.451  43
2002.478  42
2002.506  41
2002.533  40
2002.56  39
2002.588  38
2002.615  37
2002.643  36
2002.67  35
2002.698  34
2002.725  33
2002.752  33
2002.78  32
2002.807  32
2002.834  31
2002.862  31
2002.889  31
2002.916  31
2002.944  31
2002.971  32
2002.999  32
2003.026  32
2003.053  33
2003.081  34
2003.108  34
2003.136  35
2003.163  36
2003.191  37
2003.218  38
2003.246  40
2003.273  41
2003.3  42
2003.328  44
2003.355  45
2003.382  47
2003.41  48
2003.437  50
2003.465  51
2003.492  53
2003.519  55
2003.547  56
2003.574  58
2003.602  59
2003.629  61
2003.656  62
2003.684  64
2003.711  65
2003.739  66
2003.766  67
2003.793  68
2003.821  69
2003.848  70
2003.875  71
2003.903  71
2003.93  72
2003.957  72
2003.985  73
2004.012  73
2004.04  73
2004.067  73
2004.095  73
2004.122  73
2004.149  72
2004.176  72
2004.204  72
2004.231  71
2004.259  70
2004.286  70
2004.313  69
2004.341  68
2004.368  68
2004.395  67
2004.422  66
2004.449  65
2004.477  65
2004.504  64
2004.531  63
2004.559  62
2004.586  61
2004.614  61
2004.641  60
2004.668  59
2004.696  58
2004.723  58
2004.75  57
2004.778  57
2004.805  56
2004.833  56
2004.859  55
2004.886  55
2004.914  54
2004.941  54
2004.968  54
2004.996  54
2005.023  53
2005.051  53
2005.078  53
2005.106  53
2005.133  53
2005.16  53
2005.188  53
2005.215  54
2005.243  54
2005.27  54
2005.298  54
2005.325  55
2005.352  55
2005.38  55
2005.407  55
2005.435  56
2005.462  56
2005.489  56
2005.517  57
2005.544  57
2005.571  57
2005.599  58
2005.626  58
2005.654  58
2005.681  58
2005.708  58
2005.736  58
2005.763  58
2005.79  58
2005.818  58
2005.845  58
2005.873  58
2005.9  58
2005.927  58
2005.955  58
2005.982  58
2006.01  57
2006.037  57
2006.064  57
2006.092  57
2006.119  57
2006.147  57
2006.174  57
2006.202  56
2006.229  56
2006.257  56
2006.284  56
2006.311  56
2006.339  56
2006.366  56
2006.393  57
2006.421  57
2006.448  57
2006.476  57
2006.503  57
2006.53  57
2006.558  57
2006.585  57
2006.613  58
2006.64  58
2006.667  58
2006.695  58
2006.722  58
2006.749  58
2006.777  58
2006.804  58
2006.832  58
2006.859  58
2006.886  58
2006.914  58
2006.941  58
2006.968  58
2006.996  58
2007.023  58
2007.051  58
2007.078  58
2007.106  58
2007.133  57
2007.16  57
2007.188  57
2007.215  57
2007.243  57
2007.27  56
2007.298  56
2007.325  56
2007.352  56
2007.38  55
2007.407  55
2007.435  55
2007.462  54
2007.489  54
2007.517  54
2007.544  54
2007.571  53
2007.599  53
2007.626  53
2007.654  52
2007.681  52
2007.708  52
2007.736  51
2007.763  51
2007.79  51
2007.818  51
2007.845  51
2007.873  51
2007.9  50
2007.927  50
2007.955  50
2007.982  50
2008.01  50
2008.037  51
2008.064  51
2008.092  51
2008.119  51
2008.147  51
2008.174  51
2008.201  52
2008.228  52
2008.256  52
2008.283  53
2008.311  53
2008.338  53
2008.365  54
2008.393  54
2008.419  55
2008.447  55
2008.474  55
2008.501  56
2008.529  56
2008.556  56
2008.583  56
2008.611  57
2008.638  57
2008.666  57
2008.693  57
2008.72  57
2008.748  57
2008.775  57
2008.802  57
2008.83  57
2008.856  57
2008.884  57
2008.911  57
2008.938  56
2008.966  56
2008.993  56
2009.021  56
2009.048  56
2009.075  55
2009.103  55
2009.13  55
2009.158  55
2009.185  54
2009.213  54
2009.24  54
2009.268  54
2009.295  54
2009.322  53
2009.35  53
2009.377  53
2009.404  53
2009.432  53
2009.459  53
2009.487  53
2009.514  53
2009.541  53
2009.569  53
2009.596  52
2009.623  52
2009.651  52
2009.678  52
2009.706  52
2009.733  52
2009.76  52
2009.788  52
2009.815  52
2009.843  51
2009.87  51
2009.897  51
2009.925  51
2009.952  51
2009.979  50
2010.007  50
2010.034  50
2010.062  50
2010.089  50
2010.117  49
2010.144  49
2010.172  49
2010.199  49
2010.226  48
2010.254  48
2010.281  48
2010.309  47
2010.336  47
2010.363  47
2010.391  46
2010.418  46
2010.446  46
2010.473  45
2010.5  45
2010.528  45
2010.555  44
2010.582  44
2010.61  44
2010.637  43
2010.665  43
2010.692  42
2010.719  42
2010.747  41
2010.774  41
2010.801  41
2010.829  40
2010.856  40
2010.884  40
2010.911  39
2010.938  39
2010.966  39
2010.993  39
2011.021  38
2011.048  38
2011.075  38
2011.103  38
2011.13  38
2011.158  38
2011.185  38
2011.213  38
2011.24  38
2011.268  39
2011.295  39
2011.322  39
2011.35  39
2011.377  40
2011.404  40
2011.432  40
2011.459  41
2011.487  41
2011.514  42
2011.541  42
2011.569  42
2011.596  43
2011.623  43
2011.651  43
2011.678  43
2011.706  44
2011.733  44
2011.76  44
2011.788  44
2011.815  44
2011.843  44
2011.87  44
2011.897  44
2011.925  44
2011.952  44
2011.979  43
2012.007  43
2012.034  43
2012.062  43
2012.089  42
2012.117  42
2012.144  42
2012.171  41
2012.198  41
2012.226  41
2012.253  40
2012.281  40
2012.308  39
2012.335  38
2012.363  38
2012.39  37
2012.416  37
2012.444  36
2012.471  35
2012.498  35
2012.526  34
2012.553  33
2012.581  32
2012.608  31
2012.635  31
2012.663  30
2012.69  29
2012.718  28
2012.745  27
2012.772  26
2012.8  25
2012.827  24
2012.854  23
2012.881  22
2012.908  21
2012.936  20
2012.963  19
2012.99  18
2013.018  17
2013.045  16
2013.073  15
2013.1  14
2013.127  14
2013.155  13
2013.183  12
2013.21  11
2013.237  10
2013.265  9
2013.292  8
2013.32  7
2013.347  6
2013.374  5
2013.402  4
2013.429  4
2013.456  3
2013.484  2
2013.511  1
2013.538  0
2013.566  -1
2013.593  -1
2013.621  -2
2013.648  -3
2013.676  -4
2013.703  -4
2013.73  -5
2013.758  -6
2013.785  -6
2013.812  -7
2013.84  -7
2013.867  -8
2013.895  -9
2013.922  -9
2013.949  -10
2013.977  -10
2014.004  -11
2014.032  -11
2014.059  -11
2014.086  -12
2014.114  -12
2014.141  -13
2014.169  -13
2014.196  -14
2014.224  -14
2014.251  -15
2014.279  -15
2014.306  -16
2014.333  -16
2014.361  -17
2014.388  -18
2014.415  -18
2014.443  -19
2014.47  -20
2014.497  -21
2014.525  -22
2014.552  -23
2014.58  -24
2014.607  -25
2014.634  -26
2014.662  -27
2014.689  -28
2014.717  -29
2014.744  -31
2014.771  -32
2014.799  -33
2014.826  -35
2014.854  -36
2014.881  -38
2014.908  -39
2014.936  -41
2014.963  -42
2014.99  -44
2015.018  -45
2015.045  -47
2015.073  -48
2015.1  -50
2015.127  -51
2015.155  -53
2015.183  -54
2015.21  -56
2015.237  -57
2015.265  -59
2015.292  -60
2015.32  -61
2015.347  -63
2015.374  -64
2015.402  -66
2015.429  -67
2015.456  -69
2015.484  -70
2015.511  -71
2015.538  -72
2015.566  -73
2015.593  -75
2015.621  -76
2015.648  -77
2015.676  -77
2015.703  -78
2015.73  -79
2015.758  -80
2015.785  -80
2015.812  -81
2015.84  -81
2015.867  -82
2015.895  -82
2015.922  -82
2015.949  -82
2015.977  -82
2016.004  -82
2016.032  -82
2016.059  -82
2016.086  -81
2016.114  -81
2016.141  -81
2016.168  -80
2016.196  -80
2016.223  -80
2016.25  -79
2016.278  -79
2016.305  -78
2016.332  -78
2016.36  -77
2016.387  -77
2016.415  -76
2016.441  -75
2016.468  -75
2016.496  -74
2016.523  -74
2016.55  -74
2016.578  -73
2016.605  -73
2016.633  -72
2016.66  -72
2016.688  -72
2016.715  -71
2016.742  -71
2016.77  -71
2016.797  -71
2016.824  -70
2016.851  -70
2016.878  -70
2016.906  -70
2016.933  -70
2016.96  -70
2016.988  -70
2017.015  -70
2017.042  -69
2017.07  -69
2017.097  -69
2017.125  -69
2017.152  -69
2017.18  -69
2017.207  -69
2017.235  -70
2017.262  -70
2017.289  -70
2017.317  -70
2017.344  -70
2017.371  -70
2017.399  -70
2017.426  -70
2017.454  -71
2017.481  -71
2017.508  -71
2017.536  -71
2017.563  -71
2017.591  -71
2017.618  -71
2017.645  -72
2017.673  -72
2017.7  -72
2017.728  -72
2017.755  -72
2017.782  -72
2017.81  -72
2017.837  -72
2017.865  -72
2017.892  -72
2017.919  -71
2017.947  -71
2017.974  -71
2018.001  -71
2018.029  -71
2018.056  -71
2018.084  -70
2018.111  -70
2018.138  -70
2018.166  -70
2018.194  -69
2018.221  -69
2018.248  -69
2018.276  -68
2018.303  -68
2018.33  -68
2018.358  -67
2018.385  -67
2018.413  -67
2018.44  -66
2018.467  -66
2018.495  -66
2018.522  -65
2018.549  -65
2018.577  -65
2018.604  -64
2018.632  -64
2018.659  -63
2018.687  -63
2018.714  -63
2018.741  -62
2018.769  -62
2018.796  -61
2018.823  -61
2018.851  -60
2018.878  -60
2018.906  -60
2018.933  -59
2018.96  -59
2018.988  -59
2019.015  -58
2019.042  -58
2019.07  -58
2019.097  -58
2019.125  -57
2019.152  -57
2019.18  -57
2019.207  -57
2019.235  -57
2019.262  -56
2019.289  -56
2019.317  -56
2019.344  -56
2019.371  -56
2019.399  -56
2019.426  -56
2019.454  -55
2019.481  -55
2019.508  -55
2019.536  -55
2019.563  -55
2019.591  -55
2019.618  -55
2019.645  -55
2019.673  -55
2019.7  -55
2019.728  -55
2019.755  -55
2019.782  -55
2019.81  -55
2019.837  -55
2019.865  -55
2019.892  -55
2019.919  -55
2019.947  -55
2019.974  -55
2020.001  -55
2020.029  XXX
2020.056  XXX
2020.084  -56
2020.111  -56
2020.138  -56
2020.165  -56
2020.193  -57
2020.22  -57
2020.248  -58
2020.275  -58
2020.302  -58
2020.33  -59
2020.357  -59
2020.384  -60
2020.412  -60
2020.438  -61
2020.466  -62
