1976.404      6.800
1976.477      6.200
1976.553      6.800
1976.627      4.000
1976.701      6.700
1976.778      7.900
1976.851      7.100
1976.925      7.400
1976.999      6.600
1977.075      7.700
1977.149      4.400
1977.224      8.600
1977.298     13.700
1977.374     14.000
1977.448     15.500
1977.522     11.800
1977.599     10.000
1977.673     12.500
1977.747     12.300
1977.821     12.400
1977.897     16.300
1977.971     15.700
1978.045     26.700
1978.119     36.100
1978.196     32.700
1978.270     26.500
1978.344     30.400
1978.421     24.500
1978.495     27.100
1978.569     26.400
1978.643     34.100
1978.719     51.300
1978.793     46.500
1978.867     43.900
1978.941     45.300
1979.018     47.500
1979.092     59.200
1979.166     55.200
1979.243     65.400
1979.317     67.600
1979.391     62.500
1979.465     66.300
1979.541     71.500
1979.615     62.000
1979.689     70.600
1979.766     73.800
1979.840     70.900
1979.914     69.100
1979.988     72.000
1980.064     65.100
1980.138     69.800
1980.212     64.800
1980.286     50.400
1980.363     41.000
1980.436     31.200
1980.509     44.000
1980.586     48.500
1980.660     42.700
1980.734     44.200
1980.808     47.300
1980.884     47.300
1980.957     37.300
1981.032     40.000
1981.106     50.000
1981.183     49.700
1981.257     54.600
1981.330     47.600
1981.407     42.200
1981.481     44.400
1981.555     36.900
1981.629     31.100
1981.706     35.000
1981.780     33.300
1981.854     27.200
1981.930     28.000
1982.004     29.800
1982.078     37.300
1982.152     31.400
1982.229     38.900
1982.303     41.500
1982.377     44.900
1982.451     48.900
1982.528     47.800
1982.602     49.100
1982.676     46.700
1982.752     34.700
1982.826     28.200
1982.900     24.300
1982.974     26.100
1983.051     32.900
1983.125     28.000
1983.199     27.400
1983.273     33.000
1983.350     31.200
1983.424     24.300
1983.497     25.100
1983.574     25.000
1983.648     23.400
1983.722     21.800
1983.796     18.200
1983.873     20.000
1983.947     15.700
1984.021     17.400
1984.095     20.000
1984.171     23.800
1984.245     23.900
1984.319     24.100
1984.395     23.900
1984.468     23.800
1984.542     22.100
1984.616     24.100
1984.693     21.800
1984.767     19.000
1984.840     16.700
1984.916     13.000
1984.990     10.400
1985.064      9.000
1985.138      6.300
1985.215      6.400
1985.289      5.000
1985.363      5.700
1985.437      6.800
1985.514      7.100
1985.588      6.700
1985.662      7.800
1985.739      8.800
1985.812      7.700
1985.886      6.900
1985.960      6.900
1986.037      6.900
1986.111      8.100
1986.185      7.700
1986.259      6.000
1986.336      4.200
1986.410      4.000
1986.484      3.800
1986.560      4.500
1986.634      3.600
1986.708      3.800
1986.782      7.300
1986.859      4.900
1986.933      5.100
1987.007      3.900
1987.081      3.300
1987.158      3.400
1987.232      3.700
1987.306      4.800
1987.382      9.700
1987.456      9.700
1987.530     11.600
1987.604     15.800
1987.681     21.300
1987.755     15.300
1987.829     14.500
1987.906     10.800
1987.979     11.200
1988.053     14.600
1988.127     19.800
1988.204     28.500
1988.278     19.800
1988.352     28.500
1988.425     31.100
1988.501     30.200
1988.575     38.700
1988.649     44.700
1988.726     36.900
1988.800     34.800
1988.873     32.600
1988.947     43.600
1989.023     45.200
1989.097     61.100
1989.172     59.300
1989.246     61.000
1989.322     60.500
1989.396     75.000
1989.470     73.300
1989.547     72.800
1989.621     68.700
1989.695     61.600
1989.769     70.900
1989.845     74.200
1989.919     72.300
1989.993     74.700
1990.070     74.300
1990.144     74.500
1990.218     69.100
1990.292     63.100
1990.369     68.500
1990.443     64.000
1990.517     72.100
1990.591     71.100
1990.667     71.100
1990.741     72.500
1990.815     66.100
1990.892     63.200
1990.966     44.000
1991.040     60.900
1991.114     63.300
1991.191     58.300
1991.265     54.500
1991.339     49.400
1991.413     49.100
1991.489     51.400
1991.563     47.100
1991.637     41.000
1991.714     41.100
1991.788     40.300
1991.862     38.000
1991.936     30.800
1992.012     27.600
1992.086     22.600
1992.160     24.300
1992.234     25.600
1992.311     19.500
1992.384      9.300
1992.457     15.400
1992.534     17.500
1992.608     16.300
1992.682     16.000
1992.756     16.300
1992.833     17.000
1992.906     17.600
1992.979     23.500
1993.056     21.300
1993.130     19.500
1993.204     21.500
1993.279     19.800
1993.355     20.800
1993.429     18.600
1993.503     14.900
1993.577     17.000
1993.654     15.500
1993.728     17.300
1993.801     14.600
1993.878     17.100
1993.952     18.500
1994.026     18.000
1994.100     17.700
1994.177     17.500
1994.251     17.300
1994.325     17.500
1994.399     15.100
1994.476     12.300
1994.549     10.000
1994.623     10.400
1994.700     11.200
1994.774     10.700
1994.848     10.700
1994.922      9.100
1994.999      9.800
1995.073      8.600
1995.147      7.700
1995.224     11.600
1995.298     10.200
1995.371     10.000
1995.446     10.300
1995.522     10.000
1995.596      6.800
1995.670      7.200
1995.744      5.900
1995.821      5.300
1995.895      5.400
1995.968      4.300
1996.045      3.000
1996.119      2.800
1996.193      4.500
1996.267      5.000
1996.343      4.200
1996.416      4.800
1996.490      6.100
1996.564      7.700
1996.641      9.300
1996.715     10.000
1996.789      6.300
1996.865      7.100
1996.938      9.800
1997.012      8.500
1997.086      5.100
1997.163      2.700
1997.237      3.700
1997.311      4.900
1997.385      4.400
1997.462      4.500
1997.536      7.000
1997.610     13.900
1997.687     12.600
1997.760      8.400
1997.834      3.500
1997.908      6.700
1997.985      9.100
1998.059     17.800
1998.133     15.700
1998.210     33.900
1998.284     34.700
1998.358     24.000
1998.432     29.800
1998.508     28.200
1998.582     16.000
1998.656     20.600
1998.730     16.800
1998.807     28.000
1998.881     43.100
1998.955     50.900
1999.032     42.500
1999.106     50.500
1999.180     48.100
1999.254     46.500
1999.330     49.300
1999.404     55.000
1999.478     70.300
1999.552     74.500
1999.629     72.100
1999.703     72.900
1999.777     60.400
1999.854     67.600
1999.927     71.500
2000.001     73.900
2000.075     74.500
2000.152     74.500
2000.226     73.600
2000.300     72.600
2000.373     63.600
2000.449     73.700
2000.523     56.700
2000.597     57.300
2000.674     63.400
2000.748     49.900
2000.822     44.800
2000.895     54.300
2000.971     52.300
2001.045     19.600
2001.119     18.700
2001.196     10.800
2001.270     39.900
2001.344     50.300
2001.418     46.800
2001.495     49.400
2001.569     36.100
2001.643     29.300
2001.717     27.600
2001.793     37.000
2001.867     42.100
2001.941     37.900
2002.018     40.500
2002.092     49.600
2002.166     42.600
2002.240     46.200
2002.317     44.800
2002.391     37.300
2002.465     38.300
2002.538     43.100
2002.615     36.100
2002.689     55.800
2002.763     45.400
2002.840     38.100
2002.914     45.300
2002.988     50.200
2003.062     51.500
2003.138     43.800
2003.213     39.900
2003.287     39.400
2003.363     42.400
2003.437     42.000
2003.511     43.600
2003.585     39.200
2003.662     36.700
2003.736     31.900
2003.810     44.900
2003.884     42.200
2003.960     45.500
2004.034     49.600
2004.108     38.500
2004.185     31.800
2004.259     36.300
2004.332     33.600
2004.406     30.100
2004.482     30.800
2004.556     34.300
2004.630     26.400
2004.704     23.200
2004.781     23.400
2004.854     33.300
2004.927     35.800
2005.004     32.200
2005.078     41.100
2005.152     38.200
2005.226     32.000
2005.303     23.800
2005.377     20.800
2005.451     21.600
2005.525     22.800
2005.602     17.800
2005.676     20.600
2005.749     22.400
2005.826     22.700
2005.900     24.100
2005.974     18.800
2006.048      9.700
2006.125     16.800
2006.199     18.000
2006.273     17.600
2006.350     12.600
2006.424     15.000
2006.497     16.700
2006.571     18.700
2006.648     18.400
2006.722     11.000
2006.796     10.900
2006.870     11.600
2006.947     16.800
2007.021     15.900
2007.095     12.900
2007.172     11.300
2007.246     13.600
2007.320     13.600
2007.393     15.600
2007.470     14.300
2007.544     13.300
2007.618     15.800
2007.692     14.400
2007.769     15.200
2007.843     14.800
2007.916     14.900
2007.993     17.700
2008.067     20.800
2008.141     19.600
2008.215     17.600
2008.291     16.100
2008.365     14.800
2008.438     15.100
2008.512     12.800
2008.589     12.800
2008.663     14.800
2008.737      9.700
2008.813      9.000
2008.886     10.700
2008.960      8.100
2009.034      9.600
2009.111     10.400
2009.185      9.700
2009.259      7.700
2009.336      4.800
2009.410      6.600
2009.484      7.800
2009.558      9.300
2009.634      5.800
2009.708      5.200
2009.782      4.500
2009.856      9.800
2009.933     17.300
2010.007     25.100
2010.081     22.100
2010.158     24.000
2010.232     23.800
2010.306     21.600
2010.380     26.200
2010.456     23.400
2010.530     32.600
2010.604     25.700
2010.678     33.000
2010.755     23.600
2010.829     21.400
2010.903     17.800
2010.979     36.400
2011.053     54.300
2011.127     54.900
2011.202     62.400
2011.279     64.100
2011.352     56.300
2011.426     45.200
2011.503     42.300
2011.577     47.800
2011.651     47.000
2011.725     57.200
2011.801     49.000
2011.875     55.800
2011.949     60.900
2012.023     60.700
2012.100     63.500
2012.174     58.200
2012.248     54.900
2012.324     55.900
2012.398     60.300
2012.471     68.300
2012.545     66.400
2012.622     64.800
2012.696     66.100
2012.770     70.400
2012.843     67.500
2012.919     68.700
2012.993     64.200
2013.067     70.300
2013.144     73.200
2013.218     69.200
2013.292     68.700
2013.366     67.900
2013.443     61.900
2013.517     67.700
2013.591     67.600
2013.665     59.600
2013.741     60.800
2013.815     57.600
2013.889     59.900
2013.966     63.100
2014.040     66.300
2014.114     70.500
2014.188     54.400
2014.265     48.900
2014.339     28.900
2014.413     25.400
2014.489     24.800
2014.563     40.200
2014.637     49.400
2014.711     65.500
2014.788     64.900
2014.862     41.800
2014.936     45.100
2015.010     41.500
2015.086     36.100
2015.160     31.900
2015.235     24.000
2015.311     27.900
2015.385     35.900
2015.459     37.200
2015.533     31.900
2015.610     33.700
2015.684     32.900
2015.758     32.100
2015.832     30.800
2015.908     29.300
2015.982     34.200
2016.056     31.700
2016.133     25.700
2016.206     28.900
2016.281     25.800
2016.354     28.100
2016.430     25.600
2016.504     22.000
2016.578     25.300
2016.655     26.100
2016.729     28.700
2016.802     27.000
2016.875     24.100
2016.952     19.600
2017.026     21.300
2017.100     16.400
2017.174     13.100
2017.251     11.700
2017.325     13.000
2017.399     13.900
2017.476     18.500
2017.549     15.100
2017.623      9.700
2017.698     17.300
2017.774     16.400
2017.848     15.000
2017.922     14.000
2017.996     10.800
2018.073     10.300
2018.147      9.500
2018.221      6.800
2018.298      6.200
2018.371      6.300
2018.446      7.000
2018.519     11.600
2018.596      8.800
2018.670      8.700
2018.744     10.300
2018.818     10.400
2018.895      8.000
2018.968      7.600
2019.042      7.500
2019.119      6.600
2019.194      7.700
2019.268      8.200
2019.341      8.500
2019.418      6.500
2019.492      6.900
2019.566      8.700
2019.643      7.300
2019.717      5.700
2019.790      5.300
2019.865      5.900
2019.941      6.900
2020.015      4.300
2020.089      3.000
2020.163      3.000
2020.239      3.300
2020.313      2.100
2020.387      5.900
2020.463      5.900
