1976.404     -9.000
1976.477     -7.800
1976.553     -5.500
1976.627     -4.000
1976.701     -4.700
1976.778     -8.400
1976.851     -8.500
1976.925     -7.900
1976.999     -8.800
1977.075    -12.900
1977.149     -8.500
1977.224    -13.000
1977.298    -15.400
1977.374    -15.500
1977.448    -17.300
1977.522    -12.200
1977.599    -10.100
1977.673    -14.700
1977.747    -15.200
1977.821    -15.100
1977.897    -23.100
1977.971    -16.900
1978.045    -27.900
1978.119    -33.200
1978.196    -28.000
1978.270    -27.200
1978.344    -28.400
1978.421    -19.400
1978.495    -18.000
1978.569    -22.200
1978.643    -16.500
1978.719    -50.300
1978.793    -51.300
1978.867    -45.400
1978.941    -44.700
1979.018    -47.200
1979.092    -58.000
1979.166    -62.600
1979.243    -69.900
1979.317    -73.400
1979.391    -60.300
1979.465    -57.500
1979.541    -68.400
1979.615    -52.700
1979.689    -67.800
1979.766    -73.400
1979.840    -66.600
1979.914    -65.000
1979.988    -68.900
1980.064    -58.000
1980.138    -75.100
1980.212    -72.700
1980.286    -49.900
1980.363    -44.500
1980.436    -29.200
1980.509    -46.900
1980.586    -47.000
1980.660    -44.600
1980.734    -49.400
1980.808    -50.800
1980.884    -50.900
1980.957    -46.600
1981.032    -48.500
1981.106    -48.400
1981.183    -41.500
1981.257    -44.700
1981.330    -41.700
1981.407    -33.700
1981.481    -45.100
1981.555    -30.200
1981.629    -36.700
1981.706    -35.200
1981.780    -27.700
1981.854    -23.800
1981.930    -31.200
1982.004    -41.400
1982.078    -43.200
1982.152    -31.400
1982.229    -41.500
1982.303    -47.700
1982.377    -47.100
1982.451    -51.500
1982.528    -48.100
1982.602    -50.900
1982.676    -47.300
1982.752    -32.300
1982.826    -24.500
1982.900    -22.300
1982.974    -28.800
1983.051    -31.800
1983.125    -26.300
1983.199    -23.100
1983.273    -30.700
1983.350    -31.600
1983.424    -28.300
1983.497    -27.900
1983.574    -26.200
1983.648    -28.000
1983.722    -24.000
1983.796    -20.700
1983.873    -21.600
1983.947    -16.700
1984.021    -21.700
1984.095    -26.100
1984.171    -25.600
1984.245    -26.300
1984.319    -29.100
1984.395    -27.800
1984.468    -25.900
1984.542    -25.600
1984.616    -26.800
1984.693    -23.500
1984.767    -20.800
1984.840    -18.800
1984.916    -14.900
1984.990    -14.500
1985.064    -12.800
1985.138    -11.100
1985.215     -9.500
1985.289     -7.700
1985.363     -6.900
1985.437     -6.700
1985.514     -6.500
1985.588     -6.300
1985.662     -7.500
1985.739     -6.400
1985.812     -6.700
1985.886     -8.700
1985.960     -9.500
1986.037    -10.700
1986.111    -16.000
1986.185    -14.900
1986.259    -10.300
1986.336     -6.900
1986.410     -6.200
1986.484     -5.000
1986.560     -4.200
1986.634     -2.500
1986.708     -3.200
1986.782     -4.700
1986.859     -4.300
1986.933     -5.600
1987.007     -7.000
1987.081     -7.400
1987.158     -7.300
1987.232     -5.900
1987.306     -6.700
1987.382    -11.400
1987.456    -10.900
1987.530    -10.500
1987.604    -13.100
1987.681    -24.700
1987.755    -13.800
1987.829    -14.900
1987.906    -11.000
1987.979    -11.000
1988.053    -17.100
1988.127    -18.600
1988.204    -31.700
1988.278    -22.300
1988.352    -35.400
1988.425    -37.100
1988.501    -34.700
1988.575    -34.000
1988.649    -44.100
1988.726    -28.300
1988.800    -30.600
1988.873    -36.200
1988.947    -38.300
1989.023    -43.900
1989.097    -61.000
1989.172    -49.100
1989.246    -46.900
1989.322    -46.800
1989.396    -74.900
1989.470    -71.900
1989.547    -73.800
1989.621    -67.800
1989.695    -59.900
1989.769    -71.200
1989.845    -73.500
1989.919    -74.500
1989.993    -74.900
1990.070    -73.600
1990.144    -74.100
1990.218    -69.700
1990.292    -55.200
1990.369    -75.100
1990.443    -71.700
1990.517    -72.000
1990.591    -73.400
1990.667    -69.200
1990.741    -74.400
1990.815    -69.800
1990.892    -70.900
1990.966    -40.900
1991.040    -71.300
1991.114    -70.000
1991.191    -58.500
1991.265    -58.500
1991.339    -52.200
1991.413    -50.700
1991.489    -53.100
1991.563    -50.700
1991.637    -51.300
1991.714    -49.600
1991.788    -47.300
1991.862    -45.400
1991.936    -28.300
1992.012    -28.300
1992.086    -21.000
1992.160    -22.200
1992.234    -24.200
1992.311    -19.500
1992.384    -16.500
1992.457    -21.700
1992.534    -25.300
1992.608    -28.400
1992.682    -25.100
1992.756    -22.900
1992.833    -20.400
1992.906    -26.500
1992.979    -34.600
1993.056    -37.400
1993.130    -33.900
1993.204    -32.300
1993.279    -27.300
1993.355    -25.000
1993.429    -22.900
1993.503    -19.100
1993.577    -19.400
1993.654    -19.100
1993.728    -20.300
1993.801    -17.000
1993.878    -22.400
1993.952    -26.500
1994.026    -27.400
1994.100    -26.700
1994.177    -25.800
1994.251    -24.300
1994.325    -24.700
1994.399    -18.900
1994.476    -16.200
1994.549    -13.200
1994.623    -12.000
1994.700    -12.700
1994.774    -11.500
1994.848    -11.500
1994.922    -12.800
1994.999    -14.400
1995.073    -13.100
1995.147    -11.700
1995.224    -15.800
1995.298    -14.400
1995.371    -13.100
1995.446    -12.000
1995.522    -11.500
1995.596     -7.900
1995.670     -8.400
1995.744     -5.400
1995.821     -7.600
1995.895     -7.900
1995.968     -4.500
1996.045     -2.800
1996.119     -1.800
1996.193     -6.100
1996.267     -5.700
1996.343     -4.600
1996.416     -4.800
1996.490     -2.500
1996.564     -2.900
1996.641     -2.700
1996.715     -4.900
1996.789     -1.100
1996.865     -7.200
1996.938     -8.700
1997.012    -11.900
1997.086     -9.000
1997.163     -3.200
1997.237     -4.500
1997.311     -2.300
1997.385     -2.100
1997.462     -1.800
1997.536     -5.100
1997.610    -10.800
1997.687    -13.300
1997.760     -7.300
1997.834      0.200
1997.908     -2.900
1997.985     -9.600
1998.059    -18.600
1998.133    -17.900
1998.210    -43.600
1998.284    -43.100
1998.358    -27.200
1998.432    -38.200
1998.508    -31.200
1998.582    -11.300
1998.656    -15.000
1998.730     -9.600
1998.807    -31.300
1998.881    -42.000
1998.955    -38.600
1999.032    -39.900
1999.106    -43.400
1999.180    -42.100
1999.254    -52.100
1999.330    -61.500
1999.404    -73.000
1999.478    -74.900
1999.552    -75.000
1999.629    -70.700
1999.703    -72.300
1999.777    -55.200
1999.854    -63.500
1999.927    -69.900
2000.001    -73.300
2000.075    -73.800
2000.152    -74.900
2000.226    -74.500
2000.300    -72.700
2000.373    -67.000
2000.449    -74.300
2000.523    -60.500
2000.597    -45.600
2000.674    -59.900
2000.748    -54.500
2000.822    -39.200
2000.895    -60.400
2000.971    -71.500
2001.045     -9.800
2001.119     -1.800
2001.196     -3.500
2001.270    -44.300
2001.344    -46.200
2001.418    -49.900
2001.495    -52.300
2001.569    -31.900
2001.643    -34.800
2001.717    -32.800
2001.793    -44.300
2001.867    -50.100
2001.941    -40.800
2002.018    -44.500
2002.092    -61.000
2002.166    -40.000
2002.240    -41.200
2002.317    -39.500
2002.391    -32.200
2002.465    -38.300
2002.538    -51.100
2002.615    -37.500
2002.689    -69.400
2002.763    -53.000
2002.840    -42.000
2002.914    -50.300
2002.988    -58.900
2003.062    -55.800
2003.138    -53.900
2003.213    -50.300
2003.287    -50.100
2003.363    -48.800
2003.437    -44.600
2003.511    -42.800
2003.585    -35.000
2003.662    -35.800
2003.736    -29.500
2003.810    -45.300
2003.884    -40.000
2003.960    -46.000
2004.034    -44.300
2004.108    -43.100
2004.185    -34.600
2004.259    -39.800
2004.332    -34.800
2004.406    -33.600
2004.482    -32.800
2004.556    -38.300
2004.630    -26.800
2004.704    -20.800
2004.781    -20.300
2004.854    -34.200
2004.927    -30.100
2005.004    -27.200
2005.078    -26.600
2005.152    -26.700
2005.226    -24.800
2005.303    -18.500
2005.377    -20.800
2005.451    -21.100
2005.525    -23.800
2005.602    -20.000
2005.676    -16.600
2005.749    -19.700
2005.826    -24.000
2005.900    -22.400
2005.974    -20.700
2006.048    -13.000
2006.125    -17.000
2006.199    -25.000
2006.273    -17.000
2006.350    -14.800
2006.424    -15.000
2006.497    -16.500
2006.571    -17.800
2006.648    -19.600
2006.722    -10.600
2006.796    -10.000
2006.870     -9.700
2006.947    -18.700
2007.021    -22.800
2007.095    -19.400
2007.172    -16.700
2007.246    -18.700
2007.320    -16.500
2007.393    -14.500
2007.470    -12.500
2007.544     -8.800
2007.618    -10.000
2007.692    -10.000
2007.769    -13.000
2007.843    -16.900
2007.916    -17.300
2007.993    -22.600
2008.067    -27.300
2008.141    -28.100
2008.215    -25.300
2008.291    -23.500
2008.365    -18.500
2008.438    -15.800
2008.512    -13.700
2008.589    -13.000
2008.663    -14.100
2008.737     -8.000
2008.813     -9.300
2008.886    -10.700
2008.960    -10.600
2009.034    -16.400
2009.111    -17.400
2009.185    -17.700
2009.259    -15.500
2009.336    -10.500
2009.410     -6.800
2009.484     -6.500
2009.558     -6.300
2009.634     -3.500
2009.708     -2.000
2009.782     -1.100
2009.856     -9.600
2009.933    -15.800
2010.007    -22.200
2010.081    -20.600
2010.158    -23.600
2010.232    -22.300
2010.306    -18.600
2010.380    -22.000
2010.456    -22.300
2010.530    -30.500
2010.604    -24.100
2010.678    -35.100
2010.755    -23.900
2010.829    -26.000
2010.903    -24.100
2010.979    -29.600
2011.053    -33.800
2011.127    -38.100
2011.202    -51.600
2011.279    -53.700
2011.352    -42.800
2011.426    -39.400
2011.503    -42.700
2011.577    -45.600
2011.651    -46.000
2011.725    -54.600
2011.801    -48.300
2011.875    -43.000
2011.949    -48.600
2012.023    -48.900
2012.100    -53.200
2012.174    -41.900
2012.248    -43.700
2012.324    -48.300
2012.398    -63.400
2012.471    -66.100
2012.545    -65.200
2012.622    -66.100
2012.696    -59.300
2012.770    -72.400
2012.843    -75.000
2012.919    -73.900
2012.993    -72.400
2013.067    -70.800
2013.144    -73.600
2013.218    -73.600
2013.292    -73.700
2013.366    -60.800
2013.443    -50.900
2013.517    -65.500
2013.591    -64.200
2013.665    -55.900
2013.741    -62.500
2013.815    -57.600
2013.889    -44.900
2013.966    -51.900
2014.040    -58.000
2014.114    -66.200
2014.188    -39.400
2014.265    -46.500
2014.339    -39.400
2014.413    -33.600
2014.489    -27.300
2014.563    -48.600
2014.637    -53.100
2014.711    -60.000
2014.788    -65.100
2014.862    -56.000
2014.936    -53.700
2015.010    -51.200
2015.086    -44.000
2015.160    -37.400
2015.235    -32.000
2015.311    -30.500
2015.385    -34.500
2015.459    -29.000
2015.533    -24.800
2015.610    -25.400
2015.684    -23.700
2015.758    -24.000
2015.832    -28.300
2015.908    -27.700
2015.982    -29.900
2016.056    -32.400
2016.133    -28.000
2016.206    -27.500
2016.281    -22.600
2016.354    -23.600
2016.430    -23.800
2016.504    -24.900
2016.578    -26.100
2016.655    -26.500
2016.729    -27.300
2016.802    -27.600
2016.875    -24.000
2016.952    -22.800
2017.026    -23.300
2017.100    -16.700
2017.174    -14.400
2017.251    -12.200
2017.325    -10.400
2017.399    -10.800
2017.476    -13.400
2017.549    -12.300
2017.623    -10.100
2017.698    -11.300
2017.774    -11.100
2017.848    -10.900
2017.922    -11.000
2017.996    -10.000
2018.073    -11.300
2018.147     -8.900
2018.221     -9.400
2018.298     -6.600
2018.371     -2.900
2018.446     -4.800
2018.519    -11.600
2018.596     -5.500
2018.670     -3.500
2018.744     -7.600
2018.818     -8.000
2018.895     -8.700
2018.968     -8.300
2019.042    -10.700
2019.119     -8.600
2019.194     -9.300
2019.268    -10.000
2019.341     -9.400
2019.418     -6.500
2019.492     -6.100
2019.566     -6.800
2019.643     -4.700
2019.717     -2.400
2019.790     -3.400
2019.865     -4.800
2019.941     -7.700
2020.015     -6.600
2020.089     -4.800
2020.163     -3.600
2020.239     -3.900
2020.313     -2.400
2020.387     -6.800
2020.463     -6.800
