1976.404    -15.500
1976.477    -14.800
1976.553    -13.500
1976.627    -14.200
1976.701    -15.000
1976.778    -18.100
1976.851    -14.600
1976.925    -15.100
1976.999    -19.200
1977.075    -18.300
1977.149    -15.600
1977.224    -29.000
1977.298    -31.200
1977.374    -35.300
1977.448    -38.000
1977.522    -30.100
1977.599    -24.400
1977.673    -26.200
1977.747    -28.900
1977.821    -29.200
1977.897    -41.600
1977.971    -29.000
1978.045    -52.000
1978.119    -54.100
1978.196    -50.100
1978.270    -47.200
1978.344    -49.300
1978.421    -39.400
1978.495    -37.100
1978.569    -35.800
1978.643    -51.600
1978.719    -64.300
1978.793    -65.700
1978.867    -61.300
1978.941    -65.700
1979.018    -66.300
1979.092    -75.000
1979.166    -74.500
1979.243    -74.400
1979.317    -73.300
1979.391    -75.000
1979.465    -73.700
1979.541    -75.000
1979.615    -73.200
1979.689    -74.000
1979.766    -74.900
1979.840    -75.100
1979.914    -66.300
1979.988    -75.000
1980.064    -73.400
1980.138    -74.800
1980.212    -74.600
1980.286    -74.600
1980.363    -60.900
1980.436    -47.800
1980.509    -58.500
1980.586    -66.100
1980.660    -61.000
1980.734    -66.900
1980.808    -69.100
1980.884    -67.600
1980.957    -61.700
1981.032    -66.500
1981.106    -63.600
1981.183    -56.400
1981.257    -59.000
1981.330    -59.000
1981.407    -55.500
1981.481    -71.700
1981.555    -52.800
1981.629    -60.800
1981.706    -59.700
1981.780    -51.300
1981.854    -51.900
1981.930    -55.500
1982.004    -63.300
1982.078    -54.400
1982.152    -40.900
1982.229    -50.500
1982.303    -60.900
1982.377    -59.100
1982.451    -58.400
1982.528    -57.100
1982.602    -59.200
1982.676    -60.200
1982.752    -49.900
1982.826    -42.800
1982.900    -45.000
1982.974    -47.300
1983.051    -47.500
1983.125    -45.800
1983.199    -38.000
1983.273    -46.200
1983.350    -50.600
1983.424    -48.500
1983.497    -50.000
1983.574    -46.100
1983.648    -45.900
1983.722    -43.200
1983.796    -39.500
1983.873    -38.400
1983.947    -27.800
1984.021    -33.500
1984.095    -38.400
1984.171    -40.300
1984.245    -43.300
1984.319    -45.600
1984.395    -44.900
1984.468    -43.800
1984.542    -42.000
1984.616    -42.600
1984.693    -40.200
1984.767    -36.700
1984.840    -33.500
1984.916    -29.200
1984.990    -27.900
1985.064    -21.500
1985.138    -19.700
1985.215    -16.900
1985.289    -15.900
1985.363    -14.900
1985.437    -16.800
1985.514    -17.900
1985.588    -17.100
1985.662    -16.800
1985.739    -15.900
1985.812    -17.100
1985.886    -18.600
1985.960    -17.400
1986.037    -16.600
1986.111    -23.900
1986.185    -20.900
1986.259    -16.000
1986.336    -15.400
1986.410    -13.300
1986.484    -11.600
1986.560     -9.400
1986.634     -9.600
1986.708     -8.600
1986.782     -7.400
1986.859     -5.200
1986.933     -8.900
1987.007     -9.400
1987.081    -10.500
1987.158    -10.500
1987.232     -9.700
1987.306    -10.000
1987.382    -18.400
1987.456    -18.600
1987.530    -14.700
1987.604    -17.900
1987.681    -42.000
1987.755    -23.900
1987.829    -30.200
1987.906    -25.600
1987.979    -26.200
1988.053    -28.500
1988.127    -32.500
1988.204    -48.000
1988.278    -40.400
1988.352    -53.300
1988.425    -50.300
1988.501    -45.300
1988.575    -41.500
1988.649    -54.000
1988.726    -37.200
1988.800    -38.500
1988.873    -50.700
1988.947    -52.100
1989.023    -58.300
1989.097    -67.800
1989.172    -60.400
1989.246    -64.700
1989.322    -65.300
1989.396    -73.200
1989.470    -74.400
1989.547    -74.800
1989.621    -75.200
1989.695    -74.500
1989.769    -53.600
1989.845    -59.200
1989.919    -64.100
1989.993    -65.900
1990.070    -66.000
1990.144    -73.900
1990.218    -75.100
1990.292    -65.300
1990.369    -75.100
1990.443    -74.600
1990.517    -74.500
1990.591    -55.200
1990.667    -74.100
1990.741    -74.700
1990.815    -75.100
1990.892    -63.400
1990.966    -53.600
1991.040    -67.900
1991.114    -70.200
1991.191    -63.400
1991.265    -64.300
1991.339    -61.600
1991.413    -63.000
1991.489    -65.000
1991.563    -64.800
1991.637    -66.800
1991.714    -65.400
1991.788    -62.700
1991.862    -60.100
1991.936    -47.200
1992.012    -44.100
1992.086    -38.500
1992.160    -38.700
1992.234    -39.700
1992.311    -39.100
1992.384    -28.500
1992.457    -36.800
1992.534    -43.100
1992.608    -46.100
1992.682    -44.500
1992.756    -41.700
1992.833    -38.500
1992.906    -46.400
1992.979    -50.400
1993.056    -52.200
1993.130    -48.100
1993.204    -47.300
1993.279    -42.500
1993.355    -38.800
1993.429    -42.500
1993.503    -40.800
1993.577    -41.100
1993.654    -38.600
1993.728    -32.900
1993.801    -31.100
1993.878    -37.400
1993.952    -41.600
1994.026    -43.300
1994.100    -43.100
1994.177    -42.600
1994.251    -42.000
1994.325    -40.300
1994.399    -35.600
1994.476    -30.800
1994.549    -26.900
1994.623    -26.400
1994.700    -28.900
1994.774    -26.800
1994.848    -25.600
1994.922    -28.300
1994.999    -26.500
1995.073    -27.200
1995.147    -22.000
1995.224    -31.300
1995.298    -31.300
1995.371    -31.600
1995.446    -29.700
1995.522    -26.500
1995.596    -19.300
1995.670    -19.900
1995.744    -15.700
1995.821    -16.200
1995.895    -16.500
1995.968    -10.700
1996.045     -9.500
1996.119     -5.000
1996.193    -16.600
1996.267    -15.900
1996.343    -11.500
1996.416    -11.800
1996.490    -14.700
1996.564    -16.700
1996.641    -21.500
1996.715    -22.600
1996.789    -15.800
1996.865    -18.500
1996.938    -21.900
1997.012    -29.000
1997.086    -19.400
1997.163     -6.800
1997.237    -11.500
1997.311     -6.000
1997.385     -9.100
1997.462     -9.300
1997.536    -20.800
1997.610    -29.900
1997.687    -37.000
1997.760    -18.600
1997.834    -13.000
1997.908    -22.000
1997.985    -29.000
1998.059    -40.800
1998.133    -34.000
1998.210    -63.400
1998.284    -63.000
1998.358    -48.600
1998.432    -56.800
1998.508    -56.800
1998.582    -43.700
1998.656    -48.800
1998.730    -39.800
1998.807    -47.400
1998.881    -60.500
1998.955    -54.500
1999.032    -58.400
1999.106    -60.900
1999.180    -52.900
1999.254    -60.100
1999.330    -74.900
1999.404    -74.100
1999.478    -75.100
1999.552    -75.100
1999.629    -71.500
1999.703    -67.400
1999.777    -71.100
1999.854    -74.600
1999.927    -74.700
2000.001    -74.300
2000.075    -72.000
2000.152    -71.300
2000.226    -64.400
2000.300    -74.700
2000.373    -68.300
2000.449    -69.600
2000.523    -69.500
2000.597    -58.800
2000.674    -69.900
2000.748    -67.900
2000.822    -60.100
2000.895    -70.100
2000.971    -66.000
2001.045    -50.600
2001.119    -52.900
2001.196    -44.800
2001.270    -59.100
2001.344    -66.100
2001.418    -65.500
2001.495    -63.100
2001.569    -57.000
2001.643    -58.400
2001.717    -50.300
2001.793    -54.800
2001.867    -63.000
2001.941    -65.900
2002.018    -67.200
2002.092    -75.100
2002.166    -63.100
2002.240    -60.400
2002.317    -55.700
2002.391    -52.300
2002.465    -58.000
2002.538    -63.700
2002.615    -51.900
2002.689    -68.900
2002.763    -65.300
2002.840    -58.500
2002.914    -61.100
2002.988    -66.400
2003.062    -67.200
2003.138    -66.600
2003.213    -65.000
2003.287    -65.900
2003.363    -65.300
2003.437    -61.700
2003.511    -61.800
2003.585    -56.800
2003.662    -55.600
2003.736    -51.500
2003.810    -61.900
2003.884    -53.900
2003.960    -58.700
2004.034    -60.100
2004.108    -56.300
2004.185    -51.700
2004.259    -55.700
2004.332    -53.200
2004.406    -52.300
2004.482    -50.900
2004.556    -49.200
2004.630    -40.000
2004.704    -39.600
2004.781    -37.800
2004.854    -50.500
2004.927    -48.500
2005.004    -41.700
2005.078    -35.000
2005.152    -36.400
2005.226    -34.400
2005.303    -34.100
2005.377    -38.800
2005.451    -38.900
2005.525    -42.300
2005.602    -40.500
2005.676    -40.600
2005.749    -41.700
2005.826    -44.200
2005.900    -43.900
2005.974    -39.900
2006.048    -30.700
2006.125    -33.600
2006.199    -41.600
2006.273    -43.100
2006.350    -34.200
2006.424    -36.000
2006.497    -38.000
2006.571    -38.600
2006.648    -40.300
2006.722    -30.200
2006.796    -31.700
2006.870    -37.300
2006.947    -40.000
2007.021    -40.900
2007.095    -38.600
2007.172    -36.300
2007.246    -40.600
2007.320    -39.500
2007.393    -37.900
2007.470    -35.400
2007.544    -32.400
2007.618    -32.600
2007.692    -32.500
2007.769    -32.200
2007.843    -37.200
2007.916    -37.400
2007.993    -42.200
2008.067    -44.700
2008.141    -44.400
2008.215    -43.300
2008.291    -43.500
2008.365    -40.500
2008.438    -37.500
2008.512    -33.400
2008.589    -31.700
2008.663    -33.000
2008.737    -28.100
2008.813    -28.200
2008.886    -27.100
2008.960    -23.300
2009.034    -26.800
2009.111    -28.500
2009.185    -28.500
2009.259    -27.200
2009.336    -21.000
2009.410    -18.300
2009.484    -17.800
2009.558    -17.000
2009.634    -11.800
2009.708    -10.500
2009.782     -4.900
2009.856    -15.200
2009.933    -28.500
2010.007    -42.200
2010.081    -36.300
2010.158    -31.600
2010.232    -34.000
2010.306    -27.500
2010.380    -27.600
2010.456    -24.100
2010.530    -42.700
2010.604    -38.100
2010.678    -48.500
2010.755    -40.000
2010.829    -40.000
2010.903    -43.100
2010.979    -42.300
2011.053    -45.800
2011.127    -44.700
2011.202    -59.400
2011.279    -64.800
2011.352    -57.000
2011.426    -57.800
2011.503    -63.600
2011.577    -65.400
2011.651    -64.300
2011.725    -67.100
2011.801    -65.300
2011.875    -58.700
2011.949    -65.400
2012.023    -68.500
2012.100    -65.900
2012.174    -51.200
2012.248    -51.700
2012.324    -61.200
2012.398    -74.900
2012.471    -75.100
2012.545    -73.300
2012.622    -71.200
2012.696    -68.300
2012.770    -72.700
2012.843    -74.300
2012.919    -50.900
2012.993    -73.800
2013.067    -68.000
2013.144    -60.500
2013.218    -74.800
2013.292    -74.800
2013.366    -75.100
2013.443    -74.000
2013.517    -70.900
2013.591    -66.900
2013.665    -61.700
2013.741    -66.300
2013.815    -63.000
2013.889    -60.000
2013.966    -58.900
2014.040    -56.300
2014.114    -63.500
2014.188    -45.900
2014.265    -51.100
2014.339    -48.100
2014.413    -43.200
2014.489    -37.700
2014.563    -51.800
2014.637    -57.900
2014.711    -63.600
2014.788    -70.700
2014.862    -64.800
2014.936    -61.800
2015.010    -61.800
2015.086    -55.600
2015.160    -51.100
2015.235    -44.800
2015.311    -42.200
2015.385    -44.400
2015.459    -43.900
2015.533    -38.200
2015.610    -40.600
2015.684    -38.200
2015.758    -40.500
2015.832    -44.700
2015.908    -44.100
2015.982    -44.300
2016.056    -46.800
2016.133    -44.100
2016.206    -42.300
2016.281    -35.900
2016.354    -35.200
2016.430    -36.500
2016.504    -35.000
2016.578    -36.600
2016.655    -37.400
2016.729    -40.600
2016.802    -43.000
2016.875    -41.600
2016.952    -40.100
2017.026    -42.000
2017.100    -33.600
2017.174    -30.500
2017.251    -25.000
2017.325    -25.000
2017.399    -24.200
2017.476    -22.700
2017.549    -18.400
2017.623    -14.700
2017.698    -18.200
2017.774    -20.600
2017.848    -20.400
2017.922    -19.300
2017.996    -14.800
2018.073    -18.000
2018.147    -13.600
2018.221    -14.400
2018.298    -14.000
2018.371     -9.900
2018.446    -14.300
2018.519    -24.300
2018.596    -19.900
2018.670    -22.500
2018.744    -27.500
2018.818    -26.400
2018.895    -24.100
2018.968    -22.800
2019.042    -25.100
2019.119    -18.100
2019.194    -23.900
2019.268    -27.100
2019.341    -27.400
2019.418    -22.400
2019.492    -22.000
2019.566    -21.300
2019.643    -22.400
2019.717    -20.900
2019.790    -19.800
2019.865    -18.100
2019.941    -19.300
2020.015    -14.600
2020.089    -13.300
2020.163     -9.500
2020.239     -9.600
2020.313     -5.800
2020.387    -19.600
2020.463    -19.600
